	IL17.DTT.115	IL17.DTT.116	IL17.DTT.127	IL17.DTT.128	IL17.DTT.139	IL17.DTT.140	IL17.DTT.188	IL17.DTT.199	IL17.DTT.200	IL17.DTT.217	IL17.DTT.218	IL17.DTT.25	IL17.DTT.26	IL17.DTT.103	IL17.DTT.104	IL17.DTT.49	IL17.DTT.50	IL17.DTT.85	IL17.DTT.86	TKO.DTT.1	TKO.DTT.2	TKO.DTT.43	TKO.DTT.44	TKO.DTT.31	TKO.DTT.32	TKO.DTT.19	TKO.DTT.20	TKO.DTT.55	TKO.DTT.56	TKO.DTT.73	TKO.DTT.74	TKO.DTT.91	TKO.DTT.92	TKO.DTT.103	TKO.DTT.104	TKO.DTT.109	TKO.DTT.110	TKO.DTT.127	TKO.DTT.128	TKO.DTT.139	TKO.DTT.140	TKO.DTT.151	TKO.DTT.152
IL17.DTT.115	0.0	2.056279757626428	0.2627080045133406	3.0988419715828797	0.9117270191451234	1.5565762466389	2.4873364213640357	2.6054916185539008	2.9369647713407336	1.4689995685666029	2.053180820523239	1.3502655994630712	1.9037505118715308	0.2915072812908181	1.5538355197511802	0.3147405753924948	1.8866465484925388	0.7691770676900237	2.11771354373151	1.904629443031596	1.211554080525518	0.9519706863979234	2.826128583289495	2.040246481566556	2.99486921608023	2.0508787371435817	2.9824786359442137	1.720286514951498	2.8428541276678554	2.0025272431536214	2.3600391171026978	1.2669890172671117	2.5293210034334286	1.0112153964253716	1.9258298018542184	1.4223813638462814	1.9306890260813643	1.0700794734335766	2.5042699748537767	0.9456255833181034	2.3035757520915032	1.8932704944765648	2.76722326343673
IL17.DTT.116	2.056279757626428	0.0	2.1193696227127075	1.0681232172848536	1.7880019345645886	2.0503334248636493	1.4085132874358677	0.579706550471991	0.8950910148919072	2.684549195763444	0.16170125425855764	3.28213813785664	1.0913372686465612	2.0863678204517706	0.7241203874984513	2.263265685271747	0.5657341092496546	1.3107790357989522	0.06678287833885459	0.738788577804071	1.9588811905985062	2.1753932418298563	1.8883060304031045	2.067349873727527	2.028023729798409	2.2666537864359237	2.4487307796763	1.4578115818981494	2.3874608619483806	2.7447386659646353	2.3659261455390572	2.262751811919356	2.5119586087099295	1.9617664094413607	1.7932284776057004	2.921202890070886	2.0181168990220497	2.432914253582666	1.618274910443975	2.3036791319300156	2.120943709569239	3.0717334462357213	2.362240383300735
IL17.DTT.127	0.2627080045133406	2.1193696227127075	0.0	3.146636627387591	0.8367632270825002	1.4206929221894982	2.402598593232677	2.6624044520414683	2.990961955133796	1.6486162252775969	2.130670064597146	1.2396263787696309	1.8515334742734846	0.06965694520458975	1.5800305690923824	0.5272326796746986	2.012060649142411	0.899921310030038	2.1787514166878776	2.0214513219876995	1.4187552051322958	0.8337344960535062	2.7283822445938952	1.8914282836100857	2.8910745600024925	1.896052564783075	2.850216778396526	1.6051904022382943	2.7051923144841035	1.824659930140071	2.213398423868009	1.0941576123858279	2.3713639127389436	0.8484464591078279	1.7949076610655308	1.2486982833166624	1.8032985152481567	0.9151390038676704	2.4071996698111695	0.821716530480227	2.1702616299657236	1.7104863120781288	2.624815207237792
IL17.DTT.128	3.0988419715828797	1.0681232172848536	3.146636627387591	0.0	2.8025607758769797	2.9371580259449224	1.7573893354104066	0.49982145548887374	0.1854287698525876	3.5605455097987346	1.0766211768648444	4.320525542352438	1.8272898400971673	3.115234334167703	1.7232488151854706	3.310852466039605	1.4071676943612965	2.362291312419918	1.0020659964055094	1.445247473572004	2.845442215361236	3.188222829507784	2.184918051781909	2.7874882903571656	2.252585971064682	3.020837289524995	2.843457698228947	2.225077113497952	2.83047907147903	3.58994031809524	3.031908802743956	3.2136763883100405	3.1319778206392286	2.934829505167925	2.521833452807247	3.9118488659783313	2.7934508851996087	3.4361593374632675	2.0287144407167657	3.322385598398347	2.7611792937522983	3.995308650351183	2.830661333073295
IL17.DTT.139	0.9117270191451234	1.7880019345645886	0.8367632270825002	2.8025607758769797	0.0	0.6834014232628904	1.808758190445153	2.3459939985446154	2.6437886428379413	2.336572143021701	1.8556325174645318	1.6046401502366163	1.2161986421171265	0.7681613856156653	1.090593989418946	1.1494033707449773	1.850260584213001	0.9331812696368634	1.84778331725076	1.9825795781381743	1.905546441146768	0.3877291705185786	2.025279948260595	1.1889070308312195	2.197358447631221	1.1903503666229858	2.1161673844866185	1.0120566226863015	1.9814221866333956	1.2618821509719587	1.4819050284642468	0.5872036346430755	1.6662787237942278	0.34390509814788234	1.0947223859739885	1.1439649239941962	1.0399336952345595	0.6502438983152858	1.7440030962440016	0.5209928732467304	1.4272119413218147	1.3729148654152858	1.9119025959760725
IL17.DTT.140	1.5565762466389	2.0503334248636493	1.4206929221894982	2.9371580259449224	0.6834014232628904	0.0	1.5622653323181765	2.54538775874275	2.798061769043416	3.0000097108627273	2.1601875045232024	1.8895509417627878	1.1286688994413772	1.3519859078731804	1.3435555431456199	1.7980466500471108	2.272507271392843	1.5521600260952406	2.0990053005681295	2.426900267819901	2.5656653011883868	0.7237923872145059	1.6036364440140194	0.5871198321044377	1.7578785224281528	0.5177289495572578	1.5285057241865025	0.8269458952715811	1.3882946902084732	0.7036488157181159	0.819784938357076	0.469539061743518	0.9998486081676083	0.5834885252488792	0.6296780357673598	1.1571573372760622	0.4283519948248127	0.8237151371404292	1.3927812121816245	0.8330363173476186	0.8266956050181036	1.0727330507976116	1.315869576499556
IL17.DTT.188	2.4873364213640357	1.4085132874358677	2.402598593232677	1.7573893354104066	1.808758190445153	1.5622653323181765	0.0	1.570150327021598	1.6894722584251367	3.5852117039206393	1.5604307951257466	3.3046057512474496	0.6642923598647277	2.3466524690140336	1.2113860631020315	2.7774689324740613	1.934739733411007	2.0180206525587567	1.4061797571864167	2.0495687721925075	2.961756711852739	2.1060872002585405	0.5949910251625663	1.176224344761633	0.7017491857966238	1.4283085948798653	1.1750483972857346	0.8464611706054525	1.1281990664757218	2.0567299750213595	1.3787631131950424	1.9330749628729944	1.4325723226961125	1.7892480622838751	0.9649156826550697	2.663761476319072	1.2791063941753245	2.2823238980962115	0.31740825609119677	2.2431858760836008	1.1117645030768382	2.56192008373424	1.1102974003517347
IL17.DTT.199	2.6054916185539008	0.579706550471991	2.6624044520414683	0.49982145548887374	2.3459939985446154	2.54538775874275	1.570150327021598	0.0	0.3350866008979422	3.097882002821193	0.5781771530065518	3.8424899819795124	1.4818940702376433	2.6322006619736085	1.2712515607271848	2.8127570062744875	0.9328742379558446	1.864042381625995	0.5138244129720657	0.993711689217161	2.376311124135588	2.7332355574845253	2.048276396473533	2.468721910809263	2.1506712710810483	2.6908750550656335	2.678121213814885	1.8686544822896511	2.641569617717671	3.2211973438044557	2.744419037777354	2.7883457884066565	2.865566121742147	2.494001521816038	2.194432592194848	3.467306851107731	2.4533143152753034	2.985154659840929	1.8307600486815587	2.863939550282752	2.481475567359985	3.5883828491729566	2.629087882782009
IL17.DTT.200	2.9369647713407336	0.8950910148919072	2.990961955133796	0.1854287698525876	2.6437886428379413	2.798061769043416	1.6894722584251367	0.3350866008979422	0.0	3.414409266320782	0.9032191554232956	4.162139891814326	1.70021321985333	2.9592717274165667	1.5598143633301924	3.14451330900369	1.2348005137082763	2.194259671726893	0.8298800150704666	1.2966162106249337	2.693058750511783	3.030482991876617	2.1245605626644095	2.674775620535482	2.2058811096376294	2.9027246881051423	2.7754612508262198	2.106652070692532	2.7564868455678186	3.4604047590450726	2.9248912047998368	3.0688953874578	3.034129398961519	2.787695063103888	2.4066787043829256	3.7613455560635223	2.6684596891915136	3.2818457493694804	1.9528334540568648	3.163990101317162	2.656412879283387	3.855022262338124	2.754078179368419
IL17.DTT.217	1.4689995685666029	2.684549195763444	1.6486162252775969	3.5605455097987346	2.336572143021701	3.0000097108627273	3.5852117039206393	3.097882002821193	3.414409266320782	0.0	2.5927201650533864	2.364847665789389	3.0468563233852066	1.707240604643131	2.5405281204725116	1.3114358674032633	2.261500437847219	1.6646188870682908	2.732284344564415	2.123194885052952	0.7413635771421161	2.41707656632424	4.040587385577313	3.43268565119111	4.204602100703865	3.481911018892153	4.323357430310201	2.969214279610837	4.191100229682015	3.466866222661505	3.7794415260842382	2.7311985337717526	3.946716691298932	2.4539316597235787	3.27096939707025	2.787136555728408	3.3394304841748164	2.5179780675214176	3.6953021764956295	2.400501599388129	3.684493757590267	3.311309406773238	4.118709852988366
IL17.DTT.218	2.053180820523239	0.16170125425855764	2.130670064597146	1.0766211768648444	1.8556325174645318	2.1601875045232024	1.5604307951257466	0.5781771530065518	0.9032191554232956	2.5927201650533864	0.0	3.311571198016596	1.2368734749200918	2.1022835244712783	0.8246641924848584	2.247172452310852	0.4340933425336143	1.2982723574814743	0.1732469737008244	0.5902780587072498	1.8628308915246676	2.240789755660036	2.0482666884927134	2.2022453984642913	2.187155149133339	2.397640841615207	2.606974184510314	1.5822824631654129	2.5435206050183647	2.858011244317842	2.508128622006292	2.3485239892473113	2.656591632162203	2.0364022510314856	1.9282590871614518	2.9887540835603823	2.14977802565778	2.498940105377701	1.7746201303772393	2.364639835856417	2.266669463081164	3.164327675326368	2.5165618307425794
IL17.DTT.25	1.3502655994630712	3.28213813785664	1.2396263787696309	4.320525542352438	1.6046401502366163	1.8895509417627878	3.3046057512474496	3.8424899819795124	4.162139891814326	2.364847665789389	3.311571198016596	0.0	2.7881715642360874	1.248162279679172	2.650122303162122	1.304271093544407	3.193362679347193	2.0692462356072925	3.3437523861034264	3.2408061899817007	2.432796958379227	1.270774147757619	3.4690097721791626	2.4113609585323896	3.6193999729282735	2.2836933287118164	3.3628078627245843	2.4590510432415185	3.2148211125131128	1.8449790486613122	2.595564370609549	1.4340953282333075	2.721935547205756	1.5196552301347337	2.456593460775709	0.8442096459084286	2.308960321547437	1.0741996746501814	3.212499581648559	1.1316039698562552	2.682848680837316	1.3692937085921955	3.132628438495378
IL17.DTT.26	1.9037505118715308	1.0913372686465612	1.8515334742734846	1.8272898400971673	1.2161986421171265	1.1286688994413772	0.6642923598647277	1.4818940702376433	1.70021321985333	3.0468563233852066	1.2368734749200918	2.7881715642360874	0.0	1.7933192111393832	0.6158934225669761	2.175987210279911	1.5123950480076744	1.4165872139602287	1.119813349842748	1.6775714305303266	2.421788821448533	1.552276619551417	1.011967389840676	0.9937527048146391	1.184392027636558	1.2095542436189064	1.4317076504846165	0.4957761136322052	1.3447013954421496	1.7634998993596953	1.2814366441673573	1.4711803938713401	1.4212592561757615	1.2798873057046314	0.7232321039791562	2.2035705910067245	0.9751976443391478	1.7677548340864715	0.6961859102606975	1.6945352401706038	1.0326844231861665	2.19483606414165	1.3068766795331723
IL17.DTT.103	0.2915072812908181	2.0863678204517706	0.06965694520458975	3.115234334167703	0.7681613856156653	1.3519859078731804	2.3466524690140336	2.6322006619736085	2.9592717274165667	1.707240604643131	2.1022835244712783	1.248162279679172	1.7933192111393832	0.0	1.5323433910181525	0.5667079155278743	1.9932796469504106	0.8813398666269214	2.145956591404415	2.011834408960781	1.455750105997168	0.7704533940197937	2.665520019945746	1.8248842440355018	2.8286511783559005	1.8289901601408656	2.7838403609201596	1.5452393996728548	2.6390741254846404	1.7638887273990709	2.145849895674079	1.0306975321563552	2.3049550958567657	0.7810536296245819	1.729220948310375	1.2122593808281124	1.7345892855824925	0.8613616808711019	2.3464213120307273	0.7645579467799846	2.102733512448679	1.6625477054313769	2.559051176925266
IL17.DTT.104	1.5538355197511802	0.7241203874984513	1.5800305690923824	1.7232488151854706	1.090593989418946	1.3435555431456199	1.2113860631020315	1.2712515607271848	1.5598143633301924	2.5405281204725116	0.8246641924848584	2.650122303162122	0.6158934225669761	1.5323433910181525	0.0	1.7891000160663664	0.9700863892193851	0.9111025317196638	0.780342956096186	1.1679244802548632	1.874014908293379	1.4769698502641577	1.6070867198677223	1.453152993497713	1.7790850319378078	1.618528029555632	2.0259710833275624	0.8971517599764014	1.9364140667229652	2.0451664005418566	1.7640538485491966	1.5563282922703328	1.9333332845654905	1.27653442027264	1.1956553481793528	2.222356577712325	1.3649176780532384	1.735403523952291	1.3036767365544257	1.6110567267351015	1.5514743583147463	2.356548806416605	1.8963892287593618
IL17.DTT.49	0.3147405753924948	2.263265685271747	0.5272326796746986	3.310852466039605	1.1494033707449773	1.7980466500471108	2.7774689324740613	2.8127570062744875	3.14451330900369	1.3114358674032633	2.247172452310852	1.304271093544407	2.175987210279911	0.5667079155278743	1.7891000160663664	0.0	2.0315429571023436	0.9525328832703863	2.3259007651444814	2.053254923276312	1.1603370049460153	1.1401638193690329	3.10622751089681	2.310655243726472	3.278148553361566	2.3038845187632617	3.2539736293222368	2.016521354096047	3.116085477890353	2.20771065901383	2.6131391061750295	1.490883984355007	2.7871527669508716	1.2752482661699505	2.2059424566758383	1.5308739825982305	2.1836976095793346	1.2330802283951583	2.79059803808065	1.1078086991500404	2.5680747766779333	2.0392386364319304	3.0423746526001123
IL17.DTT.50	1.8866465484925388	0.5657341092496546	2.012060649142411	1.4071676943612965	1.850260584213001	2.272507271392843	1.934739733411007	0.9328742379558446	1.2348005137082763	2.261500437847219	0.4340933425336143	3.193362679347193	1.5123950480076744	1.9932796469504106	0.9700863892193851	2.0315429571023436	0.0	1.127017514991786	0.599033162174716	0.3614093977272349	1.5213568642948543	2.218016845590585	2.4058726276147833	2.4174650830466278	2.5566102732455835	2.5851873615050467	2.9230351948196036	1.810185641992626	2.849526974516535	2.974087425510117	2.732192074369109	2.3960674791219496	2.8975759976990894	2.0706265262707286	2.1538840548494025	2.9695744880572574	2.3336950501257987	2.478957331585045	2.121918797195051	2.327421409361026	2.5117043155329264	3.211784182027989	2.8171548176526566
IL17.DTT.85	0.7691770676900237	1.3107790357989522	0.899921310030038	2.362291312419918	0.9331812696368634	1.5521600260952406	2.0180206525587567	1.864042381625995	2.194259671726893	1.6646188870682908	1.2982723574814743	2.0692462356072925	1.4165872139602287	0.8813398666269214	0.9111025317196638	0.9525328832703863	1.127017514991786	0.0	1.3735364556173908	1.1906288565985046	1.0664847449290027	1.2273905208950369	2.4210633018208196	1.9141089834119323	2.59412207910684	2.002406872816772	2.7265874018282092	1.4203815798419506	2.607796700114839	2.1835328214315295	2.2551174142676595	1.4864430350201308	2.4356577507138817	1.151704465212762	1.7152616901706654	1.927884498995872	1.8015423400654422	1.4615152648743464	2.0936381827097676	1.3062364153658939	2.118019745286217	2.269965548217929	2.5470323079620196
IL17.DTT.86	2.11771354373151	0.06678287833885459	2.1787514166878776	1.0020659964055094	1.84778331725076	2.0990053005681295	1.4061797571864167	0.5138244129720657	0.8298800150704666	2.732284344564415	0.1732469737008244	3.3437523861034264	1.119813349842748	2.145956591404415	0.780342956096186	2.3259007651444814	0.599033162174716	1.3735364556173908	0.0	0.7560544614274448	2.0066503699485874	2.235303852963879	1.8894550984309866	2.1013505192066564	2.025048820808477	2.304559399976616	2.4605643494383016	1.4910717325705019	2.4021816896012966	2.7910707569150066	2.397572544602037	2.3166071534880346	2.5402232295178453	2.0166582371085693	1.8264517120659645	2.9790810685852263	2.057465455574092	2.4918006170588094	1.624332134996771	2.3641458865174676	2.149501106748552	3.1245615398772597	2.378442340384257
TKO.DTT.1	1.904629443031596	0.738788577804071	2.0214513219876995	1.445247473572004	1.9825795781381743	2.426900267819901	2.0495687721925075	0.993711689217161	1.2966162106249337	2.123194885052952	0.5902780587072498	3.2408061899817007	1.6775714305303266	2.011834408960781	1.1679244802548632	2.053254923276312	0.3614093977272349	1.1906288565985046	0.7560544614274448	0.0	1.4039918215766412	2.3410768525137264	2.569521031785805	2.563655233511475	2.7116445972986667	2.7405762799766173	3.095017563508748	1.9160061704288247	3.0144069665269146	3.118281342721938	2.9029249087528344	2.5106567950710548	3.0586158941010333	2.1651141554210027	2.296335566502181	3.06663408205944	2.5061497908645234	2.5875988245010118	2.2655681892948003	2.443696780067268	2.6818156710079073	3.3358179075274363	2.9753450923673728
TKO.DTT.2	1.211554080525518	1.9588811905985062	1.4187552051322958	2.845442215361236	1.905546441146768	2.5656653011883868	2.961756711852739	2.376311124135588	2.693058750511783	0.7413635771421161	1.8628308915246676	2.432796958379227	2.421788821448533	1.455750105997168	1.874014908293379	1.1603370049460153	1.5213568642948543	1.0664847449290027	2.0066503699485874	1.4039918215766412	0.0	2.090034841156399	3.4287391233865696	2.949167809202438	3.5940181554467276	3.0313287406678446	3.7726429741474488	2.4257979325814487	3.652145945245815	3.131847772348268	3.300940454468248	2.395223247773494	3.4751483928516724	2.0752350305157656	2.753295363241973	2.633057043746273	2.8507226437358173	2.2591809407487276	3.0895214249892775	2.1152583140702115	3.170048420856	3.0934254943855106	3.5882846649064892
TKO.DTT.43	0.9519706863979234	2.1753932418298563	0.8337344960535062	3.188222829507784	0.3877291705185786	0.7237923872145059	2.1060872002585405	2.7332355574845253	3.030482991876617	2.41707656632424	2.240789755660036	1.270774147757619	1.552276619551417	0.7704533940197937	1.4769698502641577	1.1401638193690329	2.218016845590585	1.2273905208950369	2.235303852963879	2.3410768525137264	2.090034841156399	0.0	2.2630613778184068	1.2949970942565618	2.427442357323427	1.2226368549754705	2.2505036579192854	1.285455552129865	2.1100865132676656	1.0876562045545268	1.5343663727597137	0.40530020162351205	1.7064445509110615	0.39587763837022805	1.2803463286774068	0.7667507130319205	1.1459245414498516	0.2737691329254716	2.006053882652846	0.14314817127206314	1.5479820629862713	1.0552160658554428	2.036284111688477
TKO.DTT.44	2.826128583289495	1.8883060304031045	2.7283822445938952	2.184918051781909	2.025279948260595	1.6036364440140194	0.5949910251625663	2.048276396473533	2.1245605626644095	4.040587385577313	2.0482666884927134	3.4690097721791626	1.011967389840676	2.665520019945746	1.6070867198677223	3.10622751089681	2.4058726276147833	2.4210633018208196	1.8894550984309866	2.569521031785805	3.4287391233865696	2.2630613778184068	0.0	1.1088348770361505	0.18483742350320068	1.3138009040429866	0.6640297293073223	1.1401349850230427	0.6779178494527623	1.9547994499258654	1.1325877996804414	2.0386709560546223	1.1405029663335045	1.995399397665685	1.014376370114112	2.7368243810411563	1.2129349050904281	2.410746317740778	0.3604460390727074	2.394414278955638	0.8994141165119505	2.5193823199574332	0.7059533257516681
TKO.DTT.31	2.040246481566556	2.067349873727527	1.8914282836100857	2.7874882903571656	1.1889070308312195	0.5871198321044377	1.176224344761633	2.468721910809263	2.674775620535482	3.43268565119111	2.2022453984642913	2.4113609585323896	0.9937527048146391	1.8248842440355018	1.453152993497713	2.310655243726472	2.4174650830466278	1.9141089834119323	2.1013505192066564	2.563655233511475	2.949167809202438	1.2949970942565618	1.1088348770361505	0.0	1.2384058748142215	0.2580842463422635	0.9799080230230933	0.686943168265901	0.8301734290145597	0.8847719524548858	0.39039957701726224	0.987626493425917	0.5314153213799325	1.057266413428223	0.2786346459191955	1.6438006009600512	0.2604742085147336	1.3766223737110952	0.9477150471738861	1.404255903778733	0.30865981616350524	1.4227133084200896	0.7489505908754411
TKO.DTT.32	2.99486921608023	2.028023729798409	2.8910745600024925	2.252585971064682	2.197358447631221	1.7578785224281528	0.7017491857966238	2.1506712710810483	2.2058811096376294	4.204602100703865	2.187155149133339	3.6193999729282735	1.184392027636558	2.8286511783559005	1.7790850319378078	3.278148553361566	2.5566102732455835	2.59412207910684	2.025048820808477	2.7116445972986667	3.5940181554467276	2.427442357323427	0.18483742350320068	1.2384058748142215	0.0	1.4365410023524698	0.6549937454430035	1.294692347802317	0.6986836782809567	2.069366924183602	1.2335393140130535	2.188736119181179	1.2128798234947895	2.154181493902088	1.1644490321742005	2.87806629355583	1.3604945862150282	2.5665193365372563	0.5098864601345149	2.5568691152770704	1.020341765743921	2.6407749258426674	0.7389899689989261
TKO.DTT.19	2.0508787371435817	2.2666537864359237	1.896052564783075	3.020837289524995	1.1903503666229858	0.5177289495572578	1.4283085948798653	2.6908750550656335	2.9027246881051423	3.481911018892153	2.397640841615207	2.2836933287118164	1.2095542436189064	1.8289901601408656	1.618528029555632	2.3038845187632617	2.5851873615050467	2.002406872816772	2.304559399976616	2.7405762799766173	3.0313287406678446	1.2226368549754705	1.3138009040429866	0.2580842463422635	1.4365410023524698	0.0	1.0801462950276406	0.9042661085280337	0.9355333063338864	0.646389623010043	0.32835250648616104	0.892151890065334	0.4857310249626262	1.0480379355661464	0.5133116532250213	1.4823931452376886	0.2784936416661921	1.2676355593217625	1.1874979363429876	1.3158782726111053	0.42773395618696414	1.2061657733849591	0.8593169782977902
TKO.DTT.20	2.9824786359442137	2.4487307796763	2.850216778396526	2.843457698228947	2.1161673844866185	1.5285057241865025	1.1750483972857346	2.678121213814885	2.7754612508262198	4.323357430310201	2.606974184510314	3.3628078627245843	1.4317076504846165	2.7838403609201596	2.0259710833275624	3.2539736293222368	2.9230351948196036	2.7265874018282092	2.4605643494383016	3.095017563508748	3.7726429741474488	2.2505036579192854	0.6640297293073223	0.9799080230230933	0.6549937454430035	1.0801462950276406	0.0	1.379660270363879	0.15793841597675268	1.6326527089088758	0.78583858410685	1.9541402649693391	0.6958682799928788	2.0290755776807137	1.0627588180015561	2.558299586762637	1.1073176275130348	2.3347797968171586	0.8752090236745806	2.3611599567486206	0.7025541607187364	2.219308413785872	0.25453866447283274
TKO.DTT.55	1.720286514951498	1.4578115818981494	1.6051904022382943	2.225077113497952	1.0120566226863015	0.8269458952715811	0.8464611706054525	1.8686544822896511	2.106652070692532	2.969214279610837	1.5822824631654129	2.4590510432415185	0.4957761136322052	1.5452393996728548	0.8971517599764014	2.016521354096047	1.810185641992626	1.4203815798419506	1.4910717325705019	1.9160061704288247	2.4257979325814487	1.285455552129865	1.1401349850230427	0.686943168265901	1.294692347802317	0.9042661085280337	1.379660270363879	0.0	1.2522446923894368	1.4115158911729007	1.0564135561183847	1.1168833260162863	1.1837615763203715	0.9467834144664401	0.4252633029700611	1.8463768135724852	0.738437935715594	1.4529563402470291	0.8096672311606822	1.4179882948729585	0.8543215441018005	1.8257669475388574	1.1833826975940085
TKO.DTT.56	2.8428541276678554	2.3874608619483806	2.7051923144841035	2.83047907147903	1.9814221866333956	1.3882946902084732	1.1281990664757218	2.641569617717671	2.7564868455678186	4.191100229682015	2.5435206050183647	3.2148211125131128	1.3447013954421496	2.6390741254846404	1.9364140667229652	3.116085477890353	2.849526974516535	2.607796700114839	2.4021816896012966	3.0144069665269146	3.652145945245815	2.1100865132676656	0.6779178494527623	0.8301734290145597	0.6986836782809567	0.9355333063338864	0.15793841597675268	1.2522446923894368	0.0	1.4973461315629373	0.6527556675960254	1.806721232319876	0.5651232788489483	1.8825900375823588	0.9235124714257483	2.4133747145533166	0.9724615944387599	2.190274937094985	0.8242205194415692	2.2196737493949463	0.5649916914575642	2.083036213940645	0.09794348907897601
TKO.DTT.73	2.0025272431536214	2.7447386659646353	1.824659930140071	3.58994031809524	1.2618821509719587	0.7036488157181159	2.0567299750213595	3.2211973438044557	3.4604047590450726	3.466866222661505	2.858011244317842	1.8449790486613122	1.7634998993596953	1.7638887273990709	2.0451664005418566	2.20771065901383	2.974087425510117	2.1835328214315295	2.7910707569150066	3.118281342721938	3.131847772348268	1.0876562045545268	1.9547994499258654	0.8847719524548858	2.069366924183602	0.646389623010043	1.6326527089088758	1.4115158911729007	1.4973461315629373	0.0	0.8620189768552001	0.7413904114852532	0.9445158006537245	1.0710235889920425	1.104644488061834	1.00168334668918	0.8340005954281104	0.9950459393266038	1.8304626857563209	1.1130602103925697	1.0586011184083148	0.586984475642319	1.4248916012991444
TKO.DTT.74	2.3600391171026978	2.3659261455390572	2.213398423868009	3.031908802743956	1.4819050284642468	0.819784938357076	1.3787631131950424	2.744419037777354	2.9248912047998368	3.7794415260842382	2.508128622006292	2.595564370609549	1.2814366441673573	2.145849895674079	1.7640538485491966	2.6131391061750295	2.732192074369109	2.2551174142676595	2.397572544602037	2.9029249087528344	3.300940454468248	1.5343663727597137	1.1325877996804414	0.39039957701726224	1.2335393140130535	0.32835250648616104	0.78583858410685	1.0564135561183847	0.6527556675960254	0.8620189768552001	0.0	1.2166334957545988	0.20842689775482262	1.3655782184917573	0.6324006422125721	1.7801996675390892	0.4593009810322204	1.584650761740965	1.0945180234288823	1.6294770899426583	0.27296010594237624	1.4472120785971012	0.5895687536854939
TKO.DTT.91	1.2669890172671117	2.262751811919356	1.0941576123858279	3.2136763883100405	0.5872036346430755	0.469539061743518	1.9330749628729944	2.7883457884066565	3.0688953874578	2.7311985337717526	2.3485239892473113	1.4340953282333075	1.4711803938713401	1.0306975321563552	1.5563282922703328	1.490883984355007	2.3960674791219496	1.4864430350201308	2.3166071534880346	2.5106567950710548	2.395223247773494	0.40530020162351205	2.0386709560546223	0.987626493425917	2.188736119181179	0.892151890065334	1.9541402649693391	1.1168833260162863	1.806721232319876	0.7413904114852532	1.2166334957545988	0.0	1.3671803622735401	0.3626425005530826	1.0302453874366453	0.736768298130398	0.8848817521949802	0.39607300400919865	1.8005772073518487	0.46309653100924997	1.2611511151556363	0.82867663188584	1.7263679648890988
TKO.DTT.92	2.5293210034334286	2.5119586087099295	2.3713639127389436	3.1319778206392286	1.6662787237942278	0.9998486081676083	1.4325723226961125	2.865566121742147	3.034129398961519	3.946716691298932	2.656591632162203	2.721935547205756	1.4212592561757615	2.3049550958567657	1.9333332845654905	2.7871527669508716	2.8975759976990894	2.4356577507138817	2.5402232295178453	3.0586158941010333	3.4751483928516724	1.7064445509110615	1.1405029663335045	0.5314153213799325	1.2128798234947895	0.4857310249626262	0.6958682799928788	1.1837615763203715	0.5651232788489483	0.9445158006537245	0.20842689775482262	1.3671803622735401	0.0	1.5257187747231782	0.7721818768028998	1.8985274055072268	0.655542429616025	1.738105266990611	1.1423390448377355	1.795861945170989	0.39617041144636156	1.5289332480412834	0.500207643108642
TKO.DTT.103	1.0112153964253716	1.9617664094413607	0.8484464591078279	2.934829505167925	0.34390509814788234	0.5834885252488792	1.7892480622838751	2.494001521816038	2.787695063103888	2.4539316597235787	2.0364022510314856	1.5196552301347337	1.2798873057046314	0.7810536296245819	1.27653442027264	1.2752482661699505	2.0706265262707286	1.151704465212762	2.0166582371085693	2.1651141554210027	2.0752350305157656	0.39587763837022805	1.995399397665685	1.057266413428223	2.154181493902088	1.0480379355661464	2.0290755776807137	0.9467834144664401	1.8825900375823588	1.0710235889920425	1.3655782184917573	0.3626425005530826	1.5257187747231782	0.0	1.0025000153355677	0.9839375109589407	0.9666791372821011	0.541605161062527	1.7122793038557813	0.5035913717337076	1.3379065095421419	1.180707357635723	1.8023600017411914
TKO.DTT.104	1.9258298018542184	1.7932284776057004	1.7949076610655308	2.521833452807247	1.0947223859739885	0.6296780357673598	0.9649156826550697	2.194432592194848	2.4066787043829256	3.27096939707025	1.9282590871614518	2.456593460775709	0.7232321039791562	1.729220948310375	1.1956553481793528	2.2059424566758383	2.1538840548494025	1.7152616901706654	1.8264517120659645	2.296335566502181	2.753295363241973	1.2803463286774068	1.014376370114112	0.2786346459191955	1.1644490321742005	0.5133116532250213	1.0627588180015561	0.4252633029700611	0.9235124714257483	1.104644488061834	0.6324006422125721	1.0302453874366453	0.7721818768028998	1.0025000153355677	0.0	1.7410176381484928	0.3639000207334967	1.4080984423156053	0.7808077324593741	1.4050967941036923	0.4444710053852563	1.6006088245351227	0.8500581820696834
TKO.DTT.109	1.4223813638462814	2.921202890070886	1.2486982833166624	3.9118488659783313	1.1439649239941962	1.1571573372760622	2.663761476319072	3.467306851107731	3.7613455560635223	2.787136555728408	2.9887540835603823	0.8442096459084286	2.2035705910067245	1.2122593808281124	2.222356577712325	1.5308739825982305	2.9695744880572574	1.927884498995872	2.9790810685852263	3.06663408205944	2.633057043746273	0.7667507130319205	2.7368243810411563	1.6438006009600512	2.87806629355583	1.4823931452376886	2.558299586762637	1.8463768135724852	2.4133747145533166	1.00168334668918	1.7801996675390892	0.736768298130398	1.8985274055072268	0.9839375109589407	1.7410176381484928	0.0	1.5456212203089663	0.49533166033620574	2.52036246700942	0.6547340018686576	1.8979146002524616	0.5658024947528365	2.3336959763018235
TKO.DTT.110	1.9306890260813643	2.0181168990220497	1.8032985152481567	2.7934508851996087	1.0399336952345595	0.4283519948248127	1.2791063941753245	2.4533143152753034	2.6684596891915136	3.3394304841748164	2.14977802565778	2.308960321547437	0.9751976443391478	1.7345892855824925	1.3649176780532384	2.1836976095793346	2.3336950501257987	1.8015423400654422	2.057465455574092	2.5061497908645234	2.8507226437358173	1.1459245414498516	1.2129349050904281	0.2604742085147336	1.3604945862150282	0.2784936416661921	1.1073176275130348	0.738437935715594	0.9724615944387599	0.8340005954281104	0.4593009810322204	0.8848817521949802	0.655542429616025	0.9666791372821011	0.3639000207334967	1.5456212203089663	0.0	1.2496162697481972	1.0541701987723597	1.2592721699513858	0.40767239477488054	1.3493579911957505	0.9068087014678831
TKO.DTT.127	1.0700794734335766	2.432914253582666	0.9151390038676704	3.4361593374632675	0.6502438983152858	0.8237151371404292	2.2823238980962115	2.985154659840929	3.2818457493694804	2.5179780675214176	2.498940105377701	1.0741996746501814	1.7677548340864715	0.8613616808711019	1.735403523952291	1.2330802283951583	2.478957331585045	1.4615152648743464	2.4918006170588094	2.5875988245010118	2.2591809407487276	0.2737691329254716	2.410746317740778	1.3766223737110952	2.5665193365372563	1.2676355593217625	2.3347797968171586	1.4529563402470291	2.190274937094985	0.9950459393266038	1.584650761740965	0.39607300400919865	1.738105266990611	0.541605161062527	1.4080984423156053	0.49533166033620574	1.2496162697481972	0.0	2.16596261481051	0.18034817235699466	1.6391060184672488	0.8397789901055833	2.1125147378005247
TKO.DTT.128	2.5042699748537767	1.618274910443975	2.4071996698111695	2.0287144407167657	1.7440030962440016	1.3927812121816245	0.31740825609119677	1.8307600486815587	1.9528334540568648	3.6953021764956295	1.7746201303772393	3.212499581648559	0.6961859102606975	2.3464213120307273	1.3036767365544257	2.79059803808065	2.121918797195051	2.0936381827097676	1.624332134996771	2.2655681892948003	3.0895214249892775	2.006053882652846	0.3604460390727074	0.9477150471738861	0.5098864601345149	1.1874979363429876	0.8752090236745806	0.8096672311606822	0.8242205194415692	1.8304626857563209	1.0945180234288823	1.8005772073518487	1.1423390448377355	1.7122793038557813	0.7808077324593741	2.52036246700942	1.0541701987723597	2.16596261481051	0.0	2.1405043328820725	0.8295267012651099	2.3642280799560496	0.8094272950766503
TKO.DTT.139	0.9456255833181034	2.3036791319300156	0.821716530480227	3.322385598398347	0.5209928732467304	0.8330363173476186	2.2431858760836008	2.863939550282752	3.163990101317162	2.400501599388129	2.364639835856417	1.1316039698562552	1.6945352401706038	0.7645579467799846	1.6110567267351015	1.1078086991500404	2.327421409361026	1.3062364153658939	2.3641458865174676	2.443696780067268	2.1152583140702115	0.14314817127206314	2.394414278955638	1.404255903778733	2.5568691152770704	1.3158782726111053	2.3611599567486206	1.4179882948729585	2.2196737493949463	1.1130602103925697	1.6294770899426583	0.46309653100924997	1.795861945170989	0.5035913717337076	1.4050967941036923	0.6547340018686576	1.2592721699513858	0.18034817235699466	2.1405043328820725	0.0	1.6596074013147455	1.0026290764762387	2.1448373781971517
TKO.DTT.140	2.3035757520915032	2.120943709569239	2.1702616299657236	2.7611792937522983	1.4272119413218147	0.8266956050181036	1.1117645030768382	2.481475567359985	2.656412879283387	3.684493757590267	2.266669463081164	2.682848680837316	1.0326844231861665	2.102733512448679	1.5514743583147463	2.5680747766779333	2.5117043155329264	2.118019745286217	2.149501106748552	2.6818156710079073	3.170048420856	1.5479820629862713	0.8994141165119505	0.30865981616350524	1.020341765743921	0.42773395618696414	0.7025541607187364	0.8543215441018005	0.5649916914575642	1.0586011184083148	0.27296010594237624	1.2611511151556363	0.39617041144636156	1.3379065095421419	0.4444710053852563	1.8979146002524616	0.40767239477488054	1.6391060184672488	0.8295267012651099	1.6596074013147455	0.0	1.6294505596020596	0.5007362954600632
TKO.DTT.151	1.8932704944765648	3.0717334462357213	1.7104863120781288	3.995308650351183	1.3729148654152858	1.0727330507976116	2.56192008373424	3.5883828491729566	3.855022262338124	3.311309406773238	3.164327675326368	1.3692937085921955	2.19483606414165	1.6625477054313769	2.356548806416605	2.0392386364319304	3.211784182027989	2.269965548217929	3.1245615398772597	3.3358179075274363	3.0934254943855106	1.0552160658554428	2.5193823199574332	1.4227133084200896	2.6407749258426674	1.2061657733849591	2.219308413785872	1.8257669475388574	2.083036213940645	0.586984475642319	1.4472120785971012	0.82867663188584	1.5289332480412834	1.180707357635723	1.6006088245351227	0.5658024947528365	1.3493579911957505	0.8397789901055833	2.3642280799560496	1.0026290764762387	1.6294505596020596	0.0	2.0087379878656866
TKO.DTT.152	2.76722326343673	2.362240383300735	2.624815207237792	2.830661333073295	1.9119025959760725	1.315869576499556	1.1102974003517347	2.629087882782009	2.754078179368419	4.118709852988366	2.5165618307425794	3.132628438495378	1.3068766795331723	2.559051176925266	1.8963892287593618	3.0423746526001123	2.8171548176526566	2.5470323079620196	2.378442340384257	2.9753450923673728	3.5882846649064892	2.036284111688477	0.7059533257516681	0.7489505908754411	0.7389899689989261	0.8593169782977902	0.25453866447283274	1.1833826975940085	0.09794348907897601	1.4248916012991444	0.5895687536854939	1.7263679648890988	0.500207643108642	1.8023600017411914	0.8500581820696834	2.3336959763018235	0.9068087014678831	2.1125147378005247	0.8094272950766503	2.1448373781971517	0.5007362954600632	2.0087379878656866	0.0
