	GnotobioticExp-FP-188-S51	806rcbc422-S327	806rcbc477-S382	GnotoExpt-DTT452-S600	GnotoExpt-FP452-S673	806rcbc175-S272	GnotoExpt-DTT464-S612	GnotoExpt-FP554-S69	GnotoExpt-DTT476-S624	806rcbc495-S400	GnotoExpt-DTT596-S331	GnotoExpt-FP614-S310	GnotoExpt-FP536-S51	GnotoExpt-DTT560-S172	806rcbc403-S308	GnotoExpt-DTT608-S343	GnotoExpt-DTT566-S178	GnotoExpt-FP464-S685	806rcbc434-S339	806rcbc520-S425	806rcbc169-S266	GnotoExpt-DTT392-S538	806rcbc526-S431	GnotoExpt-DTT554-S165	GnotobioticExp-DTT-182-S192	GnotoExpt-DTT602-S337	GnotoExpt-FP548-S63	806rcbc363-S498	806rcbc371-S504	GnotoExpt-DTT548-S159	806rcbc465-S370	GnotoExpt-FP602-S298	GnotoExpt-FP608-S304	806rcbc428-S333	GnotoExpt-DTT530-S141	GnotobioticExp-DTT-200-S210	GnotobioticExp-DTT-188-S198	GnotobioticExp-FP-206-S70	GnotoExpt-DTT470-S618	GnotoExpt-FP470-S691	GnotoExpt-DTT536-S147	GnotoExpt-DTT542-S153	806rcbc377-S511	GnotobioticExp-FP-194-S58	806rcbc471-S376	GnotoExpt-FP458-S679	GnotobioticExp-FP-182-S45	806rcbc551-S456	GnotobioticExp-FP-176-S38	GnotoExpt-DTT386-S532	806rcbc489-S394	GnotobioticExp-FP-200-S64	806rcbc397-S302	GnotoExpt-FP542-S57	GnotoExpt-FP482-S703	GnotoExpt-DTT458-S606	GnotobioticExp-DTT-194-S204	GnotoExpt-FP566-S82	806rcbc557-S462	GnotoExpt-DTT614-S349	GnotobioticExp-DTT-206-S216	806rcbc563-S468	806rcbc391-S296	GnotobioticExp-DTT-176-S186	GnotoExpt-FP596-S292	806rcbc532-S437	GnotoExpt-FP560-S76	GnotobioticExp-DTT-303.fastq	GnotobioticExp-FP-314.fastq	GnotobioticExp-DTT-381.fastq	GnotobioticExp-FP-386.fastq	GnotobioticExp-DTT-321.fastq	GnotobioticExp-FP-302.fastq	GnotobioticExp-FP-380.fastq	GnotobioticExp-DTT-363.fastq	GnotobioticExp-DTT-315.fastq	GnotobioticExp-DTT-375.fastq	GnotobioticExp-FP-368.fastq	GnotobioticExp-FP-308.fastq	GnotobioticExp-FP-392.fastq	GnotobioticExp-DTT-309.fastq	GnotobioticExp-FP-374.fastq	GnotobioticExp-DTT-369.fastq	GnotobioticExp-FP-320.fastq	GnotobioticExp-FP-362.fastq
GnotobioticExp-FP-188-S51	0.0	2.579927648119034	1.9101762837197216	2.6389706960625796	0.23980894841628317	0.7558831997317247	2.4252382057659654	0.45896547076650746	2.7191141491707573	1.5156753639766234	3.2569037642686918	2.6442086784530963	2.261338251857263	0.4991374447270312	0.7504603880196591	3.091566678054821	0.7770068602983852	0.195045911567214	3.216888718817356	1.5576764686716782	0.7515082063831053	1.1979926967104602	1.6027306078661778	0.9099214347103962	0.9041536060024303	3.4465843677402215	2.636319186215888	1.1565359625767226	0.8358807663475719	2.167492953336645	1.2374524113336507	2.9231761142094843	2.737928229059199	2.1675720756150443	2.2763856134767773	2.2753221576223917	0.9411666513840728	0.8021288855068228	2.5073499648467186	1.1857235414187068	2.055354710442524	2.062061002451515	0.758522626563626	1.2173869306066751	1.246851150688439	0.4142763287064216	0.7505698049711058	3.1467467158483613	0.20833907378015268	1.3158555145255468	1.6172548504861353	0.8721981143232193	0.5929442589270073	2.2773896061072283	1.233271379121278	2.352851897008813	2.1253312557923048	0.77336463170104	2.95246766078699	3.3174423075950683	2.1107430434313597	2.573497871036407	0.8060485059762961	0.7725074991605804	2.5972227732627293	1.2139649956588627	0.3777877018736433	1.8885803344989174	1.0154671333567373	2.10310080967641	0.8581277772424212	3.664445534248853	1.4231904386678902	1.1967801968608227	1.5806531939208641	1.3876843725760224	1.7887238680558701	0.9062449283929302	0.8649731591640687	0.8887633736210732	1.409050072063429	0.6361662518704584	1.8015314390075676	2.9570296116050536	0.5012510959473562
806rcbc422-S327	2.579927648119034	0.0	1.989319829787637	2.4397670189893956	2.6559253100417415	2.6412454404156285	2.4510614112050195	2.810982253971874	2.209960037990465	2.108370691787168	0.8142868698741633	1.0154817663950482	3.398493442989627	2.7532787941692356	2.861983082082256	0.6233547225747733	2.418057940917435	2.6441128236185802	1.2206562856883985	2.5267235526877188	2.6987035790826077	2.0903110760874455	2.352635745166175	2.8502576449928227	2.3390597762791163	0.9592285708148266	3.508371261732924	2.019055596006306	2.080071365166815	3.4487363756546845	2.539917876359838	1.1315249166104668	0.9699726403833325	0.7940620912288847	3.2214491198588404	1.8514383192986488	2.228360265296641	2.4118057804660396	2.0285157975927914	1.7572476174725424	3.4824226402419556	3.490552788949811	1.859643898029395	1.9555207253514093	2.738189418457856	2.4202371853445364	3.276457264271639	0.9277999508921769	2.6532044199843643	1.7522266523921939	2.2156564416653644	2.233554002711569	2.678714258245464	3.506826440581549	1.6779641352707049	2.332590809204298	1.9313745595922835	2.5491819468545343	1.269730039103969	0.7797022358016699	1.9278771600048539	1.3061378690418972	2.918906469509428	2.1245079021622533	1.2621284734871843	2.276017740378787	2.7008923841116275	0.9459062550638129	1.963185675881318	2.3994615598563023	2.338509141329875	2.620602066182579	1.289121453545843	2.3072571557189967	1.8371519995938848	1.3610921315526439	1.717775680828908	1.9416989893724568	2.189779387579066	2.582409275272061	1.3672667622705479	2.0856412429244235	1.7969580527792046	2.2432785381542106	2.3037855116523898
806rcbc477-S382	1.9101762837197216	1.989319829787637	0.0	3.613944505442203	1.8598284640624108	2.4774543945273373	3.5097237113377195	1.8968171891324375	3.5569511757497745	2.6081607683393435	2.5943297993107044	1.29737570240833	3.8792105470076175	1.77245072205472	2.557840544850423	2.5738917633274303	1.302613296499404	1.9657992699653664	3.1435180523996125	2.9564224834324357	2.473998204754595	2.4299673513543127	2.849787247554986	1.5443025489345512	2.4145878004891363	2.7843727952111297	4.151519093300673	0.7733462250132662	1.0872929696706548	3.83525658353983	0.9340799337204385	1.5175755885624669	1.4245300876253182	2.2389670073259262	3.8004210072703457	3.0734041639293057	2.3673024439847046	2.393520921639831	3.322663302071298	1.1247260738244127	3.775534090029348	3.774335498661645	1.4199712304351035	2.3542466850315096	1.1148305484169183	1.9854579229317433	2.3103719196153927	2.897057912284215	1.8106027345052387	2.149172582963244	2.7595157484950805	2.3101606804443047	2.2994817654552593	3.9362195054142894	1.1480453827345143	3.416894560836962	3.003270037152627	1.3850985102068096	3.0831974944662233	2.5716827727997336	3.00198903191572	2.886706173242354	2.613465930436358	2.1196557816760904	1.0991275237771283	2.5207888619873056	1.9465835432401957	1.5013113550652535	1.059563585233162	3.2745291840065187	2.3350560949306725	4.283253590168089	1.1233768383573175	2.5972854388939886	2.5093599736127388	1.4142488664492185	2.593370659047226	1.9528851085235317	1.160028758074563	2.5159024015663403	1.4201423967960336	1.79676808947804	2.6813910825318743	3.676455612172793	1.8247834417376312
GnotoExpt-DTT452-S600	2.6389706960625796	2.4397670189893956	3.613944505442203	0.0	2.8342691855655424	2.2002286406280054	0.29121183953726854	3.04209518064128	0.4961981038919805	1.7987643892877807	2.84026018099704	3.301712789043504	1.447720615080535	3.087445238281309	2.4192623904787456	2.507553855417689	3.141354456815198	2.712156575072385	1.8477570739803044	1.704293760105091	2.3175987305540198	1.7299879755724994	1.745981646245108	3.4722045456557193	1.886222895689141	2.8873348008619524	1.3150265508857162	3.1327260570002924	2.9132209285894817	1.5917314254647903	3.5351950446635168	3.5140195189007426	3.318529072336396	1.7486787871788574	1.2056555316853026	0.9203482028909592	1.8033433138831714	1.9697455593777153	0.5292428061213555	2.854553601609779	1.7361133926417633	1.7384591419157938	2.4764306964055054	1.6627154392417556	3.6497235600089164	2.4762710980078806	3.165899862605844	2.155007263585464	2.8363896974311813	1.9459873164646813	1.7527815980095405	1.8882400298055095	2.4939869907897996	1.5796949206395277	2.8052863623699933	0.7508729050974022	1.1897979348027536	3.2218507489100925	1.5790893817264116	2.8939520557994043	1.1050583488717607	1.4788991517453933	2.4506525984072485	1.9972538420986852	3.492782624282801	1.9215691777041028	2.8602811690571284	2.5577473390608154	2.951365177159012	1.2167487168041737	2.054226256538439	1.2093984656778167	2.5933626515190356	1.7158979373848728	1.617655637145495	2.4720739177841806	1.5042285447652612	2.1366241389813028	3.0346503486521197	2.142379820297718	2.4951827809016476	2.3542900503750266	1.3770124828758596	0.52343148905979	2.55074238771819
GnotoExpt-FP452-S673	0.23980894841628317	2.6559253100417415	1.8598284640624108	2.8342691855655424	0.0	0.8515896587180027	2.6148255357871153	0.22668628097494672	2.8883228254503908	1.582947757540524	3.308738566578246	2.6622048598907884	2.449537226710327	0.2694195934679534	0.8051987412767176	3.168110924312901	0.6270540870116382	0.15266512023013246	3.3461249893447045	1.650222013850913	0.8111858607718448	1.306392662586098	1.678268038985478	0.7086911900147927	1.0381195010335806	3.505962807777728	2.8369854296230157	1.0977451620980134	0.7981570185013895	2.3527835140043365	1.1361942240233984	2.9301323219877364	2.753452016795473	2.273157903320727	2.4749528914936976	2.4179545790015307	1.086283989796117	0.9429064723103922	2.676712694682679	1.1290709238111543	2.2330684370021396	2.2450440655960837	0.7981134015636154	1.3379275940419004	1.1278398396491702	0.44310312454359396	0.7552906141129831	3.2468252365801873	0.1777587223501281	1.3762943761371296	1.6878593529333639	1.0082183810160543	0.6043856332931059	2.461237573363542	1.18749779362153	2.5062055119213094	2.2444256405627874	0.5980398530838584	3.077843721580968	3.3768907904761654	2.2385783639395185	2.6848427469333207	0.8500812498705206	0.8985656141273524	2.5889732750715537	1.2840081144828974	0.1851053132036083	1.903699631341722	0.9430046485490661	2.224223216382767	0.9477722720206562	3.8333523644958842	1.444097299003209	1.314883837705198	1.672499378793466	1.397385021006682	1.8870563520826347	0.9661675042846855	0.7599765127620229	0.9664032532505947	1.413341319664617	0.6773495907592274	1.9135476010833372	3.1431471944793206	0.47537596472851085
806rcbc175-S272	0.7558831997317247	2.6412454404156285	2.4774543945273373	2.2002286406280054	0.8515896587180027	0.0	1.9428262021160798	0.9879929695750033	2.2518058172844797	0.9756792890390346	3.224563389157653	2.953712603232544	1.7215114596926877	1.0813089470791128	0.250768300556323	3.0416707651568373	1.3607403875739281	0.7005538096650541	3.0308241546939847	0.8563063205140122	0.13048301638987747	0.7024153177023955	0.9597285535745543	1.5294730761605142	0.3651919274155712	3.402394145654565	2.12767478352604	1.720804550434644	1.4087471864197418	1.641686446440673	1.9278104699416951	3.2108963429115485	3.0164312773706503	2.0410611636539153	1.7605543686367284	1.8189164766350188	0.4840691818187174	0.2775403743443384	2.071377902632026	1.5089098850664584	1.5311449082726096	1.5641021172313612	1.089412781415301	0.8014597823827515	1.9550520873445238	0.5168527823441861	1.2684928783470788	3.0001193261027743	0.9420837556513947	1.019798262551262	1.025316399455119	0.43727644160318485	0.3252581269577742	1.7378943905853768	1.524427843590084	1.790245159658927	1.6161976016052997	1.3753908426345332	2.6925351992507127	3.3237744389634782	1.6092378813869153	2.256798441925043	0.3013529110031612	0.5211718475149343	2.9485471325755888	0.6314725083127255	0.7950930537122176	1.9771280444409145	1.4656769819285598	1.4683582671397766	0.33461050252782326	3.2196680602775505	1.6895559179647834	0.5857833100377409	1.1328607673398914	1.5102733826891253	1.3603622533244737	0.7494363547558532	1.3932594189970537	0.17668380948867377	1.5260633059216446	0.7189328373085027	1.3428597414089187	2.5668779381882922	0.6904763940253843
GnotoExpt-DTT464-S612	2.4252382057659654	2.4510614112050195	3.5097237113377195	0.29121183953726854	2.6148255357871153	1.9428262021160798	0.0	2.816666245535272	0.5579859930271182	1.560899853079149	2.872022115331809	3.2795170271719227	1.2405819397915276	2.8690358491020493	2.157174011537089	2.5554780771733325	2.949157335679475	2.486726695076401	1.972278138123318	1.4276610776572325	2.0577725200645602	1.4918543495846512	1.485903112385326	3.2669439105474773	1.639473481252459	2.9392602570458317	1.1847115100602823	2.9832751203087984	2.747937549173622	1.3770157286240114	3.3749624202974027	3.4989354402739026	3.2995541319516337	1.7157707736046388	1.0152955661276781	0.8105484908795013	1.5655016331923346	1.7240254382053606	0.5351807646601917	2.692558595857736	1.5083598738233437	1.5195426534857002	2.302592932256151	1.4403025561737284	3.4808945684887163	2.2472541329712232	2.9501407247191356	2.2299296398691437	2.6270040850969107	1.7460028535638694	1.5063427521022974	1.6515629235949278	2.2428014034546107	1.3712723534490534	2.6473855727090996	0.5454382555522596	1.016437198269943	3.024040951064023	1.6596752488373838	2.941643498010307	0.9320818857063707	1.4682542148529762	2.1853655694353162	1.7749922537694103	3.4494137534199623	1.6682192373308988	2.6303833562828896	2.4595009193790216	2.783237160056896	0.9680671796618093	1.8069686895746293	1.4173324074743194	2.473870502916256	1.4579861073164744	1.409556892649263	2.329029487530287	1.3227671285298497	1.9262107086713716	2.8541893109330987	1.8803206288691796	2.3512486340769536	2.144837854969049	1.1866105668186537	0.7672465840736572	2.33069823973515
GnotoExpt-FP554-S69	0.45896547076650746	2.810982253971874	1.8968171891324375	3.04209518064128	0.22668628097494672	0.9879929695750033	2.816666245535272	0.0	3.085547960183897	1.7162125350815438	3.444214666537407	2.7674848608389584	2.615604542467335	0.13134431732873392	0.8976029684551915	3.322105353454848	0.6115539313229016	0.33490811681405125	3.5333578501311056	1.782787376031259	0.9227147938482732	1.4714224238652944	1.806829185117908	0.5694013297293272	1.2120161355229542	3.646477463797672	3.015396755066178	1.1497648678051904	0.8860537028713683	2.512438335507446	1.1166122841548145	3.0258799794555458	2.8575961863298702	2.44915050719664	2.65512612397768	2.6032303027697345	1.271126192798911	1.118432395545057	2.876244577999523	1.1984574189371788	2.3833486024012625	2.398408652110699	0.9558160330240998	1.5147903797600184	1.0775760506979954	0.6009077740540466	0.7521391118875994	3.4161545307060113	0.34108745435555904	1.5217442070141465	1.818264608185257	1.1901682827794118	0.6995771588129109	2.620199516679809	1.2652129830833738	2.687633940211987	2.4127391879839424	0.54179465303958	3.261471495753303	3.5177320224472526	2.4126277358258315	2.858377359919514	0.9292168419943584	1.0858547029576693	2.6717108142863366	1.4173527773487276	0.20798130841112292	2.019548596268764	1.0013393179731982	2.381321332266906	1.0998542458870493	4.032296210096623	1.5690186946745022	1.475876711142838	1.8292961968261414	1.5166464196029703	2.048564591089935	1.121855882849622	0.7927626411172722	1.0938251135777004	1.5280627467206878	0.8378218349498872	2.0817504783377334	3.3524961712926364	0.6084972799749824
GnotoExpt-DTT476-S624	2.7191141491707573	2.209960037990465	3.5569511757497745	0.4961981038919805	2.8883228254503908	2.2518058172844797	0.5579859930271182	3.085547960183897	0.0	1.6409181998837363	2.499685708778663	3.1337244443939674	1.77371960717145	3.1238836300840616	2.4837497839615508	2.190753782893896	3.1326726633463893	2.769635576374326	1.5382073222471406	1.6398040371279485	2.3558713331818293	1.6716107876943929	1.6157624725810662	3.4912363921936422	1.916820423615607	2.5423099172404733	1.704317825698135	3.1021938770049293	2.908059566159311	1.9121181613128357	3.551356970236263	3.3142370045489975	3.1283139145063124	1.5029861365116537	1.5601394871747867	0.6019829197194694	1.8302643883302474	2.020799050314068	0.23715456658138004	2.7538945076785417	2.036734799234277	2.05604813715809	2.4514259047653173	1.6028382004999195	3.6797278493179078	2.4941373832924305	3.321715717780724	1.811718675313616	2.912789183405101	1.7972810418486482	1.5910833716360941	1.9085760960823093	2.5226596578708613	1.9017166794512774	2.6948335680406723	0.5726517729191571	0.898890625726026	3.222835029390674	1.2097739484720593	2.5806963086571963	0.8329732149055115	1.083919833308998	2.5140709774557357	2.0027971785289824	3.3261412414800438	1.8453248655857732	2.893876598030983	2.3436880220203227	2.8932525921606125	1.047072062164833	2.04814290918497	0.9700205470784138	2.4840340332136077	1.700544187531763	1.4406279189055977	2.3252199552783206	1.2731787830607635	2.0709900737653246	3.0044811504353603	2.1607629505899926	2.3421586699477004	2.328865835869156	1.165156196881866	0.46615559252999444	2.539782516574464
806rcbc495-S400	1.5156753639766234	2.108370691787168	2.6081607683393435	1.7987643892877807	1.582947757540524	0.9756792890390346	1.560899853079149	1.7162125350815438	1.6409181998837363	0.0	2.5167240397251875	2.6603399733876865	1.9058056903267577	1.762607729097426	1.1824453825298187	2.3521850013229177	1.8113753678066624	1.4677098654581493	2.3195247265935612	0.4921546226664336	1.0118003629347023	0.39359059364854854	0.2752455571729602	2.124326417171531	0.7331571717940206	2.6809875500713085	2.2084611272247017	1.9747785908122684	1.7502781109180912	1.914813767883845	2.378575051737932	2.8615805345897276	2.6741315190781347	1.4091264167024715	1.8607817779723683	1.092802257071109	0.7116893665279964	0.849212928727116	1.4748964227594563	1.529347934646331	1.8854811863844934	1.9357660732400916	1.296985356463967	0.46573599431833096	2.4732222898358027	1.1405685765552516	2.187876842767831	2.2553724254331513	1.685531776676263	0.4714084599060927	0.15168644393827646	0.7265148717498034	1.1272554491091387	1.9714480389555367	1.493766527153492	1.1856775398285806	0.7943289179143391	1.881505915374627	1.9280751072848403	2.6590411600730235	0.8313806831085119	1.436070947553424	1.2054243254705703	0.7903256987592703	2.704750521801631	0.34641648236375827	1.51151069075595	1.5338718949244605	1.6588573924587617	0.7981141063396185	0.6898725895700032	2.542980422595066	1.5533573425423655	0.5000481888397754	0.3096125663275793	1.253120480494286	0.5118589259581623	0.726688758362576	1.7250666175487137	0.8160269273129545	1.256695037159261	1.005889633830156	0.5362955815812439	2.0323236618063643	1.155548993973801
GnotoExpt-DTT596-S331	3.2569037642686918	0.8142868698741633	2.5943297993107044	2.84026018099704	3.308738566578246	3.224563389157653	2.872022115331809	3.444214666537407	2.499685708778663	2.5167240397251875	0.0	1.4586758893382243	3.9276075308900853	3.390328699276822	3.4458434468443038	0.3757315409317017	3.0480792663879535	3.2910532905967615	1.23331483864123	2.9582684349691055	3.2706559991491484	2.610941159446315	2.7492626900505632	3.4765345506307037	2.920108197308795	0.22228780327977657	4.013795903037269	2.6759948626717485	2.757370846395845	3.9972463598390084	3.2044456928920755	1.3883816420463266	1.3337636453530253	1.2965881320355555	3.7474514273657076	2.18071123465969	2.8175419753451143	3.0097316345566814	2.3723541475026595	2.336577913444598	4.042694335467124	4.061562516306441	2.5244648131940166	2.4953158482685063	3.402005218530076	3.0352035832277693	3.981444484744772	0.7807836158024881	3.3336317704496947	2.2382311541452724	2.600518286344662	2.824842592961683	3.2624194319370283	4.040833651090673	2.253170373536802	2.6677337399383423	2.2453348966750375	3.17793240681769	1.3432544084065403	0.24459470159546245	2.264402820930778	1.4747284180568938	3.4952845111521733	2.7332203684131526	1.6698149573889043	2.756575943856801	3.322991084280053	1.4431947827337805	2.581670085572238	2.733979326719898	2.8987376387340826	2.692619036100774	1.9432799400864198	2.8293609674971556	2.26698345958512	1.9307313394372616	2.1060692434931187	2.5124903042988542	2.818216460220604	3.133774348106429	1.923297139291822	2.6972123001009267	2.196898482446374	2.546712549367833	2.9096875251344017
GnotoExpt-FP614-S310	2.6442086784530963	1.0154817663950482	1.29737570240833	3.301712789043504	2.6622048598907884	2.953712603232544	3.2795170271719227	2.7674848608389584	3.1337244443939674	2.6603399733876865	1.4586758893382243	0.0	4.038125465824945	2.670978626948459	3.123668563106484	1.4873605729648	2.2261464686548065	2.708086763945394	2.2135274217368055	3.0943522872077707	2.9838406420507937	2.585017212654714	2.9286277569246684	2.6019822318350845	2.7396964550290313	1.612485717926993	4.209585705575544	1.6968144407445254	1.9062742037278175	4.05141532916611	2.116776267390564	0.31706992300461223	0.15999968325203773	1.6585075164091665	3.8915308937352484	2.718133019820399	2.648924877278676	2.7756880994169584	2.9282855936065286	1.6432309984439497	4.048507711696305	4.051168935597435	1.9255359504598895	2.466144862643064	2.318766816650341	2.577236839116524	3.242143926076077	1.9020051547075048	2.6382947001852877	2.2131851698365277	2.797459355716502	2.6239419147666103	2.8858597853890995	4.129660260992109	1.591394795150175	3.17183549824722	2.7352367947681397	2.3480591233946106	2.2838643942605756	1.3759306563397826	2.736451698844567	2.2599933499993132	3.1830875570222745	2.4616952365997475	0.30723616134701914	2.734833099841135	2.7267820351773304	1.1648401476858765	1.7871738856904342	3.152501108870759	2.6956925590184735	3.6212959352068124	1.2758948138146202	2.8024806740989545	2.4509044561826387	1.5105303708343412	2.413226836577498	2.2493502896683015	2.0044900544197883	2.9321125346063646	1.5115268201486582	2.2682331754701184	2.510538768043475	3.1775674892229797	2.419540217766906
GnotoExpt-FP536-S51	2.261338251857263	3.398493442989627	3.8792105470076175	1.447720615080535	2.449537226710327	1.7215114596926877	1.2405819397915276	2.615604542467335	1.77371960717145	1.9058056903267577	3.9276075308900853	4.038125465824945	0.0	2.7099023027104923	1.8156386096039256	3.6338078469190553	2.98306008024814	2.3058290971440236	3.1695542554265956	1.4958893153182276	1.8216684388953661	1.735673378688885	1.715310265473623	3.1573760832708766	1.6282693379827258	4.031689823816211	0.45560171604459165	3.2109603030848413	2.904651865202409	0.1768168693752015	3.442346050962441	4.299662026561113	4.090388406288098	2.6604325409045426	0.2582674383190194	1.8370117420959526	1.6352784404883836	1.6428096153364475	1.7424840475104129	3.0206016314609605	0.3602406979236982	0.36633420577292386	2.530856742403798	1.7702746528021114	3.4797856546254065	2.1799089513511576	2.503822469993519	3.3774618443081184	2.4579424307115127	2.175741099977432	1.8317333917573715	1.7072740792796444	2.0370185625370936	0.13226035003970288	3.0088678201435304	1.4481981910135777	1.8412162194875696	3.007933792535656	2.844433031966767	4.00365055392867	1.7822175336869324	2.557090635979486	1.8176496102096908	1.8835093388947752	4.14449752739901	1.8038110479257663	2.4559011271278877	3.1448470719132824	3.0137508841747813	1.486728150383788	1.8091908335145606	2.5573012435731357	2.975272301071985	1.5511838763584738	1.9367273404373018	2.828695442651436	2.002794439551772	2.161378625989844	2.9840489896358147	1.7258572167519595	2.852687002532992	2.267900329540539	1.8716361929751266	1.9705865555153086	2.344514411264743
GnotoExpt-DTT560-S172	0.4991374447270312	2.7532787941692356	1.77245072205472	3.087445238281309	0.2694195934679534	1.0813089470791128	2.8690358491020493	0.13134431732873392	3.1238836300840616	1.762607729097426	3.390328699276822	2.670978626948459	2.7099023027104923	0.0	1.010130495619645	3.2749847442240974	0.4900902090385276	0.40742591728733646	3.513858534470011	1.8593699951896472	1.0214563500377662	1.519326211713075	1.8703139533698085	0.45581241920685783	1.2781788249966	3.5940545395557106	3.1023011870441652	1.0329951107800204	0.7833141624783702	2.6102810840602966	0.987687923251109	2.928521003658773	2.763505912862335	2.4257247660492305	2.7404267229145685	2.6347333716194115	1.3274047759924406	1.189699621632166	2.9102239624924566	1.1159005646872409	2.485638577801678	2.4990469252901724	0.9070870774217153	1.5524166715585979	0.9523761475496623	0.652143898741384	0.8069869221043263	3.3857997650976936	0.34751004939569724	1.5357333353940648	1.872003670816341	1.245628079817133	0.7964514054012556	2.718439120776648	1.1868506446071265	2.741169041658813	2.4499451565952244	0.41388479234302716	3.2534338435088173	3.45922351025556	2.4501148791177934	2.8591548716697215	1.0450368216395403	1.125015588146412	2.5675847229850133	1.4770681780067538	0.2930450462008619	1.9593402305396217	0.9030922508298327	2.4432670868127646	1.164306005506248	4.062557504763159	1.4950313288178856	1.5413780501917664	1.8604313230559917	1.4630709366485444	2.0737714767139237	1.1362126716334677	0.6840108113515856	1.1812488783557602	1.4742462688609541	0.8429448468647007	2.1130664814765914	3.3825190537308907	0.6242940460418289
806rcbc403-S308	0.7504603880196591	2.861983082082256	2.557840544850423	2.4192623904787456	0.8051987412767176	0.250768300556323	2.157174011537089	0.8976029684551915	2.4837497839615508	1.1824453825298187	3.4458434468443038	3.123668563106484	1.8156386096039256	1.010130495619645	0.0	3.272928190739816	1.3635660535096568	0.6597698868764778	3.280043222843807	1.0318631606284858	0.1817268476293147	0.9431782265351653	1.147810962179332	1.4607204212396865	0.615806174831963	3.6280062309194054	2.2417079790523626	1.7880599069099512	1.4751527047965218	1.7164545631633954	1.9304003856082879	3.3810927594550253	3.1905455546123878	2.2810700862594673	1.885090334866045	2.059635501231021	0.7340212474071711	0.5225475503178855	2.309102015705133	1.6163173695043753	1.5841094947349663	1.6176147125875848	1.2215792520995064	1.0480698586597366	1.931786536292964	0.5793091556411385	1.1335949204886429	3.2425348235473743	0.9074520105403889	1.236018414683175	1.2236141798821298	0.6849037711989439	0.2853383926930548	1.814460572642037	1.6430479177331103	2.0085422806574322	1.848240308352455	1.3542862609247617	2.941192259137016	3.546370184501661	1.8441790677110241	2.501149040702328	0.06763836681837022	0.7458262523887745	3.099940833007807	0.836812705701661	0.7265511805786702	2.162800703213964	1.5433240936889812	1.67060905057694	0.5630832854560034	3.452466664366751	1.8507528834061464	0.8190211963589481	1.3651452867022356	1.6803715125742187	1.596070383270478	0.9445394884345266	1.436117352674836	0.3704819038755319	1.6941896119460937	0.8598556776319805	1.5814051615090399	2.801348662361405	0.7605847111690769
GnotoExpt-DTT608-S343	3.091566678054821	0.6233547225747733	2.5738917633274303	2.507553855417689	3.168110924312901	3.0416707651568373	2.5554780771733325	3.322105353454848	2.190753782893896	2.3521850013229177	0.3757315409317017	1.4873605729648	3.6338078469190553	3.2749847442240974	3.272928190739816	0.0	2.961010465672741	3.1407705130693233	0.9006132095700002	2.7658018532771957	3.1003101535497453	2.415795323813139	2.5740041109555687	3.396078346019883	2.7187628549762675	0.42536056243506754	3.698522256636942	2.5986999827524198	2.6476253341445974	3.708640220659149	3.1306661285624298	1.4899378830502914	1.3925176213007922	1.033633992463082	3.442975290125406	1.9092724396906453	2.608914022941484	2.8093409812636665	2.06066941361664	2.273351227992418	3.763313028088293	3.777792218087111	2.3832930403117407	2.2902710062451286	3.3271020295837475	2.8837968864273287	3.811690337499696	0.47570075811970886	3.182676860264337	2.083613763612733	2.4320092652535767	2.624807707201938	3.1082991419388235	3.750370781621499	2.1893910852449316	2.396398656186893	2.0160339283083	3.091416562365466	1.0349156614293986	0.39006826915122805	2.0226510710004466	1.2204670343040445	3.3243938404030677	2.5442548379142154	1.7317731838679313	2.5868826509598146	3.1933180967945365	1.392143695339464	2.5048810215316792	2.5090213395307743	2.7215710546649268	2.3933646360816367	1.842393978015554	2.626260707502948	2.078797599193437	1.8378909345618124	1.9064418166658172	2.3571136302936466	2.7341173919221133	2.9570444179406463	1.837417406123006	2.549886345857434	1.980492854771718	2.206182054186965	2.7755211986728066
GnotoExpt-DTT566-S178	0.7770068602983852	2.418057940917435	1.302613296499404	3.141354456815198	0.6270540870116382	1.3607403875739281	2.949157335679475	0.6115539313229016	3.1326726633463893	1.8113753678066624	3.0480792663879535	2.2261464686548065	2.98306008024814	0.4900902090385276	1.3635660535096568	2.961010465672741	0.0	0.7506665443593036	3.3012111637315678	2.024899509219577	1.3187481317206735	1.5961043512466673	1.9808994800032373	0.4366102639218215	1.4490324775172267	3.256127123038193	3.3449211744430545	0.570507142260793	0.4054876550842913	2.9040848413577254	0.6337723637074761	2.475019195157535	2.320147934030458	2.2104842714060826	2.976594304062752	2.6156463091635165	1.4619526227941433	1.3900769288555024	2.9072815444364664	0.724649174620653	2.8009735695848956	2.8128634468874503	0.7074373672455776	1.5929881801706574	0.6831885835420531	0.8486407324003811	1.211561110390624	3.1284725183404634	0.6476734755570556	1.4771494630012896	1.944120966244277	1.381265060266495	1.1038902221341018	3.0099820541669446	0.8066067400730873	2.8069647073721566	2.448435468841611	0.1313449110030334	3.0783421514136027	3.1059362109366053	2.452405621057803	2.7148723155274648	1.4081888637221527	1.2135865347489925	2.101487920854401	1.5930186299214277	0.6732782816816834	1.6138787251451772	0.4724560879523428	2.5377227140181993	1.3270777630960975	4.0289978811344405	1.1298888222804997	1.6852397162281494	1.8513559843926295	1.1597683307178024	2.0350288785761363	1.1183290017311505	0.23333395912976668	1.4249745090751598	1.168237807033398	0.8425135897767589	2.098800996493239	3.368520256860518	0.7125929152692009
GnotoExpt-FP464-S685	0.195045911567214	2.6441128236185802	1.9657992699653664	2.712156575072385	0.15266512023013246	0.7005538096650541	2.486726695076401	0.33490811681405125	2.769635576374326	1.4677098654581493	3.2910532905967615	2.708086763945394	2.3058290971440236	0.40742591728733646	0.6597698868764778	3.1407705130693233	0.7506665443593036	0.0	3.2841666132037473	1.5098334638533208	0.663857612398866	1.184231556053863	1.548903057227058	0.8559758711565889	0.8993307429910274	3.485355459881252	2.6968642282214756	1.1979174667051802	0.8870281734930288	2.2100738871454526	1.2761773767495412	2.9764781752337246	2.7950517483474715	2.2196727421621976	2.333892487073171	2.305735654697337	0.9548599164840448	0.8002229045095103	2.562001423585082	1.1765538940401896	2.090568761335628	2.1047485608621184	0.8044158451065107	1.2237727886678103	1.2758057250051085	0.33319090096370396	0.7882116191640116	3.198155223272653	0.27060752141002203	1.292018336627693	1.5663023364212527	0.877900596788453	0.46692195835788375	2.3175752093266593	1.2270113532352878	2.3756572522917927	2.128927477547848	0.7341443331682254	3.0038084554438864	3.3641574507351932	2.1221607480905837	2.6031391065172618	0.7079805606213723	0.7848683023047828	2.6485706573979315	1.1580943844250693	0.19816043309121176	1.9039403202019214	1.017687980446495	2.0896733251136568	0.814532834379796	3.7208778240713243	1.4673504904882235	1.1779289562765776	1.5662499345909515	1.395324165217418	1.784879257465975	0.8853197910783145	0.8580318457302888	0.8208022725607919	1.4120120105269334	0.6164012605654002	1.8043407380993315	3.0326850785613235	0.42309164632233076
806rcbc434-S339	3.216888718817356	1.2206562856883985	3.1435180523996125	1.8477570739803044	3.3461249893447045	3.0308241546939847	1.972278138123318	3.5333578501311056	1.5382073222471406	2.3195247265935612	1.23331483864123	2.2135274217368055	3.1695542554265956	3.513858534470011	3.280043222843807	0.9006132095700002	3.3012111637315678	3.2841666132037473	0.0	2.615334470463096	3.1163231929777395	2.3675423366941173	2.47051063701809	3.7317516390950947	2.670992090618183	1.18394876905465	3.137357749628435	3.0191216068438793	2.9796187002330505	3.2768722697917356	3.541241490218854	2.2893885999952803	2.158456423534997	1.1050272818332796	2.948360699325523	1.4928994294478066	2.5542894415536734	2.771626725642838	1.47063628598536	2.694336666758708	3.371132578898201	3.3804635620794934	2.6274101629686366	2.240470623504234	3.723904670308015	3.012420826573788	3.9145002397907103	0.4668871734081329	3.352179766400188	2.1810579032004576	2.3571412741004454	2.5985587585037786	3.1861235063138076	3.2970294151009747	2.613486335262685	1.915060238188511	1.7276335772957783	3.4248748089690433	0.43960533944001967	1.2379145307487935	1.7074435920828628	0.9297305653624625	3.328511948562562	2.57618301829875	2.4771809984112876	2.5703072902376993	3.377391228454211	1.913750366620564	2.897723100421414	2.1862676539045554	2.7344552583128876	1.544065219145193	2.258287709864017	2.53079611504172	2.0242035534106693	2.215979336576566	1.80933379238635	2.4836466580653864	3.096472329863233	2.9448498245359866	2.225761622983958	2.7154012813772326	1.8213504858059766	1.4403066192210845	2.958880905064252
806rcbc520-S425	1.5576764686716782	2.5267235526877188	2.9564224834324357	1.704293760105091	1.650222013850913	0.8563063205140122	1.4276610776572325	1.782787376031259	1.6398040371279485	0.4921546226664336	2.9582684349691055	3.0943522872077707	1.4958893153182276	1.8593699951896472	1.0318631606284858	2.7658018532771957	2.024899509219577	1.5098334638533208	2.615334470463096	0.0	0.9068067917515455	0.5483841457064708	0.2509643819227075	2.2749828832343844	0.6869689747817266	3.1105258386502017	1.8361810058645944	2.2696714599542718	2.001536061774457	1.4944944230744126	2.6074756219010733	3.3122149505715948	3.1187034550834287	1.789085431024682	1.4943936255220638	1.21331314241562	0.713817217339077	0.7832388903832145	1.5073620082294237	1.8911290448669802	1.4539557358607764	1.5141421632244245	1.565148202730068	0.6702826825350525	2.6743067097145605	1.2276423567016084	2.1211315998577778	2.6196477566595178	1.7478423498078035	0.9018409784810681	0.39913872119545296	0.7531203789237882	1.1007148111669516	1.5463240246733787	1.869541195725275	1.0999442809882638	0.9462176765363861	2.071735729174818	2.2143546568351287	3.0930099544287555	0.9591152316905598	1.745077016036481	1.0378068091870056	0.9085090926126289	3.1429210731363373	0.45210679417914623	1.5763166298798867	1.9970707947861328	1.9675986148992737	0.6711173239384742	0.7182041342458105	2.5731691519794495	1.9446094909051115	0.41437822874103264	0.6992277747911655	1.6748992408455723	0.8625334809169173	1.0056872234055028	1.984857870802088	0.7060095421931627	1.6835017512548915	1.2178438704769108	0.8058795711188665	2.043049635677005	1.3162712720567558
806rcbc169-S266	0.7515082063831053	2.6987035790826077	2.473998204754595	2.3175987305540198	0.8111858607718448	0.13048301638987747	2.0577725200645602	0.9227147938482732	2.3558713331818293	1.0118003629347023	3.2706559991491484	2.9838406420507937	1.8216684388953661	1.0214563500377662	0.1817268476293147	3.1003101535497453	1.3187481317206735	0.663857612398866	3.1163231929777395	0.9068067917515455	0.0	0.7741701767135015	0.9983520676239828	1.4668914681076144	0.4705021312602395	3.4527826060878573	2.2351455483555496	1.7104026126197733	1.4026073331887527	1.7378738881090217	1.901493681346859	3.2365755417443602	3.0455909330237967	2.1118355919373775	1.8705351707540618	1.9097228518205855	0.5889960175612948	0.39354353790413216	2.1767272271330684	1.494762902862823	1.620491695717052	1.656195434843344	1.106445074270373	0.8809801268578423	1.9211064101874638	0.49207926143785685	1.2451350755685175	3.070406282936877	0.921065857308649	1.0551875025114497	1.062457696703148	0.5333230565368469	0.23279192861740103	1.832891231816408	1.514713819937417	1.884958192621608	1.6918875516010747	1.3258196302905603	2.775091229599335	3.3745871201107067	1.6908159770201128	2.330509513594607	0.2248150620826115	0.5925332890482278	2.9661719224089897	0.6657392190974208	0.7297475305658296	1.999398624676411	1.4470675365737393	1.5415227014369521	0.3871881735227062	3.321872927902877	1.7122423264081281	0.6693263747493378	1.1911383610092268	1.5251321805481155	1.4237831783474753	0.7761945105266849	1.364119662372559	0.210136250562507	1.5383270583993747	0.7254615112024574	1.415342589401921	2.67989208506377	0.660358883775864
GnotoExpt-DTT392-S538	1.1979926967104602	2.0903110760874455	2.4299673513543127	1.7299879755724994	1.306392662586098	0.7024153177023955	1.4918543495846512	1.4714224238652944	1.6716107876943929	0.39359059364854854	2.610941159446315	2.585017212654714	1.735673378688885	1.519326211713075	0.9431782265351653	2.415795323813139	1.5961043512466673	1.184231556053863	2.3675423366941173	0.5483841457064708	0.7741701767135015	0.0	0.5004983074306744	1.905986347098107	0.38234279663287074	2.77655164820747	2.0541048387709897	1.7650137576637095	1.5074089404561628	1.7258790954513115	2.139889011454392	2.8190567142293546	2.6213643373312627	1.4103845971729483	1.6876001968887218	1.1658138803497071	0.32874350449087214	0.5038967457199935	1.4798458702692023	1.4010716749150873	1.6864002879979896	1.7238776868631396	1.0491974044499073	0.15314311627087776	2.229147261104716	0.8717586886524252	1.8695940791593635	2.3350793713060782	1.3832168109603578	0.46038880441952534	0.48195098721421586	0.35523194914524314	0.8936477380697991	1.7993180717987445	1.3757032362060766	1.2453440459251088	0.9514697865978331	1.6638366656727346	2.009797135833164	2.7230610331966445	0.9506920477280267	1.5592421374180128	0.9820141027124085	0.44058421785866125	2.6308061847402624	0.2672205114869693	1.2683134024967406	1.5291996613200693	1.4799699585387887	0.9451439701385564	0.40655767974516044	2.6169547866667546	1.4141958086361455	0.2305481732065485	0.4391405576486895	1.1732982520255162	0.6597394900139676	0.5098025492079166	1.521916674186363	0.5846041721717494	1.1879613437243546	0.7547628653635923	0.6479061684453795	2.0104526193547585	0.9198202630526103
806rcbc526-S431	1.6027306078661778	2.352635745166175	2.849787247554986	1.745981646245108	1.678268038985478	0.9597285535745543	1.485903112385326	1.806829185117908	1.6157624725810662	0.2752455571729602	2.7492626900505632	2.9286277569246684	1.715310265473623	1.8703139533698085	1.147810962179332	2.5740041109555687	1.9808994800032373	1.548903057227058	2.47051063701809	0.2509643819227075	0.9983520676239828	0.5004983074306744	0.0	2.2601262663116013	0.756571574819906	2.905082709836519	2.0309790049353214	2.1903999367559237	1.9454204740129886	1.7244949600168344	2.563373828776356	3.132699790963859	2.943838932442847	1.6251490526416146	1.6920068248458402	1.12619956550655	0.7620487555672342	0.8669840566828249	1.4748539302331776	1.7683277071122407	1.6931664012624605	1.751066589641154	1.4987605368668777	0.6080767022338006	2.6436297908366826	1.2399552234254996	2.2205120674428658	2.4419710668410124	1.7832577177852569	0.7344249982563129	0.15482599445122872	0.7906388506964038	1.1574970357033585	1.774083251157533	1.739049376603261	1.1010882431748916	0.8224136669459932	2.038526254675904	2.0651408721807143	2.893428375819299	0.8545312686984685	1.577899375769208	1.1591816936698354	0.907045986001975	2.976167527257043	0.3977971844060986	1.5990951943157956	1.808018762503095	1.8760770470155823	0.6560856357634953	0.7448320334883712	2.528129608156776	1.8101652644779096	0.4771329338293111	0.5176697763568081	1.5181756478368884	0.6804273206605483	0.9221946201010046	1.9185505492270392	0.7943781077446794	1.522951147524166	1.1718359135450755	0.6544161485521757	2.028515359222577	1.2921621786421271
