	IL17.DTT.115	IL17.DTT.116	IL17.DTT.117	IL17.DTT.127	IL17.DTT.128	IL17.DTT.129	IL17.DTT.139	IL17.DTT.140	IL17.DTT.141	IL17.DTT.188	IL17.DTT.189	IL17.DTT.201	IL17.DTT.199	IL17.DTT.200	IL17.DTT.217	IL17.DTT.218	IL17.DTT.219	IL17.DTT.25	IL17.DTT.26	IL17.DTT.27	IL17.DTT.105	IL17.DTT.103	IL17.DTT.104	IL17.DTT.49	IL17.DTT.50	IL17.DTT.51	IL17.DTT.85	IL17.DTT.86	IL17.DTT.87	TKO.DTT.1	TKO.DTT.2	TKO.DTT.3	TKO.DTT.43	TKO.DTT.44	TKO.DTT.45	TKO.DTT.31	TKO.DTT.32	TKO.DTT.33	TKO.DTT.19	TKO.DTT.20	TKO.DTT.21	TKO.DTT.55	TKO.DTT.56	TKO.DTT.57	TKO.DTT.69	TKO.DTT.73	TKO.DTT.74	TKO.DTT.75	TKO.DTT.87	TKO.DTT.91	TKO.DTT.92	TKO.DTT.93	TKO.DTT.103	TKO.DTT.104	TKO.DTT.105	TKO.DTT.109	TKO.DTT.110	TKO.DTT.111	TKO.DTT.123	TKO.DTT.127	TKO.DTT.128	TKO.DTT.129	TKO.DTT.139	TKO.DTT.140	TKO.DTT.141	TKO.DTT.151	TKO.DTT.152	TKO.DTT.153
IL17.DTT.115	0.0	1.9441456023578525	1.86713177652128	0.3184077509029286	2.7763861828636784	0.707384418701451	0.8598675133967625	1.242992176739887	1.7264473191828777	2.3570537865343657	2.122918242290764	2.5090439083305767	2.4457209296674662	2.7322181168486708	0.6682705694590193	1.9984986572150119	2.110630549684952	0.6785704064680317	1.8051610431744154	1.5588273112345634	1.3005352786134294	0.3256106433070954	1.5918206459196635	0.2887003793401577	1.4752191900301246	1.4200274545180465	0.9437855886753367	1.9456844090459187	1.8286678907793334	1.4605757932549972	1.8330821662946564	1.9122003449320106	2.0636577850554816	3.083093393901299	3.332145805915715	2.3801761214053228	3.3806616696494785	3.310797482242911	1.9316860018806767	3.0018833817946264	2.7240786092963543	2.0500176188851347	3.024179760461887	2.7425106859838455	2.824164540130355	1.4432325999324516	1.8238887669567108	1.9831574116837063	3.121373812901829	1.3864611961412738	2.2103199840381915	2.009615747431692	1.3777618347533016	1.8631875438036545	2.0864628758927277	1.890885210260967	1.9084047150686485	1.920379428364822	1.4412151653148482	1.7913325492911512	2.6861373466007845	2.633977757376497	1.745221728335471	2.8211600143244415	2.665940698614441	1.4641586062685885	2.7621452452412476	2.7043418155212877
IL17.DTT.116	1.9441456023578525	0.0	0.599066372217025	1.8660191167751483	1.0455432483103002	2.4564122763570952	1.1203062637746197	0.8678005549608001	0.8089115601149224	1.1006309689262823	1.0283623617528543	0.6352422469631841	0.525269850830174	0.8592872854692215	2.5580118544485577	0.17380186751021895	0.4558591159345553	2.437470658371227	0.7432396342291093	1.002107128930082	0.7920791744721493	1.6754300455029278	0.5709502968520906	2.065400717572405	0.8008383637090154	0.883404602960087	1.3469328597650763	0.2060133782462456	0.20697665597564033	2.152202223081946	3.7175117952889587	2.7786967173475823	3.4361825541318396	2.673116389708505	2.929631660593866	2.589522276022821	2.7959704038269066	2.6647506123078006	2.317396466991906	2.5588645720437655	2.750847134154175	1.7822452109175395	2.7063160970783664	2.597228064500889	2.656241231764721	2.484918985500824	2.018543713703904	2.524494410106909	3.085015185754736	2.651947359102177	2.416621422009152	2.4450841135943575	2.5492828678620594	2.061455734183935	2.5892164942933387	3.544016716010507	2.4841113868548805	2.69729751131512	2.3732775379284115	3.1809945173057903	2.2733756309765827	2.5663137420089694	3.234739196736359	3.0592567844606564	2.684645620993091	2.940629844959525	2.5046885097193496	2.6257600076789425
IL17.DTT.117	1.86713177652128	0.599066372217025	0.0	1.88673444544623	0.9765762477090523	2.2390943345275494	1.0533719198484466	0.6298688403104352	0.2511755899673919	0.7211322108570487	0.5140384239485156	0.8064871544643486	0.9394038997117642	0.990873764516878	2.5224459899059	0.4615304673850381	0.34809380077227564	2.461007658684763	0.18733868662572975	0.5059936291244104	0.5814849418451631	1.666501826254558	0.30266792744543386	2.034998721085378	0.41397657763758894	0.4945869092780064	1.5548382513532573	0.41739410499242136	0.4111241383466869	1.689496226741242	3.497419308735389	2.282645976241224	3.0156410593762675	2.098565683438217	2.360603555442766	2.0203792339542006	2.2459831436522872	2.1210233398839105	1.7764804586041902	1.9819018218448823	2.1607431536787445	1.2427427305953078	2.124006043851147	2.008026622302307	2.075821462745895	2.0487340929768982	1.4665942379062409	1.9877498742125523	2.5006615537143095	2.2551253493992345	1.848514794493712	1.9014154224478808	2.1431651949882347	1.5174563805795092	2.0510676691584218	3.206631650556187	1.9552199324290167	2.1887313529755374	1.9244553171148897	2.777915517719798	1.706681224000442	1.9826217893314768	2.8570158771848173	2.475913209557879	2.096387023181562	2.5773517818451452	1.9248627911567944	2.0361577287456467
IL17.DTT.127	0.3184077509029286	1.8660191167751483	1.88673444544623	0.0	2.7541162775697927	0.978075156725468	0.8702312280330969	1.2835767388251527	1.7822451150831269	2.3901143875923974	2.1804869719192093	2.450789225444015	2.3490211991649055	2.6767353086617494	0.701516741873128	1.944956696532066	2.0886287209325602	0.6290301636024879	1.8441494934994866	1.6421281299840922	1.3274671678269654	0.2271492281179126	1.6004863106373628	0.3623643013235757	1.5259424213809107	1.4864582070825962	0.7317856357609379	1.895908253951531	1.7801263888374126	1.7126887400303155	2.0396172688125502	2.2069627194082737	2.37350447342994	3.2741107958479785	3.5266668022171492	2.620459561599101	3.5538216382878955	3.4750423141880855	2.1800206617217524	3.1896582362973622	2.9612540446392694	2.204178001807079	3.226171807129537	2.959114769395663	3.033467492427869	1.7436408888397532	2.052963370814264	2.2569110753573893	3.351836669335043	1.6911498630783552	2.449738003635423	2.2676330212403384	1.6713648839528559	2.0834374614873274	2.348123692558873	2.1773287491657856	2.1838916741174694	2.213718583397032	1.7372976198430177	2.0976305087278715	2.8594685279321514	2.8526775124680754	2.051507179489117	3.079441818724433	2.8995424468966227	1.7753436692192328	2.960669042802646	2.92800375457207
IL17.DTT.128	2.7763861828636784	1.0455432483103002	0.9765762477090523	2.7541162775697927	0.0	3.132115595329678	1.97984721526641	1.5824476286174076	1.1615235676215239	0.6771185024779791	0.8816610332891397	0.46526351883697764	0.7854085171996752	0.3520364182215049	3.404729222461899	0.9114324028160454	0.6979679401624936	3.3579029221326033	1.041410555262879	1.3628447844725875	1.5332677501285463	2.5414400180247623	1.242719751280616	2.95441040586241	1.3804173473596841	1.4617417978752314	2.3530156740435135	0.9203907481030129	1.0484667505835574	2.458784759475419	4.398027084553084	3.0321652433271993	3.852172511484038	2.2370064265259924	2.4455997165387786	2.528472095947544	2.2252275606590373	2.079717592414318	2.433179116886932	2.133938622509444	2.5697206778067727	1.6979239156906818	2.32275189861002	2.344188903685213	2.3598859397109466	2.887266018385798	2.1570493334236165	2.6854030266986437	2.7851674035795884	3.104634384356584	2.408980183132283	2.5545773538617182	2.970072733666727	2.1566838535403057	2.685906614110611	4.093561622847078	2.6744907992185736	2.938797089636985	2.768677471967539	3.618743036385085	1.9173420949961133	2.356362491713097	3.7272104892531175	2.9318055421719276	2.5091670828730517	3.464079628376977	2.1923543205943505	2.4067538306957585
IL17.DTT.129	0.707384418701451	2.4564122763570952	2.2390943345275494	0.978075156725468	3.132115595329678	0.0	1.3941243862302861	1.6544309538729969	2.042151384084761	2.5995174552394222	2.3607322521821543	2.948565060986916	2.94695896594792	3.1583283305648244	0.7902392609539167	2.4737441492701313	2.5183237723440866	1.0635541795976051	2.1294543069745546	1.8139469554113448	1.7317820814920413	0.984293226026288	2.0133476183650685	0.8689748804100987	1.8388246753192918	1.7696034204812694	1.6420032411867485	2.409952794087436	2.306523153595163	1.1854010379164446	1.2753025215771556	1.4582252550739323	1.44441705556226	2.9324796811357676	3.153012200441782	2.092885314814862	3.2612799601453353	3.2194978739154734	1.6663906885253734	2.874235054939048	2.466141024290144	2.009156710164506	2.8486724938154633	2.5406067772991228	2.6131851056951834	1.0276817333792576	1.6835476226788868	1.6593602580818638	2.8328576524767706	0.8496804790647627	1.9596076091683767	1.7088386501967068	0.8736433389211398	1.6913218967628052	1.7343281175179024	1.2473035847557088	1.588627936157602	1.517597608730421	1.1030740310949507	1.1613896098227559	2.5802962185252825	2.414051698058662	1.1180674185103958	2.474741728993332	2.4161653472626057	0.8730522506211731	2.5922786894753327	2.484169071772065
IL17.DTT.139	0.8598675133967625	1.1203062637746197	1.0533719198484466	0.8702312280330969	1.97984721526641	1.3941243862302861	0.0	0.4454885258692727	0.9609732730193234	1.6488221071857092	1.4099551331916884	1.6910608383226555	1.639626451471666	1.9144089506578732	1.512673038561184	1.1636839802703522	1.2906650404008424	1.4112355063942421	1.0349908990210384	0.8833688010457706	0.4757871188353067	0.6622759714421731	0.7592116456810424	0.9892585904167152	0.6901041891015859	0.6540858820817756	0.6903674022111993	1.1184639228993714	0.9938831524661842	1.4458949127749303	2.6227948057613717	2.028314979469745	2.4871479268202776	2.6746896288912816	2.9422848903960612	2.197717955121954	2.9234518074788367	2.827660756628245	1.789294172096681	2.5719752303396515	2.469393790091445	1.638666909293919	2.6470709803420065	2.4175119087049053	2.5054822992238175	1.6220316659896878	1.5518955412126012	1.9147215493576248	2.8739797982555864	1.7207761583407262	2.0043493007519366	1.8987733823845132	1.6585094860384808	1.620288277255511	2.0269472583171133	2.497300434560731	1.8500840065013842	1.9758297529769258	1.5384951442203183	2.2252559980047772	2.2626586522297214	2.3413050240837396	2.235909642270995	2.6721419503519135	2.406147304629266	1.9333502462976264	2.4003522163852655	2.4046316716104545
IL17.DTT.140	1.242992176739887	0.8678005549608001	0.6298688403104352	1.2835767388251527	1.5824476286174076	1.6544309538729969	0.4454885258692727	0.0	0.515516388761139	1.2241432138241635	0.9719391476029591	1.3475095391052152	1.3667522641107164	1.5600043789082116	1.904470472190454	0.8513035782323496	0.9088719862305412	1.8420237628041365	0.5951422566822868	0.47005316762115795	0.0863887986889224	1.0620620347440337	0.3641633949049362	1.4090724613986314	0.24600524107292351	0.22218223551355767	1.0650136358168292	0.7970001110894226	0.6889536810250556	1.3579607206874025	2.909848761200374	1.9686103361428908	2.574354582591425	2.3136690935354727	2.5832108337420494	1.958941762200158	2.5378352386266134	2.4337158436761217	1.6009367800013947	2.2053811650909454	2.1897441409102467	1.3071251857105406	2.3010909095782406	2.1026732747427643	2.1863150884088633	1.6355464286135153	1.321218792501717	1.7686338129157189	2.5796100870222465	1.79571707892372	1.7673036843764154	1.7214565669639514	1.7047858885160996	1.3869496102570837	1.8635215558001341	2.683238318796106	1.7157780512849785	1.8954341432692923	1.5276869687125625	2.320916893016343	1.9012527005543145	2.041631426291274	2.3692416948444617	2.437468062158631	2.124628223728812	2.0748076553368566	2.064661733942924	2.10301808276738
IL17.DTT.141	1.7264473191828777	0.8089115601149224	0.2511755899673919	1.7822451150831269	1.1615235676215239	2.042151384084761	0.9609732730193234	0.515516388761139	0.0	0.7618240558885566	0.48313695012628255	1.0429341592848973	1.1810671816946863	1.2195124648984919	2.383878785680841	0.6929122314089119	0.5837218359967734	2.3486970251997095	0.13593337749840168	0.2694310249758266	0.4982464361047943	1.5570089957070277	0.33246528846153645	1.911120246001382	0.27341920492857047	0.32853041867148775	1.543727651011902	0.6383888128380537	0.6053676782776263	1.4410460485949605	3.291677527407369	2.031677061249108	2.7703415973910386	1.9465459457221639	2.213565865556728	1.7926592882400771	2.126467289144322	2.0100623610771	1.5313517601311755	1.8317577547373747	1.9527171290872805	1.0434131204878108	1.958464885778861	1.8156774692252082	1.8894020543752559	1.8023266881259803	1.2225024852306563	1.7406214561060904	2.307901061594455	2.0133824159429743	1.615818845725459	1.6564123274069342	1.8998406770293133	1.2760098102757436	1.8062481461738527	2.9747304548850964	1.7068601915946195	1.9389586722018983	1.678151823953286	2.5342240647234755	1.5455306287248913	1.7807015195824725	2.618356590338125	2.255111521771336	1.8875744076816887	2.3426238954968426	1.7459248595496248	1.836486141009481
IL17.DTT.188	2.3570537865343657	1.1006309689262823	0.7211322108570487	2.3901143875923974	0.6771185024779791	2.5995174552394222	1.6488221071857092	1.2241432138241635	0.7618240558885566	0.0	0.317073385842047	0.8658974922255666	1.1447466720279598	0.925205116053992	2.9787390004826513	0.9475528145089094	0.6695939682932593	2.9944037850322274	0.6529187431602896	0.8604372448876082	1.2084603991246563	2.1673441293080717	0.9815569869298919	2.57376541405744	1.0120241157904424	1.0740980357154606	2.1550390155170467	0.9023744897173627	0.9850447616855438	1.8235983612821325	3.8413986979608925	2.39529102203328	3.231696977468969	1.7117293408027912	1.9418700575568715	1.8852882394530728	1.7720698051383348	1.6355801080993675	1.7878261853248003	1.6107024232821892	1.9683833487487914	1.027707479581206	1.7778567711248314	1.7541778186053492	1.766113328821969	2.2780351885276726	1.535889170441988	2.056143125024205	2.2010396132345007	2.4944315114275653	1.768971216159491	1.9115605649870833	2.3498853413889105	1.5077480873506681	2.033352656259743	3.497268448888225	2.047884958785357	2.31251326961116	2.169884127640651	2.998259682776832	1.329255051998683	1.743323066373694	3.122501176186281	2.315701605413541	1.9016768526472099	2.87370331593855	1.6039760472401492	1.8089409674731423
IL17.DTT.189	2.122918242290764	1.0283623617528543	0.5140384239485156	2.1804869719192093	0.8816610332891397	2.3607322521821543	1.4099551331916884	0.9719391476029591	0.48313695012628255	0.317073385842047	0.0	0.9617842401433924	1.2070773036008429	1.0696347369791732	2.7601961044833994	0.8736031221075031	0.6202661217540495	2.7667429851135084	0.404757194477843	0.5792574724627922	0.9621649210616056	1.954233150012008	0.7602586139268601	2.333899262359873	0.7460084337801082	0.796793451443784	1.9699622759371342	0.8225935530119536	0.8679485109081894	1.5835962365411262	3.5985715617521485	2.151711832405531	2.9742681371273476	1.6547101545720657	1.9064890243304307	1.7096330277151106	1.7741222397315717	1.6457349779841495	1.5628340524032303	1.5443147085200655	1.8139664537516782	0.8764186956200534	1.6977388789085204	1.6248003024115647	1.6649741178443735	2.013637664899584	1.2840183276453403	1.8143810388556794	2.099954744587016	2.238646060904093	1.5694917210137553	1.687378019818442	2.103024858542862	1.2856471307672295	1.822496451011405	3.238097108466983	1.799968474786319	2.061017377859276	1.8965996916874401	2.7452422468007693	1.257962211595594	1.6072310940120706	2.861037901825628	2.152504866609258	1.7474503343366876	2.6071411313842283	1.5060804508126024	1.6678181173615596
IL17.DTT.201	2.5090439083305767	0.6352422469631841	0.8064871544643486	2.450789225444015	0.46526351883697764	2.948565060986916	1.6910608383226555	1.3475095391052152	1.0429341592848973	0.8658974922255666	0.9617842401433924	0.0	0.3335828832007814	0.22784471812243673	3.129012194679121	0.5408803398617044	0.4625411308420985	3.0426477868280863	0.9282523896664484	1.2666945421853368	1.2835225769396126	2.249958211985101	0.9961176203022548	2.658739475570505	1.188587671530326	1.2771555983811789	1.9735029510062065	0.5734844402553444	0.7030392380372124	2.4387191576784257	4.221976478008603	3.0473756383305983	3.8035982882125188	2.5279257686687027	2.7589469768625507	2.670854806582729	2.5684301683260133	2.4260592508424623	2.4972285647964467	2.417923343342478	2.762617428974174	1.8230096711332218	2.5940915804158404	2.5626908661229413	2.5971692266749673	2.8333731188294333	2.2030347635645815	2.7348584788243135	3.0309203060165903	3.030628991517327	2.5257589188181266	2.624111636424179	2.908315337848697	2.2220795521806784	2.7637623859565217	3.9836114397817544	2.7108221005794775	2.9574959544106854	2.715727076743883	3.557761010936385	2.1689840813641426	2.5576896390086135	3.641814677406549	3.1087262958783257	2.6987960892704574	3.3615834287847086	2.432613846275248	2.612416586398449
IL17.DTT.199	2.4457209296674662	0.525269850830174	0.9394038997117642	2.3490211991649055	0.7854085171996752	2.94695896594792	1.639626451471666	1.3667522641107164	1.1810671816946863	1.1447466720279598	1.2070773036008429	0.3335828832007814	0.0	0.47991295549019924	3.0421714477381605	0.5286826813110814	0.6208399428557565	2.927194207042209	1.0784996246581362	1.3949524312016308	1.2955275707276592	2.1647662340899503	1.0390584316788978	2.571035707539137	1.2590862930048383	1.347567368887651	1.8069293327051719	0.5778611204248923	0.6809799403958324	2.5693299095394098	4.215192236215276	3.1974559400738203	3.90451976003567	2.823532579137704	3.060811160518203	2.8959540326127136	2.881166839260838	2.7403214548842625	2.6828353709769646	2.712806048132611	3.016132813152743	2.0445742277291012	2.8822264956702472	2.8288982966569365	2.868176362416507	2.941210838352135	2.3874490590021056	2.91235527215659	3.3034731432144415	3.1183387902245743	2.741079563089344	2.8119175258525617	3.0037949289230825	2.411608248786562	2.9521748116539412	4.036591098775349	2.8809716900679265	3.1135019322988784	2.8286015272370335	3.649484592101614	2.44802294008827	2.814045795678485	3.717090754950067	3.350697967174143	2.9505821249322794	3.427871760191862	2.7067467673241734	2.872510597712004
IL17.DTT.200	2.7322181168486708	0.8592872854692215	0.990873764516878	2.6767353086617494	0.3520364182215049	3.1583283305648244	1.9144089506578732	1.5600043789082116	1.2195124648984919	0.925205116053992	1.0696347369791732	0.22784471812243673	0.47991295549019924	0.0	3.35287633700067	0.7644225334668066	0.6574638072645109	3.2700691969602813	1.1032248070086643	1.4440181815687498	1.4975979801052266	2.4750445977278304	1.205628415934808	2.8848038027897425	1.3882954311525297	1.4753768125033004	2.199307856407122	0.7981398044719956	0.9273562729623022	2.6016854084870085	4.431691913366601	3.19801366496461	3.9772650480486176	2.549336548258343	2.7680427193188097	2.770196573348539	2.5576076444093725	2.4127654627602624	2.628242639150938	2.4418357997646964	2.8358085582658394	1.9277600973820892	2.6265116407365374	2.6232162596360853	2.650404221102186	3.0067870064825386	2.337385121065764	2.8702421282034742	3.0803040463997133	3.211895353159578	2.634733661322042	2.752996577932109	3.086117896324806	2.351974569977125	2.8908968494837017	4.1764445767570715	2.851039175666581	3.1051185330223143	2.887235330318248	3.7359137083049174	2.2139929807420238	2.6283682193068474	3.826867582044538	3.1913838708426754	2.7740210738659234	3.5508457208495114	2.483434015499781	2.679456471717759
IL17.DTT.217	0.6682705694590193	2.5580118544485577	2.5224459899059	0.701516741873128	3.404729222461899	0.7902392609539167	1.512673038561184	1.904470472190454	2.383878785680841	2.9787390004826513	2.7601961044833994	3.129012194679121	3.0421714477381605	3.35287633700067	0.0	2.6271946981074277	2.7493881043737356	0.41572731852348693	2.456566762014601	2.205015174715824	1.9608765477089682	0.8833639015578009	2.2471197399069514	0.6032404502212457	2.137073733499756	2.084060447805287	1.3972095685432298	2.5742031917500476	2.4599126063173107	1.9083725345467868	1.4360080517257205	2.240072373423982	2.1343026549370006	3.618738303460082	3.8531790491786024	2.8372693565597737	3.928606786708391	3.870099106001706	2.399320995592416	3.5496816058777885	3.2052172469467655	2.6066422918272396	3.549003591460347	3.253691547009971	3.325864176858785	1.7915059632656771	2.3593250832018255	2.4141133479795105	3.581174322144879	1.6297789437969732	2.69015203171554	2.4571102090221397	1.660856897638258	2.3779074547584376	2.4989550781531893	1.7794764811224277	2.3404720545215634	2.287401361736277	1.8416221547674885	1.8825532235986417	3.232820802873973	3.1322896279805614	1.7864107969118945	3.244319853008907	3.1508479401903506	1.573028804289816	3.284915681147494	3.2059396586887954
IL17.DTT.218	1.9984986572150119	0.17380186751021895	0.4615304673850381	1.944956696532066	0.9114324028160454	2.4737441492701313	1.1636839802703522	0.8513035782323496	0.6929122314089119	0.9475528145089094	0.8736031221075031	0.5408803398617044	0.5286826813110814	0.7644225334668066	2.6271946981074277	0.0	0.28822133461478056	2.5223401760553297	0.6156700672221196	0.9090909959932082	0.7783080113533409	1.7443729221202324	0.5128722437170183	2.1338565731795414	0.736932831878744	0.823700122078688	1.4667727089929596	0.08451049992696802	0.17064378932995777	2.084603092748187	3.7397333392454675	2.7024652744721864	3.3921607858251535	2.516829849440423	2.771897741642511	2.469658896692817	2.6329954475961057	2.5007654575235048	2.217110094621727	2.4017742728289884	2.6151628278643906	1.659037195980533	2.5534339669060793	2.4543806632663636	2.5126940526212067	2.4321163868731026	1.9140367695480802	2.4293306810705824	2.9426045328194155	2.6134942692226524	2.3000316039240754	2.344363612677286	2.5061457177874105	1.9567294865585227	2.4901387131004924	3.529416761237636	2.392855837719525	2.616072658921246	2.3156761607133816	3.1423031965347548	2.1242447267783113	2.429167520579295	3.2056185961008303	2.931961731819686	2.549754473977393	2.915690250597788	2.3584670859542745	2.486149902608698
IL17.DTT.219	2.110630549684952	0.4558591159345553	0.34809380077227564	2.0886287209325602	0.6979679401624936	2.5183237723440866	1.2906650404008424	0.9088719862305412	0.5837218359967734	0.6695939682932593	0.6202661217540495	0.4625411308420985	0.6208399428557565	0.6574638072645109	2.7493881043737356	0.28822133461478056	0.0	2.6787614857731468	0.473454460745812	0.8117585875681396	0.8507576201428922	1.8762205402063448	0.557526697025467	2.2726779344092907	0.7315033329460159	0.8193063501770185	1.683379051550793	0.2677989311656956	0.3731693758664896	1.9945646741227958	3.7877058217728337	2.602171118041408	3.345239195422752	2.2622927597188665	2.5121748412854497	2.2846847912899158	2.3618640650526586	2.2273840962996783	2.0733399830635766	2.1484361853327774	2.406903976738484	1.4566186356735242	2.3073783999906343	2.230013351427671	2.280007756829893	2.3758636352819815	1.7732294767152386	2.301196359543816	2.713029890045832	2.574845564808889	2.126042569632521	2.2005785373635263	2.4563646942694373	1.803616793999895	2.3441649755066596	3.5273930793212434	2.272608352710324	2.5123652914318506	2.2568824143933663	3.101188418036157	1.876848468221649	2.212127836164653	3.183038852291849	2.7372799876204845	2.341674764299587	2.9027625572822346	2.1214798057795123	2.268700780894827
IL17.DTT.25	0.6785704064680317	2.437470658371227	2.461007658684763	0.6290301636024879	3.3579029221326033	1.0635541795976051	1.4112355063942421	1.8420237628041365	2.3486970251997095	2.9944037850322274	2.7667429851135084	3.0426477868280863	2.927194207042209	3.2700691969602813	0.41572731852348693	2.5223401760553297	2.6787614857731468	0.0	2.4245288550167254	2.207855828158415	1.8844904786051184	0.8352708710030669	2.168272087998588	0.45315298563165	2.0844721562643813	2.03449897449819	1.175003779579447	2.480392446885308	2.357812056362604	2.0838754981305603	1.7241701183191165	2.438072505422947	2.368389326265866	3.7495300308762047	3.9964241683914965	3.0104066739456767	4.053408907693377	3.9856441458584997	2.5587146857516654	3.669306369643163	3.3578461264664123	2.727857427695057	3.685072616177475	3.3947546125473917	3.480635302907524	1.9688567174646407	2.470253138862366	2.5716068419938383	3.7576508457741995	1.8499437267691214	2.845113178480788	2.6226644073730196	1.886682066957749	2.5178651700574477	2.6876957579371994	2.033171426808159	2.4948673828518433	2.460440578972118	1.9885639140708307	2.1306143025016624	3.3599929425114965	3.2848160691545485	2.0227068252564817	3.4246551993234253	3.3037146376413182	1.789157584949512	3.4257640725214675	3.3511565383087243
IL17.DTT.26	1.8051610431744154	0.7432396342291093	0.18733868662572975	1.8441494934994866	1.041410555262879	2.1294543069745546	1.0349908990210384	0.5951422566822868	0.13593337749840168	0.6529187431602896	0.404757194477843	0.9282523896664484	1.0784996246581362	1.1032248070086643	2.456566762014601	0.6156700672221196	0.473454460745812	2.4245288550167254	0.0	0.34699848289882074	0.5711253854521665	1.6194854076483152	0.35709675857197276	1.9933598583228906	0.36736047391437093	0.4374784502010771	1.583700551207535	0.5565220272930361	0.5479220034868775	1.5275407052366892	3.386637806381537	2.129194637430428	2.877893339666287	1.9612527710721235	2.224359933324038	1.8540404530678747	2.121894596733024	2.0006877834431642	1.6118291216804301	1.8477775037132096	2.0080251406827294	1.063267500677481	1.9825371460552268	1.8572106663178811	1.9203738576070826	1.9078508572526758	1.3105496165140778	1.834279772520133	2.3458705625983867	2.11490834936929	1.6850163774445541	1.7391219763286652	1.9956057278275996	1.3476158898979294	1.884561334650076	3.0811364823871705	1.8033026985867877	2.040039434595047	1.7879622732354896	2.637776657801517	1.555539362086805	1.8241793509512405	2.72592653859901	2.31878263175173	1.9415063882166472	2.451220406581951	1.7723883482226475	1.8835873121741848
IL17.DTT.27	1.5588273112345634	1.002107128930082	0.5059936291244104	1.6421281299840922	1.3628447844725875	1.8139469554113448	0.8833688010457706	0.47005316762115795	0.2694310249758266	0.8604372448876082	0.5792574724627922	1.2666945421853368	1.3949524312016308	1.4440181815687498	2.205015174715824	0.9090909959932082	0.8117585875681396	2.207855828158415	0.34699848289882074	0.0	0.49908907981024064	1.4150942994563638	0.4837021606071818	1.7681996907477344	0.30741741470745204	0.3084106503729193	1.5142158764802116	0.8428358481594616	0.7975253829739632	1.1879373592850433	3.0609986695120144	1.8025580800483225	2.5372393816996035	1.8656514768492791	2.133253788143943	1.605656024376842	2.077250840558	1.9712872066670664	1.3157503002570474	1.7582561756807626	1.8074396246060354	0.8713640523786815	1.863355697342457	1.6894875214452159	1.7601764384958487	1.5668112399211396	1.0250900744486515	1.5325986882590046	2.1704580234343314	1.769439161159712	1.4273166811273548	1.444408259298962	1.6489316851847953	1.0614558777925411	1.5871535191782151	2.7399195100955094	1.4958583657236735	1.7212158946883276	1.4522374966394023	2.293329375106674	1.4458624253812373	1.6352832088090465	2.3834314832109587	2.0873254767937546	1.7392613034901958	2.110657539278053	1.6288718677015597	1.7009956164211872
IL17.DTT.105	1.3005352786134294	0.7920791744721493	0.5814849418451631	1.3274671678269654	1.5332677501285463	1.7317820814920413	0.4757871188353067	0.0863887986889224	0.4982464361047943	1.2084603991246563	0.9621649210616056	1.2835225769396126	1.2955275707276592	1.4975979801052266	1.9608765477089682	0.7783080113533409	0.8507576201428922	1.8844904786051184	0.5711253854521665	0.49908907981024064	0.0	1.109021298774089	0.29875132253500114	1.4557678341885765	0.23175857136407904	0.23182315306323148	1.059731854509808	0.7280631064075882	0.6155579639620088	1.439087106567814	2.985064309358105	2.0458226530869505	2.6539786340887264	2.347793447745786	2.6176765776352298	2.0208121648008652	2.5636977321633214	2.456563616944492	1.6702498558625731	2.237486875011433	2.241698048492679	1.3555119728988039	2.3391685567781297	2.148618452448258	2.2326417146670416	1.7157658994752276	1.3839665976462876	1.838497267474036	2.629838486203854	1.8784429192922292	1.8291330404301551	1.7908350587444095	1.7888474321109908	1.4527284217631784	1.9351548860645544	2.7624322092681974	1.7866289414900982	1.9695162744447658	1.6052960553028424	2.4025507670421518	1.9378346338208834	2.092104943846189	2.4492604697336393	2.496607259287991	2.1769651716554868	2.154335867456249	2.107221433283368	2.1516124208607756
IL17.DTT.103	0.3256106433070954	1.6754300455029278	1.666501826254558	0.2271492281179126	2.5414400180247623	0.984293226026288	0.6622759714421731	1.0620620347440337	1.5570089957070277	2.1673441293080717	1.954233150012008	2.249958211985101	2.1647662340899503	2.4750445977278304	0.8833639015578009	1.7443729221202324	1.8762205402063448	0.8352708710030669	1.6194854076483152	1.4150942994563638	1.109021298774089	0.0	1.383677485610108	0.47800707807573284	1.3027507738387192	1.2632731976068634	0.671791212502443	1.692575153022459	1.5775828404043923	1.5536758415132244	2.140394317834412	2.084850354310942	2.3349648092495667	3.0675728136693095	3.3225541761492856	2.4431802419073163	3.342005933700532	3.2605132031679016	2.007104621400431	2.98079462532333	2.7758296710672905	1.9938254463476544	3.023550356200241	2.762995060004585	2.8374064718765153	1.629662513010287	1.8623604003407443	2.100400592728824	3.167106440008974	1.6107232767176327	2.2687913957030346	2.1012188234783014	1.5743094818789425	1.8937904476501044	2.189998057230746	2.197489822061936	2.0289244830600897	2.081475297790774	1.6088532381877405	2.054772066977091	2.649970532656473	2.6600494551365412	2.0288070189264613	2.911237127407618	2.7127846615028948	1.741394801751097	2.7588973202622786	2.735434785172464
IL17.DTT.104	1.5918206459196635	0.5709502968520906	0.30266792744543386	1.6004863106373628	1.242719751280616	2.0133476183650685	0.7592116456810424	0.3641633949049362	0.33246528846153645	0.9815569869298919	0.7602586139268601	0.9961176203022548	1.0390584316788978	1.205628415934808	2.2471197399069514	0.5128722437170183	0.557526697025467	2.168272087998588	0.35709675857197276	0.4837021606071818	0.29875132253500114	1.383677485610108	0.0	1.7465913841789027	0.23208575517211924	0.3143070914021777	1.2605425143993134	0.4632850090842014	0.3702986831482649	1.609749611469162	3.2720915035180305	2.2173018837591547	2.884715227254937	2.2779207075066332	2.545247702354691	2.0762437807076433	2.457955389443654	2.340381017036238	1.7745870124189158	2.163439520835083	2.258567765260307	1.3396135174867894	2.287332744424085	2.134101513297264	2.2103039945035037	1.9291605993436607	1.471573131258155	1.9659383796049341	2.624826657239214	2.1122906009134965	1.8923801269305252	1.8989485531238772	2.0118499467151936	1.532458688002054	2.047401926150122	3.0270786650965524	1.9228783672692795	2.131827632457605	1.811158753234113	2.638351030890453	1.8732839645268284	2.092994215626101	2.698737418169592	2.5459833896740576	2.1934941048841234	2.4090757863230556	2.0704715345249833	2.150065521832816
IL17.DTT.49	0.2887003793401577	2.065400717572405	2.034998721085378	0.3623643013235757	2.95441040586241	0.8689748804100987	0.9892585904167152	1.4090724613986314	1.911120246001382	2.57376541405744	2.333899262359873	2.658739475570505	2.571035707539137	2.8848038027897425	0.6032404502212457	2.1338565731795414	2.2726779344092907	0.45315298563165	1.9933598583228906	1.7681996907477344	1.4557678341885765	0.47800707807573284	1.7465913841789027	0.0	1.6479038922864677	1.5933730313515369	0.9241288579975037	2.0894831051848994	1.9657735816915096	1.7046856178442187	1.8343338965517582	2.110203868062822	2.182491683619635	3.325434868014523	3.5771644690026245	2.6194535195070214	3.6254943688717263	3.5546535620161572	2.165541213328433	3.24088656791442	2.9547296049708787	2.3070749862794466	3.2645348387745208	2.9798518312842543	3.070143128177671	1.6346085816000866	2.049620549767421	2.194159590331666	3.362662898253193	1.567903592088976	2.4450651451263212	2.2375224883950473	1.584318421317637	2.106842156864198	2.317958340326415	1.9576210072352653	2.117429136512128	2.1140607599398393	1.6298356161201317	1.9297766522473447	2.9355633116781514	2.875807049085993	1.853755326702704	3.0465178764180076	2.899351428590643	1.582423815228046	3.007637121559382	2.9400022055755852
IL17.DTT.50	1.4752191900301246	0.8008383637090154	0.41397657763758894	1.5259424213809107	1.3804173473596841	1.8388246753192918	0.6901041891015859	0.24600524107292351	0.27341920492857047	1.0120241157904424	0.7460084337801082	1.188587671530326	1.2590862930048383	1.3882954311525297	2.137073733499756	0.736932831878744	0.7315033329460159	2.0844721562643813	0.36736047391437093	0.30741741470745204	0.23175857136407904	1.3027507738387192	0.23208575517211924	1.6479038922864677	0.0	0.09054756554414234	1.2897659018090215	0.6821899961283557	0.5987362894451936	1.3833736547772726	3.0917619111360444	1.9855873932513206	2.6584604926676056	2.137337634305506	2.407067105088932	1.8708365947168144	2.3435818417742027	2.2340239021837407	1.5529976935404954	2.025025951896071	2.068214201378753	1.176041830660317	2.134846889889179	1.959508900996149	2.0415902717296053	1.7002916973403823	1.2521761673173188	1.7385832218652317	2.4468854288442494	1.8895447745591962	1.682885418532638	1.6761559770221055	1.7884787273362368	1.3185213711192973	1.8249078000897578	2.8162619032397753	1.6940211495012398	1.9003354392271947	1.5810633645625851	2.414492674536431	1.7312483790998476	1.9111274000298129	2.479547675367603	2.3423565443442733	2.003334168654604	2.1929308562545216	1.9096190436060627	1.9686493217217576
IL17.DTT.51	1.4200274545180465	0.883404602960087	0.4945869092780064	1.4864582070825962	1.4617417978752314	1.7696034204812694	0.6540858820817756	0.22218223551355767	0.32853041867148775	1.0740980357154606	0.796793451443784	1.2771555983811789	1.347567368887651	1.4753768125033004	2.084060447805287	0.823700122078688	0.8193063501770185	2.03449897449819	0.4374784502010771	0.3084106503729193	0.23182315306323148	1.2632731976068634	0.3143070914021777	1.5933730313515369	0.09054756554414234	0.0	1.2823091006223208	0.7706034308529968	0.6834833115466671	1.3149630894794713	3.016745572744207	1.9098256804490383	2.574527674530123	2.1230764947303884	2.3936642401992567	1.8225862992268045	2.3411910834190888	2.2354376646820358	1.4924517496097736	2.011404065367811	2.0264472088289773	1.1602323906676157	2.114409014359618	1.9278494986234451	2.014768176064674	1.6188108727422954	1.1921179176917722	1.6690832428356757	2.4135148895117036	1.8091197413970481	1.6312961071703642	1.6136481706854076	1.7114158306241352	1.266300600766314	1.7633554566962115	2.7330163060431283	1.6225545110542043	1.8239435915643172	1.498191608638875	2.332440837103392	1.7201721096174292	1.8768410021738524	2.395575082375495	2.292237309592445	1.9624071521952466	2.1087735939224355	1.8871715607561346	1.932990865924121
IL17.DTT.85	0.9437855886753367	1.3469328597650763	1.5548382513532573	0.7317856357609379	2.3530156740435135	1.6420032411867485	0.6903674022111993	1.0650136358168292	1.543727651011902	2.1550390155170467	1.9699622759371342	1.9735029510062065	1.8069293327051719	2.199307856407122	1.3972095685432298	1.4667727089929596	1.683379051550793	1.175003779579447	1.583700551207535	1.5142158764802116	1.059731854509808	0.671791212502443	1.2605425143993134	0.9241288579975037	1.2897659018090215	1.2823091006223208	0.0	1.4414614573230484	1.3221519231314018	2.0546062864498746	2.744040922905717	2.618604831877743	2.934763106736032	3.3468409597209723	3.613159794927893	2.863344240793966	3.582592632294808	3.481257512411794	2.445756122711409	3.2449010657553936	3.150433401722709	2.2828646874342615	3.324365914851886	3.0986361905584205	3.179220376237564	2.1751777293792234	2.2299799616974076	2.5602853685386835	3.5491129221775597	2.2073381220173975	2.674734894956775	2.552008127020898	2.1679091108203776	2.2861442039907245	2.667851607745653	2.8147582196696996	2.4917034304938133	2.5853062133738063	2.1184257370013992	2.6679841389687393	2.9233043118950035	3.017897090922374	2.6378852251331724	3.3414523314555105	3.0861334577152246	2.3423465215473303	3.073506989775478	3.086071810870069
IL17.DTT.86	1.9456844090459187	0.2060133782462456	0.41739410499242136	1.895908253951531	0.9203907481030129	2.409952794087436	1.1184639228993714	0.7970001110894226	0.6383888128380537	0.9023744897173627	0.8225935530119536	0.5734844402553444	0.5778611204248923	0.7981398044719956	2.5742031917500476	0.08451049992696802	0.2677989311656956	2.480392446885308	0.5565220272930361	0.8428358481594616	0.7280631064075882	1.692575153022459	0.4632850090842014	2.0894831051848994	0.6821899961283557	0.7706034308529968	1.4414614573230484	0.0	0.13401068251409465	2.015325965830763	3.6786078107942366	2.6393019129485737	3.330683367189182	2.4695785984107146	2.725174241271526	2.4078649157783096	2.5908042240256393	2.459726371716169	2.1533206807314085	2.3558806046672873	2.5609478565364197	1.5915255892908	2.50462714468307	2.401381289142433	2.457428243846185	2.369441644505176	1.8544980523456989	2.369380812642899	2.887707761362806	2.5485289379730705	2.239198921631823	2.281629996264667	2.4386364611621776	1.8916050815784875	2.4252624355373276	3.468193503890287	2.332856961024037	2.555797222151567	2.2555681266992114	3.078389956476473	2.0702475265965594	2.37245065239358	3.144076261707162	2.874969832152831	2.494524506751512	2.854995340480697	2.3045380708096133	2.4322462065749813
IL17.DTT.87	1.8286678907793334	0.20697665597564033	0.4111241383466869	1.7801263888374126	1.0484667505835574	2.306523153595163	0.9938831524661842	0.6889536810250556	0.6053676782776263	0.9850447616855438	0.8679485109081894	0.7030392380372124	0.6809799403958324	0.9273562729623022	2.4599126063173107	0.17064378932995777	0.3731693758664896	2.357812056362604	0.5479220034868775	0.7975253829739632	0.6155579639620088	1.5775828404043923	0.3702986831482649	1.9657735816915096	0.5987362894451936	0.6834833115466671	1.3221519231314018	0.13401068251409465	0.0	1.9531926219188414	3.5711616000727644	2.575380831781276	3.244567381464438	2.4970132346657112	2.7568675459998904	2.387323185306482	2.6354197827082424	2.5075750623980464	2.1118692563039434	2.3825931489266434	2.5526376753517113	1.5924056215034117	2.524400745848527	2.4047887826915355	2.467475355679489	2.289062255515301	1.8119030149503328	2.317883714608406	2.89373547449434	2.4631757202992697	2.2125707848728706	2.2391195204467036	2.3589085066600326	1.8572801946636879	2.384192855389297	3.369116899944328	2.2778092348904506	2.492579067734701	2.1753959651463695	2.992112949031754	2.0943362156097693	2.3714524340873813	3.05085164910544	2.857283862269942	2.4864947919001916	2.7590526424025934	2.318329754098517	2.430685077162445
TKO.DTT.1	1.4605757932549972	2.152202223081946	1.689496226741242	1.7126887400303155	2.458784759475419	1.1854010379164446	1.4458949127749303	1.3579607206874025	1.4410460485949605	1.8235983612821325	1.5835962365411262	2.4387191576784257	2.5693299095394098	2.6016854084870085	1.9083725345467868	2.084603092748187	1.9945646741227958	2.0838754981305603	1.5275407052366892	1.1879373592850433	1.439087106567814	1.5536758415132244	1.609749611469162	1.7046856178442187	1.3833736547772726	1.3149630894794713	2.0546062864498746	2.015325965830763	1.9531926219188414	0.0	2.1922798584769017	0.684288711726734	1.4202765404870201	1.750207495718348	1.9704451763224409	0.9316663492071464	2.0869439428787784	2.054026627679258	0.4982158161972517	1.6951572558260604	1.3002598383473876	0.9565735928126958	1.6635315183429356	1.3561779020764184	1.4314044451125036	0.5051071989242935	0.5579144958357584	0.6106139218065338	1.6774206531104956	0.7018546531150349	0.7849466321375053	0.5740340042179238	0.5483952894498717	0.5218484635203444	0.6387463131830878	1.7101878286465322	0.556483933351162	0.6730590004079989	0.4725185301582774	1.1787344235435544	1.4232246592463638	1.2308722518434883	1.3209178793560952	1.3741362624137794	1.244188400194062	1.109642257553908	1.4102105892208703	1.3028427913075495
