	TL1a_FP_140	TL1a_FP_230	TL1a_FP_207	TL1a_FP_128	TL1a_FP_129	TL1a_FP_206	TL1a_FP_242	TL1a_FP_86	TL1a_FP_266	TL1a_FP_159	TL1a_FP_98	TL1a_FP_75	TL1a_FP_141	TL1a_FP_195	TL1a_FP_158	TL1a_FP_62	TL1a_FP_231	TL1a_FP_284	TL1a_FP_74	TL1a_FP_267	TL1a_FP_171	TL1a_FP_87	TL1a_FP_99	TL1a_FP_194	TL1a_FP_63	TL1a_FP_243	TL1a_FP_285	TL1a_FP_170	TL1a_FP_205	TL1a_FP_85	TL1a_FP_127	TL1a_FP_73	TL1a_FP_193	TL1a_FP_139	TL1a_FP_265	TL1a_FP_157	TL1a_FP_169	TL1a_FP_283	TL1a_FP_61	TL1a_FP_241	TL1a_FP_229	TL1a_FP_97	TL1A_FP_638	TL1A_FP_626	TL1A_FP_685	TL1A_FP_686	TL1A_FP_674	TL1A_FP_625	TL1A_FP_639	TL1A_FP_673	TL1A_FP_687	TL1A_FP_675	TL1A_FP_637	TL1A_FP_627
TL1a_FP_140	0.0	2.752840174084468	0.32108893692572965	3.1283108650511746	2.8559345179647138	0.481708421338403	0.661948516143599	3.065760436400404	2.754456901047544	2.4883361839813114	0.7796255759476669	1.5163710320158288	0.6218129431729982	3.021679317660156	2.5432796591316866	0.26274250707272034	2.838705317904524	3.4224048365529365	2.3980830445645913	2.7462745760974245	0.22182497887899086	3.2979646698590703	0.8169595735685228	3.201565133974498	0.42214942358914237	0.7140218173940943	3.076459175348052	1.2320233203339273	0.4008749882604261	2.842715803318602	3.1216944672399656	0.6100522499168272	3.1350037524474157	0.3471582795687682	2.9053886701396476	2.580293743994972	0.819005272058998	3.038322974075327	0.31679272418534776	0.4823292559296155	3.163364659860125	0.7975334398757136	1.3147440781025685	2.414212548091901	1.6765419052216206	1.0152308485980626	2.6960562170659936	2.811980606959921	1.7493512913340488	3.0307011810849604	1.6530584661585785	2.5539009028689534	1.2567802751948414	2.44608094451514
TL1a_FP_230	2.752840174084468	0.0	2.604416772663512	3.4121963973974987	2.7794977803134175	2.7968108996981824	2.214177191419161	0.4530319927212293	1.9897683828233401	2.096321148601366	2.2660968590554766	1.6035386945574177	2.2567038355266815	3.061533261255283	2.1630913928714834	2.5650836028360633	0.44553598044674997	0.6748152274076463	1.6268071847584655	2.0434870523742714	2.952974642676024	0.9537629445445042	2.0640404962923307	2.33953921222982	2.343214557611605	2.0792174245419925	0.911155696119357	1.9762720591371767	2.489951298684489	0.2698166596945774	2.6747497846960564	2.3189908085320514	2.255526823670995	2.4225238497803874	2.036104330859064	2.1774511775932184	2.1520543277325386	1.4390306086609927	2.5964151725940505	2.454316715041363	0.4811863154869324	2.113222195348908	1.7248893527920697	0.40106823467029074	1.4007058377779829	1.9106700403103722	0.27575746805756635	0.5471212111912455	1.2928728245455317	0.7487250950753681	1.4494636577663742	0.2939957785996532	1.57074754500082	0.41539546812336253
TL1a_FP_207	0.32108893692572965	2.604416772663512	0.0	2.826043337614064	2.546459383056939	0.6272036698109393	0.419885516522334	2.9319096383608003	2.449483411768916	2.1938006201911775	0.5253686134510497	1.44556224659596	0.44391504029806167	2.7029165317271286	2.233596262175033	0.431227593963901	2.658158324897351	3.2717991318883977	2.3437088325317483	2.443367330004007	0.5098960340257578	3.225923692949385	0.5824575206760231	2.8913381089991095	0.37654256726361485	0.5403378012515053	2.932113259775214	1.0496086420178188	0.13770556226478986	2.7208856775129755	2.8215626798858953	0.32684899400483713	2.826127668122534	0.258364269065112	2.6015708186394426	2.269286338147687	0.610552152263871	2.8406113056475806	0.5100921855825862	0.18467297824561796	3.0258972217511033	0.5725624550798322	1.3449464026442568	2.29153035851174	1.6530119327306765	1.0399140408795249	2.5564038048731685	2.715643471519184	1.7072325672189872	2.952744183029357	1.6404300192743797	2.406455545546362	1.1941857974946426	2.33188116841891
TL1a_FP_128	3.1283108650511746	3.4121963973974987	2.826043337614064	0.0	0.6448746230492798	3.13322691720852	2.718205131107643	3.6383651418277574	1.5994886274687043	1.3377986357774159	2.674015660858567	3.426280511326236	2.8755306865612265	0.6657590201582432	1.2734047925434728	3.1710447797183487	3.1090289261718835	3.8206720963538663	4.0640526419860095	1.4340886145001095	3.253149221351687	4.35600437002715	2.681061380397667	1.6413572489631643	3.0354128565049305	2.8374894860839177	3.3955279689766322	2.8902259131713453	2.8141947476787523	3.6677141471437906	0.9613738460410454	2.6536580455724486	1.6216336825515427	2.939187417433426	1.7532285682678166	1.278470853349764	2.7892382552146016	2.708602131133442	3.2229714301039682	2.6956782665636023	3.7943581171399794	2.7333371729096485	3.56811544761123	3.4350208333029393	3.6459675877595736	3.4208251949962443	3.5085711721929114	3.8875726045797006	3.605300556003581	4.137509435374682	3.676495838395503	3.2598897493067076	3.256366399258609	3.484492702221435
TL1a_FP_129	2.8559345179647138	2.7794977803134175	2.546459383056939	0.6448746230492798	0.0	2.865319131781354	2.3604285390364734	3.000486094604893	1.0093504732319658	0.7202736893750843	2.3283194975305914	2.936088910965633	2.520077084300611	0.5869122306736023	0.6612183294245713	2.8565123756776893	2.4685070502608033	3.1768343700901602	3.531001290942406	0.8004390586687463	3.0099381973169166	3.7239916865643683	2.292890325524683	1.1572063533427508	2.688291115537123	2.4484574588525225	2.7743093403192747	2.475308414181217	2.510629237635578	3.03685173288596	0.46867695496659406	2.3208172097100945	1.1044977444765052	2.61313853163879	1.206114341113876	0.6738965423786922	2.415590696584516	2.1158121344502976	2.909835957969635	2.3907578801891973	3.1559810276676545	2.3539400685447602	3.088413868192554	2.823581647671049	3.1222979918906844	2.977285254788352	2.884130249547213	3.2661658961484172	3.0708436482602095	3.5113815803237562	3.15715388686166	2.6347228531887468	2.769969077140624	2.8722376171933757
TL1a_FP_206	0.481708421338403	2.7968108996981824	0.6272036698109393	3.13322691720852	2.865319131781354	0.0	0.918265128850196	3.053358396787084	2.8567327363576114	2.474661687806519	1.1043628413166129	1.7751799549858818	0.9527687281987498	3.1121160623344775	2.6005290285717115	0.41209717236705223	2.844184851073716	3.470676873237838	2.6704319576257154	2.7944096466509474	0.45422395472330956	3.3223413889333657	1.0516173062429253	3.3295010801566858	0.7086093146777	0.9381222118045429	2.9791488355139886	1.5770772828364175	0.7217921673464079	2.876863648206562	3.0910615447372205	0.8498845048400491	3.251324989714181	0.5712754769580821	3.0413187272726003	2.6477751492538144	1.1439463703508288	2.9062883113550084	0.35706103806099554	0.7049739860786572	3.231628547673583	1.0788432599799243	1.3545421521403676	2.4689822559905186	1.810742675541114	1.1559708866128633	2.7820723082739702	2.8813470843584805	1.8849281775664473	3.071348692447923	1.7826499746860085	2.5634268939956617	1.3962146228513135	2.4782201238972865
TL1a_FP_242	0.661948516143599	2.214177191419161	0.419885516522334	2.718205131107643	2.3604285390364734	0.918265128850196	0.0	2.5616792216015143	2.127205086251502	1.9398842751933651	0.2326420425972394	1.106952993028389	0.18561220631730854	2.5213385373517077	1.9614081748478016	0.6346339254464931	2.275304070885332	2.875235789235203	2.0067760229123377	2.1458145288908788	0.8808813264159561	2.8704878307209185	0.163092988189465	2.575799841451068	0.35254111313960806	0.1905398631709269	2.5990674439004504	0.6988440129962602	0.29226803596394163	2.3419030014172346	2.6059854302110708	0.13779624929829953	2.5085759521424547	0.36914892070404653	2.266501670384037	1.9934231948434569	0.26136875693123296	2.540116209645361	0.7185912007016234	0.2875970249050558	2.630034095881486	0.17190195114543225	1.1319671072168176	1.9115058163881882	1.3460534266912545	0.8353890920886974	2.1591505676585228	2.340803681842317	1.3806671449487218	2.5924240413626767	1.3452179537778024	2.0303491319926135	0.874838527864446	1.961772560360353
TL1a_FP_86	3.065760436400404	0.4530319927212293	2.9319096383608003	3.6383651418277574	3.000486094604893	3.053358396787084	2.5616792216015143	0.0	2.267582706898477	2.307079530925147	2.63828787628246	1.9933227271435066	2.614307685782639	3.3335289798180954	2.4242784737164684	2.8592135307394013	0.5429235620385483	0.5680119419640504	1.99516171622186	2.277446063042606	3.2549744933104616	0.8066862169508984	2.419328904513522	2.6040991082013285	2.6702617755789784	2.4213710332783283	0.6188304254061715	2.3917704744738804	2.8266821468624603	0.3911275805174617	2.8347914398394316	2.65919552398958	2.514611373763114	2.737213315457906	2.3291595256956685	2.4435361226972496	2.527971618479285	1.334399716619026	2.87944160051423	2.781877645489621	0.5496509328889791	2.4779409371060868	1.9797171368786426	0.7425311229739776	1.7112915946075795	2.215470126188564	0.6764898287802086	0.7156233231421935	1.6149314687012433	0.7259625756744957	1.7515773377032675	0.5368119846599582	1.9012765531800715	0.6806852266814192
TL1a_FP_266	2.754456901047544	1.9897683828233401	2.449483411768916	1.5994886274687043	1.0093504732319658	2.8567327363576114	2.127205086251502	2.267582706898477	0.0	0.744092776538662	2.0660367020030335	2.3172118526656837	2.2488769253564582	1.1175507530679434	0.44622625038885855	2.71506358509456	1.7279939821943546	2.327586240405272	2.722850123903039	0.32995205001343314	2.9538429473423973	2.938203791107454	2.0037212334858046	0.5076257821241634	2.462807592691078	2.1607400233609892	2.2136534187501185	1.981299140487068	2.3638210441395606	2.2589009685369543	1.0440893122658839	2.1477041011540083	0.409113948780982	2.454445126153582	0.2733297200061301	0.39641841554499196	2.0905944342961105	1.7752281173792792	2.7799460008294656	2.2760448194009193	2.299904274391577	2.051628008349496	2.6455295890795685	2.081203221629149	2.518324384827969	2.567257667092681	2.0551995850796794	2.4636772915202885	2.440720812984748	2.7260332512336927	2.5657160979891893	1.923054042962995	2.2762052959424643	2.153719354987754
TL1a_FP_159	2.4883361839813114	2.096321148601366	2.1938006201911775	1.3377986357774159	0.7202736893750843	2.474661687806519	1.9398842751933651	2.307079530925147	0.744092776538662	0.0	1.9470582957130806	2.3826158912830726	2.1016287826431164	1.17374437238803	0.39005825891279816	2.432004763116711	1.7860334855181075	2.532524255965191	2.9706308647536153	0.4611879252512879	2.6629192256365064	3.0294094465720827	1.84525553873675	1.1566662329357207	2.2510738738928002	1.9814328812548303	2.0803686181475274	2.045841589837357	2.1383668201836468	2.3459344766323094	0.7169110576007185	1.9277211146923934	1.053812440325372	2.195249978590394	1.0169528857637937	0.4558884563493094	1.9967832332052329	1.479500483214784	2.4799888109279116	2.0174566068071824	2.49800087834943	1.921421202627058	2.478187732553325	2.1343780520888056	2.496617539308963	2.41991053412658	2.217499430373041	2.5841387962626006	2.4395592010495966	2.818407828284902	2.5325358347141598	1.9316457504312465	2.180667114156358	2.173817645025272
TL1a_FP_98	0.7796255759476669	2.2660968590554766	0.5253686134510497	2.674015660858567	2.3283194975305914	1.1043628413166129	0.2326420425972394	2.63828787628246	2.0660367020030335	1.9470582957130806	0.0	1.1028733232595433	0.2441049449773008	2.4366514666972496	1.9222672476445173	0.8097526680706649	2.331862965051305	2.9123521886864188	1.9670637429902946	2.114491056676733	0.9925587785063001	2.944513757439771	0.2574154340395395	2.489991670176847	0.5149207914699	0.3669132566026588	2.706783820857764	0.5595352650270524	0.39929971824692156	2.4053691498527714	2.598917937337864	0.28497312307169886	2.4312647423656943	0.5556686989932162	2.1847902617086286	1.9472139988530948	0.16846775498781666	2.640150388740091	0.9000741824753135	0.4275710518759511	2.6657333628097857	0.1841709389767584	1.283092834463006	1.9755712437378807	1.42422210124819	0.9692563937402097	2.193996722710642	2.3954308190735305	1.450375469368289	2.661766938973313	1.429078789867649	2.104181228877916	0.9773477303907346	2.038540004648024
TL1a_FP_75	1.5163710320158288	1.6035386945574177	1.44556224659596	3.426280511326236	2.936088910965633	1.7751799549858818	1.106952993028389	1.9933227271435066	2.3172118526656837	2.3826158912830726	1.1028733232595433	0.0	1.0193315125890234	3.071067351377564	2.3564399151529205	1.3953047455722696	1.8645010890680986	2.1903855127729965	0.9141718037240748	2.430761033130255	1.711116553507884	2.0532759538402776	1.002673018285608	2.721496508352094	1.1217108958868627	0.9615386321730816	2.2813224058077486	0.7125526012796498	1.3174729284646718	1.6576330354470707	3.0842190992201504	1.2446644400650242	2.6602734435949023	1.2822209843720351	2.3697789894300647	2.371313280015502	0.9365801475831169	2.5467929084387095	1.4502733592690114	1.3740350905751544	1.8858098124396814	0.9730158248542651	0.8344398389592359	1.2508648301163914	0.5274516488029787	0.7149664903071496	1.4340699680116047	1.5183450205585085	0.5278414145964477	1.7729180372068798	0.5533567721967693	1.5365930574257523	0.517422523729015	1.3264014166720528
TL1a_FP_141	0.6218129431729982	2.2567038355266815	0.44391504029806167	2.8755306865612265	2.520077084300611	0.9527687281987498	0.18561220631730854	2.614307685782639	2.2488769253564582	2.1016287826431164	0.2441049449773008	1.0193315125890234	0.0	2.6579561190135026	2.1065613720566874	0.6092783024557866	2.351121166677682	2.91316121746624	1.9118405830541745	2.28665810444574	0.8419106084907939	2.874485113281811	0.2683145124231961	2.6871506520062107	0.28875091917045786	0.22619349350161502	2.688342456484403	0.6291908809285438	0.3082823729419968	2.3719035609374455	2.7700952129599665	0.2818583080419698	2.623757156151073	0.38285655519639467	2.3728016884789076	2.135109568244855	0.20341613288878155	2.6741683747837697	0.6987458965440355	0.38363688694658654	2.6543757567712603	0.20072919261964717	1.093925347594869	1.9374796796126683	1.2904756367905865	0.7640922055885517	2.180751505424034	2.3434304625907294	1.3335013836034069	2.5947213136388565	1.286395000687259	2.0873061306052594	0.8423993915586221	1.9912280517134322
TL1a_FP_195	3.021679317660156	3.061533261255283	2.7029165317271286	0.6657590201582432	0.5869122306736023	3.1121160623344775	2.5213385373517077	3.3335289798180954	1.1175507530679434	1.17374437238803	2.4366514666972496	3.071067351377564	2.6579561190135026	0.0	0.9241942574021254	3.0624177012198746	2.792548167215719	3.438655897271803	3.613162750892564	1.0754186083912836	3.177364818671813	4.01516447970602	2.456971835161189	1.0756006566574734	2.8652522553229063	2.6301318755668683	3.192398798032438	2.536006100028004	2.6617730553564725	3.3263221270387042	0.955410830954878	2.4836825999851366	1.0806963894865993	2.8048930655394906	1.2025121779700518	0.8950443959571027	2.5321915044049144	2.5984534412690685	3.127767597191019	2.5620396948894695	3.4039571907289012	2.4956599876492818	3.3520466484916827	3.099132446845967	3.3406052562052237	3.194900051733983	3.124513856118576	3.5223572926293025	3.287830491161715	3.7908404402189957	3.3781895846400007	2.9535375520062526	2.9901292764680814	3.1670290899637026
TL1a_FP_158	2.5432796591316866	2.1630913928714834	2.233596262175033	1.2734047925434728	0.6612183294245713	2.6005290285717115	1.9614081748478016	2.4242784737164684	0.44622625038885855	0.39005825891279816	1.9222672476445173	2.3564399151529205	2.1065613720566874	0.9241942574021254	0.0	2.5135711156303167	1.8872264694364969	2.5766253966888235	2.8939424594403946	0.28803625471143435	2.7272269912253315	3.1150590537527156	1.8600467136464423	0.838294138270881	2.2971514339912447	2.0169011716713556	2.2849378435187435	1.9611138083096475	2.1674693528248823	2.4245963806361925	0.7873298471504976	1.9560523182139753	0.7491563166176419	2.2579391014445056	0.7004664011845833	0.06982175629034579	1.9744725128157115	1.754258212044976	2.5731449454344055	2.0615433433513943	2.532622045229691	1.9191466427497814	2.579150878694303	2.2047026943562518	2.5431316600965514	2.485234134913577	2.2471125006613537	2.636803049089636	2.4808951830913304	2.894057935073929	2.5833597140268703	2.0386510992069558	2.2341924888889815	2.264117384969232
TL1a_FP_62	0.26274250707272034	2.5650836028360633	0.431227593963901	3.1710447797183487	2.8565123756776893	0.41209717236705223	0.6346339254464931	2.8592135307394013	2.71506358509456	2.432004763116711	0.8097526680706649	1.3953047455722696	0.6092783024557866	3.0624177012198746	2.5135711156303167	0.0	2.658095976145079	3.2362229424721725	2.2846774068555935	2.6969674605301552	0.4000895276762079	3.0815302552594606	0.7644263627177987	3.179979655374982	0.33292671073012187	0.6212389116872251	2.8637979629726273	1.2166841064537866	0.46357480901445164	2.6422286878514214	3.087419817380654	0.6139745879222577	3.1067558395457677	0.2727046901855306	2.8727429048774513	2.5536618785687533	0.8103288639931145	2.8610892582345775	0.09337707855407273	0.5142859475273034	2.977762408004739	0.7668609954027276	1.0837016924149057	2.2196341908574944	1.4857077770816454	0.8162049709265026	2.516795250236584	2.613760654884594	1.5617539371761366	2.8197594141704303	1.4591866797864337	2.3581184269479802	1.0723407886446252	2.2426305186078532
TL1a_FP_231	2.838705317904524	0.44553598044674997	2.658158324897351	3.1090289261718835	2.4685070502608033	2.844184851073716	2.275304070885332	0.5429235620385483	1.7279939821943546	1.7860334855181075	2.331862965051305	1.8645010890680986	2.351121166677682	2.792548167215719	1.8872264694364969	2.658095976145079	0.0	0.8044504343314973	2.009627476933623	1.7354792491654507	3.0388121940613106	1.2933234880856719	2.1256801595451	2.0762566272923646	2.4450862225802656	2.1634025103799734	0.6823855028414946	2.110566782597446	2.5522471056752787	0.6594764694450153	2.3127751553967375	2.3616008164038917	1.9831953778134623	2.4956860657335365	1.8007509972329363	1.9047832475540794	2.2439117516612894	1.0330948254114978	2.6893949343410575	2.492457489478506	0.7850008251175646	2.1894342446868795	1.9377845984083917	0.7477960132955582	1.6978206560095697	2.1037318412931603	0.6937315069150901	0.9841131978102027	1.5960907577995302	1.13857239200341	1.745037782490448	0.4208489365760896	1.762389560443121	0.7455293488511247
TL1a_FP_284	3.4224048365529365	0.6748152274076463	3.2717991318883977	3.8206720963538663	3.1768343700901602	3.470676873237838	2.875235789235203	0.5680119419640504	2.327586240405272	2.532524255965191	2.9123521886864188	2.1903855127729965	2.91316121746624	3.438655897271803	2.5766253966888235	3.2362229424721725	0.8044504343314973	0.0	1.9831241244838966	2.3997368459026824	3.623552019441458	0.8670601319139463	2.72179368138177	2.57421835566478	3.009662313205538	2.743650587870397	1.0934015390664464	2.5802635361983848	3.15472546910155	0.646650506297421	3.007254147116066	2.981291545764801	2.5025134820436206	3.093503812351683	2.3239467606633433	2.5809255995757288	2.7978617593454556	1.6951403300096597	3.267615953285681	3.1208081858823506	0.32817790654266116	2.766353003907212	2.3581853591394677	1.0314408696744104	1.9928335283733647	2.557736855025145	0.7587722202054291	0.8301833750881568	1.8838338160980521	0.8481521302933027	2.040829376522369	0.9262986720580381	2.221823992888828	1.0286698848022453
TL1a_FP_74	2.3980830445645913	1.6268071847584655	2.3437088325317483	4.0640526419860095	3.531001290942406	2.6704319576257154	2.0067760229123377	1.99516171622186	2.722850123903039	2.9706308647536153	1.9670637429902946	0.9141718037240748	1.9118405830541745	3.613162750892564	2.8939424594403946	2.2846774068555935	2.009627476933623	1.9831241244838966	0.0	2.9011186211715727	2.5800049993341525	1.7819250713559633	1.8951652025821426	3.033401407544494	2.0233766027688738	1.8721195674637645	2.481477915307261	1.46700522555966	2.2148918402584297	1.6059376846171898	3.6301976738532353	2.143883747215016	2.98870889561724	2.1900647699287767	2.696761832732397	2.8934411178543367	1.8082643333541664	2.93146311640679	2.334467299783396	2.2786137107690076	1.6672021914189517	1.8598420533037936	1.5442625460669421	1.3699570193048243	1.0376329488160958	1.5513647378599507	1.363838488342666	1.334660891532256	0.9885817881041776	1.5489387348087715	1.0710972304045008	1.7183420536586222	1.3585159861953677	1.4573231738369312
TL1a_FP_267	2.7462745760974245	2.0434870523742714	2.443367330004007	1.4340886145001095	0.8004390586687463	2.7944096466509474	2.1458145288908788	2.277446063042606	0.32995205001343314	0.4611879252512879	2.114491056676733	2.430761033130255	2.28665810444574	1.0754186083912836	0.28803625471143435	2.6969674605301552	1.7354792491654507	2.3997368459026824	2.9011186211715727	0.0	2.9361922546740122	2.992561738412752	2.03183116627624	0.7109026486860798	2.4740008933016155	2.1810192510892965	2.1339113880043596	2.103149459011263	2.3699897643810104	2.3087564882734677	0.7635546254440359	2.1530491462420254	0.6020647261459117	2.4451823262178096	0.5875613645350841	0.27921742848896786	2.1490670784787294	1.5948084257657213	2.754294135952351	2.2662793480009547	2.386686061890715	2.0933833575800724	2.658068271927347	2.13541513454059	2.5856381646975035	2.596815785830187	2.1452293457235267	2.54192658058118	2.51347877466244	2.7877045219443652	2.629323087128826	1.9388420778878532	2.3196107984711682	2.191868870918078
TL1a_FP_171	0.22182497887899086	2.952974642676024	0.5098960340257578	3.253149221351687	3.0099381973169166	0.45422395472330956	0.8808813264159561	3.2549744933104616	2.9538429473423973	2.6629192256365064	0.9925587785063001	1.711116553507884	0.8419106084907939	3.177364818671813	2.7272269912253315	0.4000895276762079	3.0388121940613106	3.623552019441458	2.5800049993341525	2.9361922546740122	0.0	3.4744285095230962	1.0371653684359097	3.3999296533787025	0.6354314524148721	0.9331716436589547	3.252030723020046	1.44439010853319	0.6107723555605235	3.035539730257285	3.2814878745938616	0.8197663362647786	3.333498273047372	0.5560999146907889	3.1094945367726794	2.765711806024277	1.0376633837520393	3.209249185028439	0.40524512490399545	0.6782546062534499	3.363769561987963	1.0186430722580273	1.4613512645516344	2.609916657229295	1.850402620836724	1.1792379509521993	2.8989077159603083	3.0016461448012257	1.929686356132168	3.2113123258383447	1.8225420115860227	2.749083129107444	1.4477643764852	2.636906798527565
TL1a_FP_87	3.2979646698590703	0.9537629445445042	3.225923692949385	4.35600437002715	3.7239916865643683	3.3223413889333657	2.8704878307209185	0.8066862169508984	2.938203791107454	3.0294094465720827	2.944513757439771	2.0532759538402776	2.874485113281811	4.01516447970602	3.1150590537527156	3.0815302552594606	1.2933234880856719	0.8670601319139463	1.7819250713559633	2.992561738412752	3.4744285095230962	0.0	2.7384453627420684	3.2631225315775336	2.903426703151829	2.703052783790884	1.3322670096411644	2.6263140442917545	3.116128747564439	0.6913319064617324	3.5994958033050986	2.987056066824119	3.1843607985253395	3.00595624953156	2.968439473944423	3.1306234910200357	2.803717502013584	2.1175735821930397	3.0956660615851512	3.1058716110827733	0.7228054652795619	2.7757826026531105	2.0493804688923283	1.0194371939771567	1.7000647436943974	2.3233231426608665	0.9371919594088153	0.5882935686976908	1.6186235875390318	0.2868513362019676	1.730127336406877	1.108328754264594	2.060571838705071	0.9618923384712813
TL1a_FP_99	0.8169595735685228	2.0640404962923307	0.5824575206760231	2.681061380397667	2.292890325524683	1.0516173062429253	0.163092988189465	2.419328904513522	2.0037212334858046	1.84525553873675	0.2574154340395395	1.002673018285608	0.2683145124231961	2.456971835161189	1.8600467136464423	0.7644263627177987	2.1256801595451	2.72179368138177	1.8951652025821426	2.03183116627624	1.0371653684359097	2.7384453627420684	0.0	2.454684132761548	0.4661710940222267	0.18338597424809572	2.470377459503333	0.5988747469918358	0.4551927720662158	2.1979175060153704	2.523683574290152	0.2783562708636667	2.3863864012027536	0.5084020691953346	2.137932081481882	1.8904839389468135	0.22621527794017998	2.4225581359917414	0.8441215667850888	0.4394190461518998	2.4783200111972308	0.10715382882608346	1.0863394663512205	1.7684619679181965	1.2511849398082846	0.8094655481112293	2.007631416982146	2.2011868864535926	1.2746549818947197	2.4589266608295097	1.2565136778663477	1.8860976423895328	0.7822081620095336	1.8230646357321727
TL1a_FP_194	3.201565133974498	2.33953921222982	2.8913381089991095	1.6413572489631643	1.1572063533427508	3.3295010801566858	2.575799841451068	2.6040991082013285	0.5076257821241634	1.1566662329357207	2.489991670176847	2.721496508352094	2.6871506520062107	1.0756006566574734	0.838294138270881	3.179979655374982	2.0762566272923646	2.57421835566478	3.033401407544494	0.7109026486860798	3.3999296533787025	3.2631225315775336	2.454684132761548	0.0	2.917927371061958	2.618732823661407	2.5780051655896155	2.3696568178789117	2.805522652983434	2.608052197168158	1.1683033086084431	2.5952294912427067	0.11650066300282003	2.9141153767127252	0.35504158735858515	0.7737593968465087	2.5185108571816026	2.1338282589677537	3.249037631710409	2.7246682452054634	2.581973070310741	2.4921908881192136	3.1181490354379324	2.475109158246459	2.952786082546741	3.030933951524375	2.39428704863933	2.8089962651385822	2.8696211958852964	3.067259795031889	3.003055626678539	2.317158991519792	2.734953198977666	2.5535877479294853
TL1a_FP_63	0.42214942358914237	2.343214557611605	0.37654256726361485	3.0354128565049305	2.688291115537123	0.7086093146777	0.35254111313960806	2.6702617755789784	2.462807592691078	2.2510738738928002	0.5149207914699	1.1217108958868627	0.28875091917045786	2.8652522553229063	2.2971514339912447	0.33292671073012187	2.4450862225802656	3.009662313205538	2.0233766027688738	2.4740008933016155	0.6354314524148721	2.903426703151829	0.4661710940222267	2.917927371061958	0.0	0.3198184106746141	2.7176698186614563	0.8847510760375196	0.2996552731357529	2.435822884358123	2.9224844263312053	0.38917649844544894	2.8485827024455395	0.18064766631769405	2.6029137369551725	2.331692885493906	0.48531634112102806	2.725270558048858	0.4181815078464795	0.381438381056606	2.747712418454417	0.45086392163812045	0.9859143396555747	2.004330645648107	1.292555506028736	0.6663700541201696	2.2785932159198694	2.4030250979940693	1.3549983327010648	2.631491824373798	1.2761270482246285	2.1551198990160576	0.8517540877650978	2.042293373839876
TL1a_FP_243	0.7140218173940943	2.0792174245419925	0.5403378012515053	2.8374894860839177	2.4484574588525225	0.9381222118045429	0.1905398631709269	2.4213710332783283	2.1607400233609892	1.9814328812548303	0.3669132566026588	0.9615386321730816	0.22619349350161502	2.6301318755668683	2.0169011716713556	0.6212389116872251	2.1634025103799734	2.743650587870397	1.8721195674637645	2.1810192510892965	0.9331716436589547	2.703052783790884	0.18338597424809572	2.618732823661407	0.3198184106746141	0.0	2.475376138627062	0.676486156123352	0.4178276251244817	2.1930624692342287	2.6665850239351117	0.3115730175517222	2.547843602682555	0.39371017649258855	2.2976752056564327	2.049650252685649	0.2975907080334458	2.4680092423481597	0.6968325097977599	0.42763325799649204	2.4910040992785856	0.21082503597126812	0.9437716076685492	1.760859466877702	1.1632452491548857	0.6539688569094797	2.0200078263518604	2.1813478068325227	1.2014434224083599	2.4262597098579337	1.1606865604744385	1.895308259721427	0.6897586376508046	1.807370166109812
TL1a_FP_285	3.076459175348052	0.911155696119357	2.932113259775214	3.3955279689766322	2.7743093403192747	2.9791488355139886	2.5990674439004504	0.6188304254061715	2.2136534187501185	2.0803686181475274	2.706783820857764	2.2813224058077486	2.688342456484403	3.192398798032438	2.2849378435187435	2.8637979629726273	0.6823855028414946	1.0934015390664464	2.481477915307261	2.1339113880043596	3.252030723020046	1.3322670096411644	2.470377459503333	2.5780051655896155	2.7176698186614563	2.475376138627062	0.0	2.5796436837602603	2.8461491633333287	0.9438242792645472	2.5538620482674723	2.6715805930265137	2.4745450312035366	2.7454859851656197	2.333918679184307	2.316906490936962	2.623737696139586	0.8239447409749167	2.8740452169413704	2.7735269124328505	1.1522212185473029	2.5492843236133766	2.108517800357431	1.1191387773609154	1.9853641020253447	2.3474414241367425	1.1806328181505836	1.2720033714396852	1.9058579229705532	1.2753805230199624	2.017798442991441	0.790670599764616	2.0608158299077117	1.0384332986716365
TL1a_FP_170	1.2320233203339273	1.9762720591371767	1.0496086420178188	2.8902259131713453	2.475308414181217	1.5770772828364175	0.6988440129962602	2.3917704744738804	1.981299140487068	2.045841589837357	0.5595352650270524	0.7125526012796498	0.6291908809285438	2.536006100028004	1.9611138083096475	1.2166841064537866	2.110566782597446	2.5802635361983848	1.46700522555966	2.103149459011263	1.44439010853319	2.6263140442917545	0.5988747469918358	2.3696568178789117	0.8847510760375196	0.676486156123352	2.5796436837602603	0.0	0.9146921683964603	2.109982110200312	2.7115324422066838	0.8116095071514385	2.3197829029745987	1.0062015187552227	2.041350900850391	1.9718772611971456	0.44716104714060123	2.62613129739242	1.3015717934345086	0.9647573226781203	2.3155741776456926	0.5300857732428476	1.250357226871448	1.691165696166834	1.1694166761348674	0.9735651474266969	1.850497710986243	2.0544379861390714	1.169183555900131	2.339501388968871	1.190318420803603	1.877477279690085	0.8522538800578922	1.777809455763221
TL1a_FP_205	0.4008749882604261	2.489951298684489	0.13770556226478986	2.8141947476787523	2.510629237635578	0.7217921673464079	0.29226803596394163	2.8266821468624603	2.3638210441395606	2.1383668201836468	0.39929971824692156	1.3174729284646718	0.3082823729419968	2.6617730553564725	2.1674693528248823	0.46357480901445164	2.5522471056752787	3.15472546910155	2.2148918402584297	2.3699897643810104	0.6107723555605235	3.116128747564439	0.4551927720662158	2.805522652983434	0.2996552731357529	0.4178276251244817	2.8461491633333287	0.9146921683964603	0.0	2.6080258821208187	2.7796188654664697	0.2220018394402343	2.7407260522481183	0.2322848213340111	2.5086948699896054	2.2012052408701646	0.47387866790052324	2.772350423705865	0.5515829540908801	0.14829149164371958	2.906220453946016	0.43754549096592105	1.2649436930487021	2.1769582403809977	1.5429149024565694	0.9515048097806927	2.435292840480321	2.598520579259608	1.5931336779675582	2.8406931136794813	1.5331542309212338	2.299307777685575	1.0828049070647208	2.2213889229500197
TL1a_FP_85	2.842715803318602	0.2698166596945774	2.7208856775129755	3.6677141471437906	3.03685173288596	2.876863648206562	2.3419030014172346	0.3911275805174617	2.2589009685369543	2.3459344766323094	2.4053691498527714	1.6576330354470707	2.3719035609374455	3.3263221270387042	2.4245963806361925	2.6422286878514214	0.6594764694450153	0.646650506297421	1.6059376846171898	2.3087564882734677	3.035539730257285	0.6913319064617324	2.1979175060153704	2.608052197168158	2.435822884358123	2.1930624692342287	0.9438242792645472	2.109982110200312	2.6080258821208187	0.0	2.928702148882771	2.4513050117924684	2.524676031804422	2.522949675411417	2.3046343775419817	2.440661170051236	2.2808749354228217	1.5917947415082412	2.6673161038326123	2.5805143931966237	0.412413883398962	2.2442213873754335	1.7231841993409573	0.435352252476503	1.387503089031114	1.9456890863326117	0.3478790596066408	0.34899750389978984	1.2853711066305664	0.4871471280728199	1.4311323966277825	0.44427605184702396	1.627153939338286	0.40083328930944234
TL1a_FP_127	3.1216944672399656	2.6747497846960564	2.8215626798858953	0.9613738460410454	0.46867695496659406	3.0910615447372205	2.6059854302110708	2.8347914398394316	1.0440893122658839	0.7169110576007185	2.598917937337864	3.0842190992201504	2.7700952129599665	0.955410830954878	0.7873298471504976	3.087419817380654	2.3127751553967375	3.007254147116066	3.6301976738532353	0.7635546254440359	3.2814878745938616	3.5994958033050986	2.523683574290152	1.1683033086084431	2.9224844263312053	2.6665850239351117	2.5538620482674723	2.7115324422066838	2.7796188654664697	2.928702148882771	0.0	2.578732713134955	1.097823309534625	2.852469394291687	1.2462056106003616	0.8050496266440192	2.6660981588359682	1.835559022796523	3.133981434258527	2.6546536824026465	3.030910378412875	2.595283914567155	3.191917847894061	2.7744076870646537	3.2080856241526723	3.131715691331391	2.815819049903839	3.1937338744457997	3.1473660375341006	3.413122622313992	3.2452652510397937	2.5352611836387924	2.8971429296257716	2.8104813835173745
TL1a_FP_73	0.6100522499168272	2.3189908085320514	0.32684899400483713	2.6536580455724486	2.3208172097100945	0.8498845048400491	0.13779624929829953	2.65919552398958	2.1477041011540083	1.9277211146923934	0.28497312307169886	1.2446644400650242	0.2818583080419698	2.4836825999851366	1.9560523182139753	0.6139745879222577	2.3616008164038917	2.981291545764801	2.143883747215016	2.1530491462420254	0.8197663362647786	2.987056066824119	0.2783562708636667	2.5952294912427067	0.38917649844544894	0.3115730175517222	2.6715805930265137	0.8116095071514385	0.2220018394402343	2.4513050117924684	2.578732713134955	0.0	2.5281449288820736	0.3425247574503594	2.2958415284499014	1.9899807522453328	0.37297000142188236	2.5770280905881093	0.6963102229314567	0.16879321208686188	2.742541175831639	0.2956667310927783	1.2343202889161382	2.023593459978371	1.4744787962441275	0.9431783025670614	2.2736378110704893	2.4607638880189087	1.5103814604694015	2.710524440870713	1.4722595005908352	2.127377622345237	0.9995644461739145	2.071141280285118
TL1a_FP_193	3.1350037524474157	2.255526823670995	2.826127668122534	1.6216336825515427	1.1044977444765052	3.251324989714181	2.5085759521424547	2.514611373763114	0.409113948780982	1.053812440325372	2.4312647423656943	2.6602734435949023	2.623757156151073	1.0806963894865993	0.7491563166176419	3.1067558395457677	1.9831953778134623	2.5025134820436206	2.98870889561724	0.6020647261459117	3.333498273047372	3.1843607985253395	2.3863864012027536	0.11650066300282003	2.8485827024455395	2.547843602682555	2.4745450312035366	2.3197829029745987	2.7407260522481183	2.524676031804422	1.097823309534625	2.5281449288820736	0.0	2.84282382774921	0.2970864019744688	0.687429844095183	2.458299626948712	2.021546694183333	3.1740507708224364	2.6568615033563776	2.5099862239274113	2.4276708990869205	3.034539821542871	2.390504171924115	2.877308917129744	2.954621767371685	2.3183737458116846	2.732404616583124	2.7943908454857174	2.988377243536545	2.9271445215769805	2.2245154831597884	2.657545693820979	2.466013626551758
TL1a_FP_139	0.3471582795687682	2.4225238497803874	0.258364269065112	2.939187417433426	2.61313853163879	0.5712754769580821	0.36914892070404653	2.737213315457906	2.454445126153582	2.195249978590394	0.5556686989932162	1.2822209843720351	0.38285655519639467	2.8048930655394906	2.2579391014445056	0.2727046901855306	2.4956860657335365	3.093503812351683	2.1900647699287767	2.4451823262178096	0.5560999146907889	3.00595624953156	0.5084020691953346	2.9141153767127252	0.18064766631769405	0.39371017649258855	2.7454859851656197	1.0062015187552227	0.2322848213340111	2.522949675411417	2.852469394291687	0.3425247574503594	2.84282382774921	0.0	2.608765187860528	2.2958640504692904	0.5743633515297363	2.7067286500995227	0.3554136804150223	0.2664768874341678	2.8422421712206574	0.5168000101488202	1.0937619357628965	2.0950823782967722	1.431993614901362	0.8034891292125927	2.3755246940486354	2.510727549479581	1.491591296932005	2.7365127844789514	1.415903942246048	2.2201951587611886	0.9775978465644022	2.128359517954591
TL1a_FP_265	2.9053886701396476	2.036104330859064	2.6015708186394426	1.7532285682678166	1.206114341113876	3.0413187272726003	2.266501670384037	2.3291595256956685	0.2733297200061301	1.0169528857637937	2.1847902617086286	2.3697789894300647	2.3728016884789076	1.2025121779700518	0.7004664011845833	2.8727429048774513	1.8007509972329363	2.3239467606633433	2.696761832732397	0.5875613645350841	3.1094945367726794	2.968439473944423	2.137932081481882	0.35504158735858515	2.6029137369551725	2.2976752056564327	2.333918679184307	2.041350900850391	2.5086948699896054	2.3046343775419817	1.2462056106003616	2.2958415284499014	0.2970864019744688	2.608765187860528	0.0	0.6418963388842079	2.2013568665237453	1.9525830247796971	2.9419592262843546	2.432556601911188	2.30106600674349	2.175399345578965	2.7713501524612227	2.145333329108619	2.598249309283195	2.6872879058773345	2.0786364727734536	2.4925515292549085	2.5151864243074415	2.7598852254410082	2.6486447427070035	2.007389331216611	2.385902978026655	2.2274490188473535
TL1a_FP_157	2.580293743994972	2.1774511775932184	2.269286338147687	1.278470853349764	0.6738965423786922	2.6477751492538144	1.9934231948434569	2.4435361226972496	0.39641841554499196	0.4558884563493094	1.9472139988530948	2.371313280015502	2.135109568244855	0.8950443959571027	0.06982175629034579	2.5536618785687533	1.9047832475540794	2.5809255995757288	2.8934411178543367	0.27921742848896786	2.765711806024277	3.1306234910200357	1.8904839389468135	0.7737593968465087	2.331692885493906	2.049650252685649	2.316906490936962	1.9718772611971456	2.2012052408701646	2.440661170051236	0.8050496266440192	1.9899807522453328	0.687429844095183	2.2958640504692904	0.6418963388842079	0.0	1.998489379909863	1.7949386717927518	2.61478103270773	2.0981105216152667	2.538435807010598	1.9467118350523978	2.6148746346599268	2.224057248648219	2.5673487002057547	2.5179275713647247	2.256779555550158	2.650169181832927	2.5035744685222037	2.9097633878243494	2.6084889673940483	2.0614755077565525	2.263543930393751	2.2862717749752917
TL1a_FP_169	0.819005272058998	2.1520543277325386	0.610552152263871	2.7892382552146016	2.415590696584516	1.1439463703508288	0.26136875693123296	2.527971618479285	2.0905944342961105	1.9967832332052329	0.16846775498781666	0.9365801475831169	0.20341613288878155	2.5321915044049144	1.9744725128157115	0.8103288639931145	2.2439117516612894	2.7978617593454556	1.8082643333541664	2.1490670784787294	1.0376633837520393	2.803717502013584	0.22621527794017998	2.5185108571816026	0.48531634112102806	0.2975907080334458	2.623737696139586	0.44716104714060123	0.47387866790052324	2.2808749354228217	2.6660981588359682	0.37297000142188236	2.458299626948712	0.5743633515297363	2.2013568665237453	1.998489379909863	0.0	2.6058142048830972	0.89854618785346	0.5197105344306	2.5420592099160872	0.12049265295742892	1.147600877183201	1.8485081364232958	1.2632987254017354	0.8319313276048635	2.0686269112966924	2.255613900124896	1.2904154230412819	2.520429259971772	1.2684420793633877	1.997678297634854	0.8276115165981461	1.9124706172976704
TL1a_FP_283	3.038322974075327	1.4390306086609927	2.8406113056475806	2.708602131133442	2.1158121344502976	2.9062883113550084	2.540116209645361	1.334399716619026	1.7752281173792792	1.479500483214784	2.640150388740091	2.5467929084387095	2.6741683747837697	2.5984534412690685	1.754258212044976	2.8610892582345775	1.0330948254114978	1.6951403300096597	2.93146311640679	1.5948084257657213	3.209249185028439	2.1175735821930397	2.4225581359917414	2.1338282589677537	2.725270558048858	2.4680092423481597	0.8239447409749167	2.62613129739242	2.772350423705865	1.5917947415082412	1.835559022796523	2.5770280905881093	2.021546694183333	2.7067286500995227	1.9525830247796971	1.7949386717927518	2.6058142048830972	0.0	2.8764187997210824	2.666666599609436	1.7707372257709577	2.5153055839789014	2.3897161359052785	1.617998330035172	2.3642229057229196	2.5467074823622875	1.6967737802928233	1.927120903285679	2.2919450698923396	2.0150487287657626	2.397409769636919	1.2629874042163651	2.2706649914891504	1.5767278955189596
TL1a_FP_61	0.31679272418534776	2.5964151725940505	0.5100921855825862	3.2229714301039682	2.909835957969635	0.35706103806099554	0.7185912007016234	2.87944160051423	2.7799460008294656	2.4799888109279116	0.9000741824753135	1.4502733592690114	0.6987458965440355	3.127767597191019	2.5731449454344055	0.09337707855407273	2.6893949343410575	3.267615953285681	2.334467299783396	2.754294135952351	0.40524512490399545	3.0956660615851512	0.8441215667850888	3.249037631710409	0.4181815078464795	0.6968325097977599	2.8740452169413704	1.3015717934345086	0.5515829540908801	2.6673161038326123	3.133981434258527	0.6963102229314567	3.1740507708224364	0.3554136804150223	2.9419592262843546	2.61478103270773	0.89854618785346	2.8764187997210824	0.0	0.5919333660335498	3.0100460416418944	0.8516962927881315	1.0859873618005969	2.2487239853015324	1.511811130340525	0.8405347469833147	2.552791116480356	2.6395131586351313	1.5910935200398149	2.8376681130315826	1.4826512210341891	2.3847048653553897	1.1098878313574054	2.266832229114591
