	TL1a_FP_140	TL1a_FP_230	TL1a_FP_207	TL1a_FP_128	TL1a_FP_129	TL1a_FP_206	TL1a_FP_242	TL1a_FP_86	TL1a_FP_266	TL1a_DTT_169_Re_extracted	TL1a_FP_159	TL1a_FP_98	TL1a_FP_75	TL1a_FP_141	TL1a_FP_195	TL1a_FP_158	TL1a_FP_62	TL1a_DTT_127_Repeat	TL1a_DTT_157_Repeat	TL1a_FP_231	TL1a_FP_284	TL1a_FP_74	TL1a_FP_267	TL1a_FP_171	TL1a_FP_87	TL1a_FP_99	TL1a_FP_194	TL1a_FP_63	TL1a_FP_243	TL1a_FP_285	TL1a_FP_170	TL1a_DTT_284	TL1a_DTT_231	TL1a_FP_205	TL1a_FP_85	TL1a_DTT_267	TL1a_DTT_139	TL1a_DTT_171	TL1a_FP_127	TL1a_FP_73	TL1a_DTT_74	TL1a_DTT_158	TL1a_FP_193	TL1a_FP_139	TL1a_DTT_141	TL1a_FP_265	TL1a_DTT_129	TL1a_DTT_265	TL1a_DTT_285	TL1a_DTT_241	TL1a_DTT_159	TL1a_FP_157	TL1a_DTT_243	TL1a_DTT_205	TL1a_DTT_206	TL1a_DTT_62	TL1a_DTT_242	TL1a_DTT_73	TL1a_DTT_195	TL1a_DTT_63	TL1a_DTT_85	TL1a_DTT_86	TL1a_DTT_193	TL1a_DTT_207	TL1a_DTT_230	TL1a_DTT_75	TL1a_DTT_128	TL1a_DTT_283	TL1a_DTT_194	TL1a_DTT_97	TL1a_DTT_229	TL1a_FP_169	TL1a_FP_283	TL1a_FP_61	TL1a_FP_241	TL1a_DTT_140	TL1a_FP_229	TL1a_DTT_99	TL1a_DTT_87	TL1a_DTT_266	TL1a_DTT_98	TL1a_FP_97	TL1a_DTT_170	TL1A_DTT_673	TL1A_FP_638	TL1A_FP_626	TL1A_DTT_675	TL1A_DTT_626	TL1A_FP_685	TL1A_FP_686	TL1A_FP_674	TL1A_DTT_674	TL1A_DTT_627	TL1A_FP_625	TL1A_FP_639	TL1A_FP_673	TL1A_FP_687	TL1A_DTT_638	TL1A_FP_675	TL1A_FP_637	TL1A_DTT_639	TL1A_DTT_687	TL1A_FP_627
TL1a_FP_140	0.0	2.7373866232505244	0.21119315126089966	3.232690204212866	2.8347038343781796	0.7858965270503342	0.6153765390206287	3.1553530142964754	2.6838756472296788	2.8848604456661273	2.3593655724132736	0.6617315712854834	1.670069540091846	0.6198589885674093	2.7527419773522936	2.4506291918317564	0.4971528353653091	2.6108156177960873	2.1865193845569806	2.935992239127404	4.117582880291396	2.5983094107670737	2.683809448753331	0.8759369193542644	3.375116061418533	0.900496165523767	3.1049398707514375	0.4529472846015487	0.7559807429910013	3.3630580483894317	1.2482749724137503	2.497489950510038	2.023582329789121	0.356955941229587	2.9140537525670704	2.80347336439226	0.7789166883663595	0.560295288272788	2.9177790945034667	0.464658236525023	1.177618701594646	2.2329312546244253	2.924086593860086	0.4937179234514412	0.4416257362518901	2.7431133819009283	2.9491560471725795	2.246912513707083	2.9260211997496626	1.0857852135655	2.3547741980729544	2.3551470754801356	0.9773115145393906	1.0316221665329768	0.5053219226982253	0.39924303152000273	1.168473021729315	0.5609805515521696	3.1576551330484195	0.7308931212253016	3.0537116022207913	2.877986148291645	2.7521509398662167	1.2438961143831828	2.0553070992549314	1.1383024843424074	2.3709154550929186	3.1407734023648395	2.629735791504653	0.5144334675470359	1.0822904181297837	0.7963366571290393	3.1062610971031255	0.9651577021004021	0.36583474969424395	0.8638776253177128	3.2844078203141427	1.517770146816141	2.60784442713739	1.9987885307219193	0.5289586812773164	0.7746418545614157	1.4061775353048123	2.5074698028356166	1.4213620773085975	2.657043700122634	3.1609313966137385	2.9314064399019832	1.81832794785001	1.1338137346354569	2.998735221485146	2.88857043001321	2.537721821226112	3.183286784903786	1.9918899673299777	3.4588027995571617	1.8042444818471572	1.7849889675485788	2.695467822430706	1.4948738307201241	1.016152990921813	1.9958116597092037	2.764989057847556
TL1a_FP_230	2.7373866232505244	0.0	2.574180595141817	3.3709567545609382	2.605266609554368	2.8260790504791444	2.1247031793008713	0.600916324656825	0.8083624103791945	0.2482721484148919	1.7758088287443128	2.1462868643509765	1.6775064322625035	2.153193367470382	2.4008629572546503	1.699140770383387	2.630866905476758	2.395641666681566	1.7070295625049816	0.3666620885921823	1.6685583932773733	1.7264666167357883	1.1233627863818618	3.09734360759442	1.138461454583742	1.8585905145515529	1.1366795641059884	2.3660750262581174	2.0329378615782665	1.1520364375585497	1.7487298557388895	1.280829369175038	1.3567916370068036	2.4566291503962496	0.520618106034787	2.186049604485106	2.2599557377641095	2.2125827266896025	2.165496572293935	2.2899632525037017	2.106453751770828	2.1268636995910244	1.0960414966343475	2.3486464510958895	2.399446715635055	0.7559385307390999	2.99501637065045	1.895342858787906	0.9421895374623396	1.7382431455605691	1.8501103700522663	1.5357251624900519	2.4875196418566743	3.233160203876696	2.2919488143856848	2.4176561582820395	2.081607256140008	2.3327990761255983	3.452040750084201	2.262516326691418	0.5517296055544358	0.5353784668533824	2.6232887227029567	2.1662228050843386	0.9647406536990186	1.669614854223067	2.305868670470711	1.0793994650197996	2.0443120376104758	2.510494064933032	1.7863724349257264	2.002747881271027	1.3148901924268583	2.7673354318673815	2.3866942748458513	2.5173257143929284	0.7043359566457045	2.106015919754914	0.14295972613487298	1.6281816256700075	2.220264627758489	1.983684749505819	1.8789621686209546	1.407114755455097	1.66390158269761	0.5080097749812466	0.8644799815166829	0.8040234378257237	1.2498030875753878	1.7960228121573218	0.6465275771332222	0.6380234443288704	0.9107572722988532	1.127927393149018	1.0972263256488806	1.3077064290973048	1.371607823484106	1.2423824562778032	0.34366605354154556	1.3447084669217544	2.297289640246968	1.133695081071209	0.6163873099920665
TL1a_FP_207	0.21119315126089966	2.574180595141817	0.0	3.2570629118456806	2.815367636534527	0.6719453450293386	0.4695604857641692	2.973484495413013	2.557972975934959	2.730817342034803	2.289969727459424	0.5880466706560327	1.5158565167371476	0.49580825204422524	2.7340295363343214	2.3852773499182227	0.3466277021685713	2.582439113300949	2.09695153449028	2.772408308224884	3.9255887151494218	2.4589118187985113	2.567854577642591	0.8261662826880058	3.1875846621120845	0.7759173202416513	2.997162313322149	0.2601507912839462	0.5760909266225612	3.1710133288357336	1.130587433221623	2.3670387827702863	1.941061335929285	0.15923425990742246	2.734490265945297	2.7413755530317214	0.5996985098377754	0.47671634150550835	2.851622152696397	0.3048102476208239	1.0252112775855131	2.184664165166885	2.8132235677601845	0.28572122410326	0.26292147820481554	2.615818104117264	2.945136691369857	2.1780461412372736	2.762076385877229	0.9809209039492597	2.294554769993653	2.2783612985077495	0.8221531157471008	0.9857094146016296	0.3457072680633148	0.3884676609540489	0.9973784232673064	0.5399590571018767	3.192731262860216	0.7255398822020154	2.870833113997029	2.6983841299701585	2.760081455819091	1.0715685561702044	1.9338711295026372	0.9848656313226197	2.341000337977382	2.976399565037499	2.5877889830596916	0.33814045366930134	0.9690265973355382	0.6805376484130662	2.948340102189211	0.828526706282026	0.2453804877730059	0.8999762210470098	3.109262692615523	1.3787667700166697	2.444916653198767	1.9461871807960551	0.41573940810130655	0.6462578408881797	1.3589288576442877	2.3335646715258123	1.2253723639501077	2.4746740088082593	2.9731638180491298	2.746262914808167	1.6528934912441318	0.9624734324107805	2.8190550267862715	2.700655673896281	2.3385967999319335	2.9933309955411276	1.8284856669523077	3.2663082567891406	1.6297197604083669	1.59854953043226	2.516433632519693	1.3376157239471436	0.8159140808325349	1.8223013008504523	2.5782595321508825
TL1a_FP_128	3.232690204212866	3.3709567545609382	3.2570629118456806	0.0	0.7791049387141178	3.709055109469358	3.0920537627337557	3.82157097689856	2.601856690184523	3.2765261598391975	1.6148491115012669	2.9612198296210472	3.9134897785524476	3.1604237298549833	1.0199607704451297	1.6857406259125147	3.537514444965764	0.9958506198494679	1.8248156255666732	3.274097088492419	4.906620982294523	4.507173249117566	2.29442737876512	4.004912041383064	4.500783917602835	2.935065424746695	2.621186784213266	3.3316091585352776	3.2716752604255466	3.9045892502572808	3.374438640733002	2.3128186050660013	2.207973337939139	3.3167187932696716	3.8742378883693274	1.3255375747540112	3.610908048719145	2.9652510119130033	1.3786825634553916	3.0717513938631096	3.860869625713131	1.3902975386050764	2.4510923784135645	3.3262489070368217	3.3723841432592567	2.6837091981879104	0.5635870830568609	1.5881214022559997	3.006638735013062	2.7159314633932796	1.5370311666820968	1.8507532361682262	3.94925878528718	4.029958750540086	3.3008310540947163	3.0295479370440503	3.845135712579633	2.7643191861904617	0.18978123732225416	2.6713809947004705	3.7923789876140988	3.881424373025865	1.0067923284294882	3.9766493460102073	2.5600699541684975	3.251861265839697	1.1492397914933647	3.0924798169970034	1.3606570818743569	3.310775052968406	3.1569498435239463	3.1253205844312046	2.9105309699218296	3.95155303256587	3.051158010181802	2.369464933241442	4.042004644559598	4.127584222409671	3.3535012268634063	2.070863171336753	2.9829680465944874	3.057798586705495	3.06775715415522	4.371573482828013	3.690264969385304	3.7449785090436074	4.205868371214526	4.125580586519475	3.6692937706404165	3.5045097399073177	4.009429689611706	3.9090933921135447	3.838038862270885	4.461091193968675	3.6813242336916736	4.650301578052481	3.8077895369663177	3.6620897521144498	3.5282060390829146	3.3212114333643163	3.682918842486839	3.7631359858548388	3.872363867176725
TL1a_FP_129	2.8347038343781796	2.605266609554368	2.815367636534527	0.7791049387141178	0.0	3.2513275927531153	2.5739247789711843	3.0439303986935977	1.8405527935229233	2.5130792313088155	0.856783469301922	2.4648629694647783	3.275294709662069	2.6486387866244914	0.4334761605473788	0.9516530748005475	3.0709017795648297	0.2578561761177833	1.0892600204272382	2.4983708983722495	4.130426104882694	3.8334699451993615	1.5223007837246034	3.574414632088949	3.7304814918970495	2.3761940260898653	1.9106202502855927	2.839460791754627	2.7213516359102	3.1326613150032387	2.789323074660463	1.5435424947916454	1.5241545631140168	2.844071971634322	3.1068849971542685	0.5842673841755938	3.0736323322602295	2.478269771128051	0.6492344364839311	2.58302930584715	3.283824893453413	0.7120150146314552	1.7101787241182138	2.827162464398342	2.8849247567616643	1.9264151647404923	0.47300211891886923	0.8580739737026842	2.234026642504694	2.1389417329872207	0.7912042734178624	1.1120996008804256	3.415760170685241	3.6156229532124677	2.8012438139832607	2.5863681369573195	3.2598719183035696	2.316230741080547	0.8845719086209021	2.2202972659199447	3.015358552511373	3.1158920049448886	0.7155228246391852	3.3898327688282635	1.8346628183290696	2.6485804391816585	0.48757510349041167	2.327086873703287	0.6664058112367252	2.836373996448514	2.5863546819266996	2.590178165791731	2.159905783737887	3.456609695743491	2.5874812000211143	1.992728154917536	3.2737353310438295	3.53084555216275	2.593124267817821	1.4523725804675522	2.4914972981761636	2.5185425554305607	2.5371324658148495	3.6584551608529856	3.046656306551862	2.982607329006141	3.4338555204096073	3.3623701045833734	2.9911599596776246	2.903597798314654	3.243728694499839	3.1379434301240665	3.0815344246374097	3.694665185388194	2.987655853852853	3.8776312631764216	3.131625189587749	2.971543920546123	2.7571581693641405	2.669012098020899	3.1260547764319018	3.0641673635619586	3.1063847670806126
TL1a_FP_206	0.7858965270503342	2.8260790504791444	0.6719453450293386	3.709055109469358	3.2513275927531153	0.0	0.9923244452459322	3.1155265979603888	2.919047759403832	3.014680042068732	2.7075454790596374	1.1973360696212267	1.7301935560067394	1.042600641827999	3.2272315092768937	2.8444801036349268	0.3690361042223129	3.0147080659993186	2.444783847624156	3.0028048117157775	3.9787666242221165	2.669952936733637	2.925143077896317	0.4067197759438076	3.275518326525364	1.2814179899268527	3.4089082529194665	0.7047986885549494	0.953892840495803	3.2057280853935213	1.567090081855512	2.629875375115739	2.427483771369722	0.6647079161709668	2.8993341722042048	3.105579487675382	0.771488025399478	1.0877563779372699	3.2151947430616565	0.8322433297610226	1.1912643534231926	2.583347967612118	3.205510390536062	0.648536987424948	0.7096257394182992	2.9772594221000337	3.3384467189199105	2.560844595539198	2.929736139956456	1.4924857713189488	2.731799083590369	2.7269288048944182	0.7163514284601525	0.42427586921200255	0.8419303643537237	1.0544301973589667	1.0954295083189274	1.15730717363429	3.646887238834814	1.361505587295053	3.0101338989223914	2.863357513615108	3.3037364476919864	1.0738256585748456	2.3382228735587653	1.37055746425625	2.7703349698729514	3.1300522072455172	3.0686840399561452	0.4528885442417821	1.4610961122680541	1.20888997120193	3.091808793812127	0.33199215672816906	0.846008356206645	1.4377824915919166	3.288742931560622	1.520328870788946	2.703888165733721	2.488094470379611	0.9968494469032078	1.1647749018429718	1.9358568135185628	2.4416869726757495	1.3120583146081113	2.632202771431061	3.075892116570149	2.8671767243587825	1.8981433237096734	1.2358287912017012	2.9775874200166483	2.814673077017403	2.3754622332135544	3.062381535836549	2.0808469021615448	3.3128115242428144	1.8098574428190999	1.7533888407395712	2.689077658010712	1.6715717369697496	0.587380182727217	2.0222459581059224	2.7036723918275536
TL1a_FP_242	0.6153765390206287	2.1247031793008713	0.4695604857641692	3.0920537627337557	2.5739247789711843	0.9923244452459322	0.0	2.5522888320233617	2.1175311228384412	2.2755327770979816	1.9591653767877029	0.2479394708207933	1.1858505113960647	0.13593304557024022	2.4493761490890393	2.0243675173769224	0.6634961690520623	2.329926634535367	1.7839782266904365	2.3347569233459553	3.527755678628459	2.109767751140397	2.1573606757885955	1.1959319313406565	2.787636859176352	0.3142258565488576	2.551532802862668	0.32181189843110286	0.23458846586697357	2.7995950140597485	0.7307767449759642	2.0051391477168994	1.5250570542342767	0.3808134997403219	2.307147510235313	2.4572375168275147	0.5321622467848676	0.19566067073517976	2.5547100805362244	0.22871646897660908	0.8366805911758343	1.9285906111121316	2.379822982925122	0.3495236321440093	0.3552114298318891	2.1697233092997354	2.7688511419154676	1.884086575745899	2.3742281301252524	0.5475138062913227	1.969827607110136	1.9008312057109564	0.8846952177646535	1.3700480747333255	0.23907474012536528	0.3544974970564801	0.8202747723796121	0.42519150038137193	3.0513300568382706	0.5207577596046198	2.451471029936576	2.271774865901913	2.4957919997477718	0.9446516705212302	1.4877431372922045	0.547036395688874	2.0965870730166043	2.592575717344718	2.2608820923842976	0.5814333445944498	0.5345423056919546	0.25768849144492356	2.5897734016770464	1.0626011317720834	0.2996113158224467	0.8678963930581476	2.6736107658373394	1.1743815917158933	1.9939123694459393	1.5572964620912018	0.16214926254737416	0.18560282885052867	0.9815333479893391	1.979396601430375	0.9243761614973429	2.053270399453223	2.5662685352976964	2.3380009385570206	1.2462650150054315	0.61537267883911	2.39414833576831	2.291812280801828	1.97130754650757	2.6053830084853327	1.4086588115670045	2.882499353801003	1.258030251544905	1.2162330182677314	2.090804896878314	0.8952727803915692	0.8287090718271747	1.420624356915703	2.167275570463762
TL1a_FP_86	3.1553530142964754	0.600916324656825	2.973484495413013	3.82157097689856	3.0439303986935977	3.1155265979603888	2.5522888320233617	0.0	1.2838581816628254	0.6947784751323102	2.2351980097604156	2.615336363941593	1.99733360205606	2.5892889760497213	2.8861422167357897	2.1947679566292915	2.973367209367331	2.8422674905513343	2.1204915439308794	0.5618096912161242	1.1270726768954624	1.9289101864001346	1.54041941443667	3.3924675810893237	0.7737503252248044	2.3207702851134653	1.5598526927137855	2.753223292345353	2.427547727560585	0.6851876239120624	2.2032026593001004	1.5951233644946554	1.9228319164582115	2.8463211066118084	0.42514380411989044	2.5620130448198197	2.6040211005442364	2.6669980194058236	2.5292907629209167	2.7006217548224556	2.4344445267449837	2.567832687418256	1.527629255000809	2.723282110667798	2.7875347959961965	1.2336620579915736	3.40822025980181	2.327830274129885	0.9894714787276442	2.231167463000403	2.322786964538613	2.0393505176011972	2.7749764707406275	3.5051355774324913	2.6971324733482622	2.8738753684814724	2.387199253854465	2.798626572588097	3.9127767893829626	2.758252020766291	0.10817473889194758	0.475856240978644	3.144914289189549	2.438389441014438	1.5212941534126139	2.099185608603757	2.76179249814605	1.0339342299462961	2.5325600234968846	2.859142604089847	2.2593276449132613	2.4560886455627577	1.3170663679571069	3.026714540578277	2.807193474677076	2.996503368587149	0.43685561246651794	2.402968106400977	0.6969742305059994	2.2055663848403086	2.6582969025335546	2.431666674240022	2.418762636524288	1.4996783648579766	1.9399482171658824	0.5789224651249507	0.5020627585270895	0.6450826438269461	1.6006200989787838	2.167790272057703	0.5011324211310647	0.4013301585914448	0.8254982612348332	0.8284899863852805	1.4505865326920588	0.8935547588632642	1.6633375903384466	1.5243350025172517	0.4645194686442639	1.7752060204829134	2.555069601204436	1.429656136060683	0.5227812139715952
TL1a_FP_266	2.6838756472296788	0.8083624103791945	2.557972975934959	2.601856690184523	1.8405527935229233	2.919047759403832	2.1175311228384412	1.2838581816628254	0.0	0.6761056150818137	1.0640410727605931	2.0776103002616435	2.0835707427648638	2.1627306311772503	1.6251032526981288	0.9468584003175842	2.7017901696011517	1.653137683534931	1.1116848237462735	0.7319016065519642	2.356165305603913	2.3197608463319277	0.3668195212704953	3.224789221385892	1.9352045443942445	1.820221630773317	0.5420774693503134	2.4104676965222787	2.11259846750796	1.6124780664640934	1.8962256975021916	0.7891403595933868	0.836604314804221	2.480368487895956	1.3274131032257546	1.449720392583398	2.425122419426126	2.1416891328152725	1.4173429758344864	2.2555209674169068	2.3907805621506437	1.4692952877517518	0.3466914668697594	2.3967104387064477	2.4510938401685474	0.10323160767512143	2.2565578788153604	1.2430687352246512	0.8952954296559296	1.6118813088893036	1.1311642975770435	0.8106883019915049	2.7254183751161984	3.3428171900555244	2.334638031652572	2.339114628646103	2.371724129159079	2.1775463461740014	2.6965473358897825	2.0732818405707745	1.2632929179208898	1.3431248527303805	1.8716769674900153	2.4876209181850926	0.6398540386159149	1.7973003105880743	1.6055468244240967	1.0358304400046556	1.269335678337656	2.529719463894029	1.8387763743999994	2.0175378610687233	1.1375890193049825	2.9498187794580466	2.3294051501191237	2.218947544466643	1.4448157795607302	2.4835390168034746	0.8316091890683717	1.0908677003125942	2.1591579813834	1.9790305927201273	1.8360331207477347	2.091667293387326	2.001882310644001	1.2742538728770618	1.658922796304233	1.6095890321359072	1.6732760001618663	2.0129393524004167	1.4530512621933696	1.4115392394021118	1.5480882562651763	1.9348405992546402	1.570518677476204	2.102098965484629	1.8315182577417426	1.682106507421521	1.046993786312629	1.5684711379878775	2.489921621503338	1.646831094438636	1.3936063376065908
TL1a_DTT_169_Re_extracted	2.8848604456661273	0.2482721484148919	2.730817342034803	3.2765261598391975	2.5130792313088155	3.014680042068732	2.2755327770979816	0.6947784751323102	0.6761056150818137	0.0	1.7123342586717878	2.276830341673191	1.8793836489809832	2.3040736009209053	2.295767762357085	1.6095272778552148	2.8099285701001073	2.318470143268653	1.6880935802675692	0.31772430822946174	1.7234788561087389	1.894933381623015	1.009103468434116	3.2911874731933364	1.277704584674454	1.9949391144854083	0.9213437520870364	2.5334103330995896	2.2028240740141216	1.2286757803182249	1.9028773067098237	1.2553655989033794	1.3331881811714448	2.6207617818361566	0.7042458158898606	2.0976263723990707	2.4498468054116582	2.3473152091869602	2.0636952853389534	2.4406080884465364	2.3069919318438306	2.0915089824515367	0.9139817092335385	2.5187291908522855	2.567603147412616	0.6026825006500794	2.9191614400057406	1.858835927000663	0.9291782251351488	1.850274590753222	1.7837080977282638	1.4592262147912043	2.693830829967047	3.4269787629168293	2.455065769858281	2.551172057577552	2.2885303199620894	2.4506818312010075	3.3678696786846634	2.365372054166852	0.6815920081784071	0.7280486075632221	2.521580711234616	2.3809022214598494	0.9851935550023435	1.8354534672482437	2.252196352456428	1.0416777765271545	1.939267397573861	2.68002194973261	1.9285999531169076	2.1488620583839473	1.2812060452565268	2.971492053091645	2.532046900458233	2.602694910706196	0.7714414719854735	2.311592092979049	0.35798371767052567	1.59535163060109	2.3606577081200415	2.1291924886765554	1.9695107505941771	1.6229558900753025	1.8811846898202325	0.7455862034367648	1.0227743689559254	0.9994187757314961	1.4520517333166452	1.9848046723855	0.8124456593966214	0.8388880122952174	1.1452383101292198	1.3040878479241935	1.2973286123927472	1.4552855563998688	1.5882535120279224	1.4664151836226231	0.5626195171800694	1.5189877700983316	2.5014023385463102	1.3511129531609856	0.8397960385835866
TL1a_FP_159	2.3593655724132736	1.7758088287443128	2.289969727459424	1.6148491115012669	0.856783469301922	2.7075454790596374	1.9591653767877029	2.2351980097604156	1.0640410727605931	1.7123342586717878	0.0	1.8792780315751991	2.4897235140456115	2.033606493166497	0.7514193100404889	0.29833750702719	2.508902933879898	0.6252299167346528	0.3778722713986206	1.702607397152303	3.34596874684278	3.0209505735649596	0.7736547588920321	3.0393051889269223	2.8951783719432185	1.71581104098322	1.297889447710892	2.2476930380873004	2.0594953495297017	2.3792562552757177	2.071694739230712	0.799185662565655	0.7672696784562035	2.2774113585732385	2.267422042436774	0.5850152447658108	2.415335378309307	1.9075701592733627	0.6445897908529261	2.0129350755416326	2.5654727220764975	0.43195440871181984	1.0458680795412059	2.2312560946268682	2.2951774613843434	1.1596429167703235	1.2339112304184303	0.26880810944940264	1.5018330944681166	1.4688907871132884	0.1099647838596612	0.34325645599222604	2.7546710026886485	3.109824654826658	2.1974248037423907	2.063287593065621	2.5367913722748243	1.8135556616807176	1.6871270427245286	1.7166734003290551	2.1964372496530604	2.2735135173179555	1.0582503566751098	2.664635890082541	0.997612699044871	1.9171840103151996	0.5426225935580418	1.640358013190188	0.47902402032030494	2.2838993338587823	1.89466912589501	1.9456508738470257	1.528901014751053	2.8553818850140407	2.047865594294753	1.6330573105484403	2.4620009030856713	2.7833769374538684	1.7531405528960908	0.8317648634589926	1.9180863288526793	1.87532030875436	1.9035182307636145	2.812456456313715	2.2697177819995336	2.1314508606680658	2.5978873192595637	2.514057680997735	2.1726674939877864	2.169209427680004	2.40494597696527	2.2966759243607826	2.2386751031991894	2.8481919588917473	2.1575763105203425	3.0412514739007253	2.313715505649795	2.1456194155576083	1.9164005894783411	1.88041364220497	2.4653847020059363	2.228571921247959	2.2577814809457926
TL1a_FP_98	0.6617315712854834	2.1462868643509765	0.5880466706560327	2.9612198296210472	2.4648629694647783	1.1973360696212267	0.2479394708207933	2.615336363941593	2.0776103002616435	2.276830341673191	1.8792780315751991	0.0	1.262024145333171	0.22240454774719237	2.3139623591675225	1.9208725784941207	0.8538029178812825	2.2276040213137023	1.7479729492145084	2.360797507297018	3.611755777924046	2.1404237546122027	2.1155705679201318	1.3692239761782476	2.868222830715142	0.29759765579813635	2.4765123148089785	0.5145570740171164	0.4480005340512628	2.900115514430989	0.7088106368432578	2.0138287214271227	1.417253073896948	0.5470214871889332	2.3659028822081467	2.3925913820975238	0.7346174019747475	0.12991102708314684	2.4900693771625133	0.3936418725361793	0.9705973330367318	1.8541213490807988	2.316726894184812	0.5652666252801424	0.531131250863536	2.129129924624046	2.6730811354802397	1.823173280422597	2.4244409178075554	0.4697446527171681	1.8775632611878386	1.8073951771063375	1.0840995719156958	1.5527043274052543	0.4087900468437441	0.2801501688357248	0.9885438055132487	0.33254529289573626	2.9175443477528646	0.3282304110957999	2.518001032485615	2.331334542545378	2.3293215142284036	1.1265004755175598	1.439028881800616	0.6057909297020341	1.9996566792463577	2.643871743988329	2.1382784084819364	0.781234874455946	0.48327020963944956	0.24031703979872068	2.6425203371506756	1.2814134929263539	0.3993072984720202	0.7679592070716641	2.717703566320667	1.2761491497092439	2.0156607222232354	1.4081486816783884	0.23224750007861114	0.21924495769609534	0.8102314070882898	2.0663752652612337	1.0954539170026891	2.1226237988689345	2.645793130709145	2.4148371857904496	1.3076022813192578	0.7444325311217441	2.4534144156646165	2.3734088053560276	2.094336373769229	2.696957090162808	1.4559619892459628	2.9778257642543027	1.3515299637474765	1.3284539983002641	2.151822531010528	0.9358253111014635	1.07537412296147	1.494826786082161	2.247409271562011
TL1a_FP_75	1.670069540091846	1.6775064322625035	1.5158565167371476	3.9134897785524476	3.275294709662069	1.7301935560067394	1.1858505113960647	1.99733360205606	2.0835707427648638	1.8793836489809832	2.4897235140456115	1.262024145333171	0.0	1.1281987895319585	3.0620101523480083	2.461671182109716	1.4843286408189722	3.026079893414919	2.350325381104962	2.0022769648665024	2.7317786897963225	0.957167393359686	2.303748603291145	1.8149476438836185	1.924537643646135	1.1123850177994496	2.467962997501984	1.2643901396544692	1.0003379989753944	2.408794373514216	0.6334189873725775	2.285890913447837	1.8381893812268224	1.364421024547175	1.623745183913938	3.0394741369467	0.991399941876172	1.3271274056022178	3.0930360832871404	1.3791041025535415	0.5884317949619717	2.6472580646638213	2.3936524822658947	1.2845129331884297	1.2584391023667532	2.082470646054848	3.581376878583914	2.510454454343816	2.3090826775494624	1.2492460175126654	2.5240963660490494	2.2946392928482378	1.104250226309547	2.041192207327896	1.1784655561686173	1.4469384944202024	0.648163776205144	1.5755940343733907	3.913944345844746	1.5646615201894745	1.8961294500479937	1.573500342966925	3.138194875021066	0.7254835141740262	1.590854079460268	0.723655822914105	2.8320262178632065	2.5091498664366805	2.778408697614664	1.5385060417413987	0.8503102829474773	1.0221653326774243	2.6368706116453993	1.548878875816698	1.4614663388284919	2.000217833037579	1.961653663077087	0.44037124819402834	1.539502005831568	1.962400266796628	1.3445302510956485	1.0816692510316417	1.1310441339954125	0.8808870145162847	0.5998939679259131	1.418499798517859	1.8024777215480576	1.533648406070498	0.4313533040169062	0.5909131329299186	1.644955866200553	1.6460619354203374	1.4360550615085876	1.726553620949102	0.5876217539260313	2.012339791158795	0.3518180137133183	0.5837395975479586	1.6170567468375843	0.6106177952278075	1.258360470726146	0.5682627148262677	1.5014451226398864
TL1a_FP_141	0.6198589885674093	2.153193367470382	0.49580825204422524	3.1604237298549833	2.6486387866244914	1.042600641827999	0.13593304557024022	2.5892889760497213	2.1627306311772503	2.3040736009209053	2.033606493166497	0.22240454774719237	1.1281987895319585	0.0	2.50619013240111	2.081969572569524	0.6929210060076244	2.4066408689612717	1.876232788862185	2.3796190360591716	3.550663296105573	2.043653270641471	2.2190165555192003	1.2030759015246064	2.7971029946779726	0.346317473128689	2.5820908653262173	0.3406253186263899	0.2609171666080885	2.864119935292924	0.6527545837917492	2.094139880159183	1.5607461931126554	0.40265973265354704	2.3263544469573514	2.544639066930741	0.5130277963990726	0.2212172564629097	2.640093407034022	0.32668669546125395	0.7722406068031116	2.0162906205802273	2.423251730464039	0.3972778458194792	0.35237606730007925	2.2103131023620617	2.85359981105472	1.9718051525406435	2.4515952198266593	0.5889597736656611	2.0406394348037313	1.9580893480279495	0.8636587790756712	1.400058187223466	0.2140612782311716	0.333525835227054	0.7808220675755891	0.47672345916535597	3.118411916416682	0.5383992720742916	2.488253904828668	2.2891321334748462	2.53672852505268	0.9127469339441173	1.5281273051036721	0.5261913444055406	2.1764539607420104	2.6709387322256397	2.317222871975796	0.6600023951400591	0.4734114316040871	0.18539916803399834	2.6792637846219316	1.0880877090679202	0.3672779569179808	0.9338310415827062	2.689171355262497	1.098418936015708	2.0192001526208694	1.5807894245370673	0.24523610950013328	0.18370367644590685	0.9004670460099735	1.950034788409477	0.9335568310962103	2.0768412443547417	2.585388080511056	2.3493367414589894	1.2213088684219267	0.5853410199142189	2.407373337170701	2.3211781952054995	2.015166161209258	2.6139722910784484	1.3867098784607181	2.8950103652815122	1.2349215884262168	1.2215174238932403	2.1290339526434128	0.881923594718495	0.8854993520771803	1.4058874449292311	2.192377332476055
TL1a_FP_195	2.7527419773522936	2.4008629572546503	2.7340295363343214	1.0199607704451297	0.4334761605473788	3.2272315092768937	2.4493761490890393	2.8861422167357897	1.6251032526981288	2.295767762357085	0.7514193100404889	2.3139623591675225	3.0620101523480083	2.50619013240111	0.0	0.7079333044754216	3.0055762071779233	0.42770701910183656	1.0865511321633823	2.331778113629686	3.9697598722129444	3.559093058178616	1.3588254251701173	3.527736502828663	3.538916686413078	2.2215383557001784	1.6352434845036623	2.7382558368389502	2.5940784581835983	3.06678934289812	2.5681073875650418	1.5150510602068488	1.2568715234465149	2.751456213393505	2.9129787120387833	0.7529149565814957	2.954328658598515	2.3489926816996567	0.7877727019620875	2.492908555148775	3.1165992547281927	0.7816147088755349	1.4741511565443666	2.737507158219891	2.7791277569195567	1.7001024872687307	0.8806765013019339	0.8692768341995132	2.178002718834966	1.9732695665501534	0.6575333143242386	0.8835194594043179	3.308169958818119	3.603288624680752	2.6800611356096553	2.4606769964306707	3.1110955846991337	2.2103050547737952	1.11230819144139	2.0804068265056417	2.8575769927142636	2.919715563631025	0.3934739290059975	3.250805820126238	1.6118560228885939	2.4694535925703467	0.5784208592659702	2.2862872733648767	0.3570093679132511	2.790703881532916	2.383356904055571	2.4243409717595816	2.1701685447037113	3.406664882225834	2.49822275843827	1.9349183753483525	3.066544239770048	3.335365088361058	2.3835886495428356	1.142989019439104	2.3792946900051977	2.3679142418221355	2.260656870636034	3.438556081419926	2.906498909829124	2.800526598702975	3.254697000669225	3.1694128166385123	2.7765387462372417	2.738856226075531	3.0419235769374855	2.9738914529603253	2.9601600399396	3.508562728872943	2.7613985520987723	3.7008478628737396	2.933646032980574	2.798803117055078	2.5935316004982973	2.4665501874515217	3.0671545605261636	2.855779783085504	2.933746892625324
TL1a_FP_158	2.4506291918317564	1.699140770383387	2.3852773499182227	1.6857406259125147	0.9516530748005475	2.8444801036349268	2.0243675173769224	2.1947679566292915	0.9468584003175842	1.6095272778552148	0.29833750702719	1.9208725784941207	2.461671182109716	2.081969572569524	0.7079333044754216	0.0	2.616566978546537	0.758340422246496	0.6400070062922529	1.6480680982767317	3.292349256556282	2.9212751696607344	0.7087514826132736	3.156011948147122	2.83570406228372	1.756188775052704	1.089756457340971	2.3294969069175977	2.1214909342104646	2.414418946173717	2.042029601387365	0.9284036824131091	0.6444918977398082	2.3653122122784738	2.2077445142943097	0.766658980214069	2.481090254445265	1.968056008711575	0.7873603732106387	2.106141311274412	2.5867817946314426	0.687564240862499	0.877129325438043	2.323045315900879	2.372569345667022	1.0292978328852642	1.3859976577814568	0.5620539285083969	1.5522722598422443	1.501192900580117	0.2753348056558137	0.18098434306843056	2.827760415212731	3.250404430544476	2.2628956918498244	2.1233433589083597	2.5745775626243317	1.892847802939669	1.7660474778081008	1.7673403484331631	2.160885521473357	2.213793491839295	0.9683599376106671	2.710142729100092	0.9286757989967799	1.9296774926453992	0.7258229926708435	1.6891897928641744	0.35977879696238274	2.409229831092359	1.8853298006678554	1.9733398666486786	1.6229741905770183	2.973058869567258	2.140082467342158	1.7451617712151475	2.3760991728700662	2.7763126974786947	1.678627799480866	0.6776874770741003	1.9936330142187835	1.9179154669053318	1.8182864663715521	2.7606482241389516	2.3125350719229627	2.0926757959296265	2.550172510117037	2.4622957454355374	2.1364899765639045	2.193926782044532	2.337874271072128	2.267732198446587	2.265368914465964	2.801348940888158	2.104485160232248	2.9961701209612315	2.295152302417266	2.1501189481498444	1.8879731703342697	1.8632510207775803	2.580022295672875	2.1935773833325714	2.225975948026841
TL1a_FP_62	0.4971528353653091	2.630866905476758	0.3466277021685713	3.537514444965764	3.0709017795648297	0.3690361042223129	0.6634961690520623	2.973367209367331	2.7017901696011517	2.8099285701001073	2.508902933879898	0.8538029178812825	1.4843286408189722	0.6929210060076244	3.0055762071779233	2.616566978546537	0.0	2.832060450181861	2.2812380272223587	2.8312107220887612	3.869656885338393	2.434325390887629	2.726244978895717	0.5436926762422811	3.1369584245618234	0.9690944387008736	3.1681041055745327	0.35272025132838825	0.6467427319606637	3.1347133950580255	1.2405632079786022	2.488050233363121	2.1612372794259915	0.3090668885116424	2.731991609998973	2.9496454667317495	0.49317656570662477	0.7530578234550527	3.0568142333123185	0.5271074613071887	0.9423447552741674	2.4128570685470945	2.980837514097239	0.3210029575060629	0.34774578524504907	2.756314341005542	3.1945508466711967	2.3880185643473495	2.8131858356538944	1.1961453896598506	2.5254692546562882	2.497755867006035	0.5764696392579294	0.7088912975592057	0.4856445754164532	0.7110758263484273	0.8780032590429206	0.8582476249346633	3.4777131330815907	1.0454287527231365	2.86783522668657	2.694260570733591	3.058144803215618	0.9030699201465017	2.094308984181014	1.0732085959779094	2.589066019890459	3.0229346164240325	2.8414408865463994	0.2678801224480474	1.1271896934241863	0.8656605035192605	3.001639163377201	0.4822032125763306	0.5352765268482069	1.2087442928344823	3.1163762157315436	1.2918812140047031	2.502115491331297	2.202274844113214	0.6759193885176867	0.8348061066790443	1.579283306207189	2.2633970146332896	1.1358721559192586	2.4678738559348936	2.9361227109179047	2.712211280106729	1.6586790095392498	0.9634917003545286	2.809353741625004	2.6749873962024933	2.274654371951437	2.9297317099106324	1.843438852817112	3.194823050875584	1.594520192099973	1.5619995240035196	2.5304459604779437	1.4018341176519191	0.568070355705791	1.8076773760616154	2.554690653777759
TL1a_DTT_127_Repeat	2.6108156177960873	2.395641666681566	2.582439113300949	0.9958506198494679	0.2578561761177833	3.0147080659993186	2.329926634535367	2.8422674905513343	1.653137683534931	2.318470143268653	0.6252299167346528	2.2276040213137023	3.026079893414919	2.4066408689612717	0.42770701910183656	0.758340422246496	2.832060450181861	0.0	0.845325868694331	2.303630670570839	3.941973724203095	3.600421749316723	1.3404296065415933	3.340584556891318	3.5169604623302257	2.129121942109742	1.778991095796128	2.5975716923245735	2.471959197073592	2.9399238579322335	2.5463275783744423	1.3354252633771	1.2999159799565323	2.6053696967175966	2.8906907466532163	0.4814441231878307	2.8246046488250487	2.2408330677190147	0.5802368609761251	2.3426321168498774	3.032710356368781	0.4614619569670181	1.5601307801520266	2.5838507524727072	2.6438236988803547	1.7433122060225135	0.6298471292946226	0.609053014341373	2.046358909021287	1.8917879347079711	0.5596224446463856	0.9025832533347251	3.1660913133214037	3.3860271562237805	2.5591325675133803	2.3568553853017016	3.0064635169074907	2.086610638978221	1.0728667539082903	1.9937524977214756	2.8081480407800576	2.897665600373002	0.7444849226197436	3.1354913298246827	1.6015234918307435	2.3977691533755787	0.24518561293586247	2.155584774922045	0.5371676667225057	2.5974004183820125	2.342810276965378	2.346829544678874	1.995638621080721	3.212623426231311	2.351763360666259	1.7822012219076084	3.074745950500786	3.2806847294139723	2.376466964109503	1.2453874222188392	2.2520064789773686	2.2733607911832183	2.3162284601002043	3.4161939604331715	2.789595598768055	2.7558592427352884	3.2188075371898965	3.1389904986342323	2.7434715146881206	2.6507737068279864	3.0283381791656314	2.9172437793670594	2.8445162790761134	3.4722494276272533	2.7441027802716893	3.6618703882667445	2.8807267431887937	2.718580122785638	2.537175421511019	2.4189222023093775	2.8745764528448414	2.817405713642508	2.880874468707562
TL1a_DTT_157_Repeat	2.1865193845569806	1.7070295625049816	2.09695153449028	1.8248156255666732	1.0892600204272382	2.444783847624156	1.7839782266904365	2.1204915439308794	1.1116848237462735	1.6880935802675692	0.3778722713986206	1.7479729492145084	2.350325381104962	1.876232788862185	1.0865511321633823	0.6400070062922529	2.2812380272223587	0.845325868694331	0.0	1.6290634496140042	3.236620416273539	2.947185495732878	0.8328721173383151	2.7987071064034743	2.77714992084875	1.5661236363469413	1.472390667772894	2.0493907245158183	1.8668156532834397	2.1937038961678414	1.9694270265359557	0.6051145994332996	0.8614951373659915	2.07948704415488	2.1594015244006375	0.7214756475156994	2.2085225808926543	1.75701963514325	0.8010852559043923	1.8165768251737364	2.388492586913982	0.46349164833999523	1.190948748024192	2.0193824136308356	2.1016343791187873	1.2144621263049025	1.368269488721771	0.24085235804546162	1.3426239278545695	1.341351201833628	0.46302742823481013	0.5920597816803836	2.5304363610136527	2.8482116587935167	2.016859946298556	1.9234421765964318	2.338795818858795	1.669417526288466	1.880781293734865	1.6135840912527053	2.0724106216553113	2.1638927967340784	1.387175873941632	2.453922440856802	0.966183359902221	1.76523290136935	0.6970060564585333	1.4959072560504854	0.8527175850239542	2.043204389475062	1.7848399630283744	1.8064727902805715	1.357282097395151	2.594478584911626	1.8625351127700653	1.5109008132770207	2.3915893217652946	2.6261556979790313	1.6772316955346311	0.996561993077	1.7471182395369793	1.7214301419108284	1.900688713056944	2.676623988410878	2.052646363612014	1.9965842423927551	2.471025542619125	2.3871800353458608	2.039436024360964	1.9924805788396647	2.3024226683064963	2.1515290127446103	2.0242894485534597	2.71108798204651	2.040956862445172	2.904271085773933	2.15617403615674	1.961771731514462	1.7816311408693781	1.7444412392310957	2.194991700708291	2.086969673562829	2.1130450574454875
TL1a_FP_231	2.935992239127404	0.3666620885921823	2.772408308224884	3.274097088492419	2.4983708983722495	3.0028048117157775	2.3347569233459553	0.5618096912161242	0.7319016065519642	0.31772430822946174	1.702607397152303	2.360797507297018	2.0022769648665024	2.3796190360591716	2.331778113629686	1.6480680982767317	2.8312107220887612	2.303630670570839	1.6290634496140042	0.0	1.6470684251963392	2.084484219601704	0.9837315241929417	3.30353722707163	1.2813606644797968	2.069829093299404	1.0480442488107833	2.579018604040267	2.2565804663899813	0.9525658011318237	2.040624266585549	1.1177021040678496	1.4422219216057526	2.6640171406539523	0.7307368243092461	2.030527088325658	2.4987314793822324	2.416395398864298	1.994202636469778	2.4789841242765136	2.3914439798706613	2.059796886522738	0.9760094761105828	2.552995685723079	2.618019002161632	0.6877411462160181	2.8777110390647618	1.8189830570973375	0.6452481631337059	1.9279759360700526	1.7878492000596438	1.5003181089028423	2.7311502961719962	3.415222554403927	2.515658806298053	2.6258626668539873	2.351786698940486	2.509293865094611	3.369596802011011	2.445834693110178	0.5569725429993642	0.7652951073025995	2.5959682296280433	2.432818743432899	1.0787268751879353	1.926249370398039	2.237791437256985	0.744823830040521	1.9786888290663731	2.684971582591361	2.0472970871972733	2.2395042835320025	1.00161249123969	2.9680865692436087	2.5755214968625113	2.642824548423827	0.8132117205324079	2.42036335260335	0.4895217027008913	1.7250580353868166	2.415758244763728	2.2055767655820127	2.154294051771358	1.7304047466769554	1.9155615952286493	0.7561423751369429	0.9979864648400729	1.0267200088742439	1.572730977957549	2.0616629119003016	0.8582404448014536	0.7783161343229631	1.0410063128958948	1.3073890562248913	1.4346656777664069	1.4284922686644526	1.6841057967940938	1.5226143054314887	0.4847502463554656	1.6271487853993831	2.4866069346726363	1.4576787046115638	0.8167414020898174
