	TL1a_FP_230	TL1a_FP_128	TL1a_FP_129	TL1a_FP_86	TL1a_FP_266	TL1a_FP_159	TL1a_FP_195	TL1a_FP_158	TL1a_DTT_127_Repeat	TL1a_DTT_157_Repeat	TL1a_FP_231	TL1a_FP_284	TL1a_FP_267	TL1a_FP_87	TL1a_FP_194	TL1a_FP_285	TL1a_DTT_284	TL1a_DTT_231	TL1a_FP_85	TL1a_DTT_267	TL1a_FP_127	TL1a_DTT_158	TL1a_FP_193	TL1a_FP_265	TL1a_DTT_129	TL1a_DTT_265	TL1a_DTT_285	TL1a_DTT_159	TL1a_FP_157	TL1a_DTT_195	TL1a_DTT_85	TL1a_DTT_86	TL1a_DTT_193	TL1a_DTT_230	TL1a_DTT_128	TL1a_DTT_283	TL1a_DTT_194	TL1a_DTT_229	TL1a_FP_283	TL1a_FP_229	TL1a_DTT_87	TL1a_DTT_266	TL1A_DTT_673	TL1A_FP_626	TL1A_DTT_675	TL1A_DTT_626	TL1A_FP_674	TL1A_DTT_674	TL1A_DTT_627	TL1A_FP_625	TL1A_FP_673	TL1A_FP_675	TL1A_FP_627
TL1a_FP_230	0.0	2.699623177482991	2.344054935126701	0.9718678997321414	2.9087431985004257	2.2479673653324572	3.543959072918376	2.3639807261590615	2.1767278301486557	2.0649456089073883	0.5601544598915688	3.529127584827151	2.4430302094027265	0.5844971443733491	3.757378650844018	2.239020847088206	1.0973411509746298	1.385861561964332	0.9081919743744449	2.1842308002891477	2.36962585080234	2.232832360387845	3.9214720085747308	3.566748095876329	2.4361775691614787	1.8756170529131406	1.8615507790601502	2.1636675318008356	2.681925270685204	3.0724225230019027	1.0072475083413563	0.43258493612087867	3.019652521134296	0.8858734271955008	2.1827229342403593	1.8830776101663311	2.652592850251258	1.7327307367565397	2.0316548887197774	0.9997433050311813	0.5769847668642939	1.5955687256736548	1.5986074084017459	1.4298593995313187	1.2256096735901592	1.254891078648806	1.6093657604639837	0.9842971810675084	0.6422424322354259	2.068127766491783	1.856671047666479	0.9876191982745433	1.227548694270531
TL1a_FP_128	2.699623177482991	0.0	0.9691093432405038	2.9591260793655167	3.305243827756513	1.844854612062627	2.9309647482130807	2.112987572413587	0.7516601492312118	1.7913978625862983	2.632267243650136	4.895409871067235	2.701936609723917	3.257776183507283	3.948701565120986	3.5344862647806594	1.8375120290102207	2.124656189356397	2.9826383718172935	1.577740736288443	1.7620097519905613	1.5405406864997975	4.2713632133082555	3.990925396399634	0.3584541545930821	1.5023796006504553	2.775401650666488	1.7791352185399663	2.6290326929208954	1.284136274793923	2.987136709531239	2.7979267521276223	2.171026791655672	2.0981229728684427	0.774600145185004	2.84157815634321	2.2015645650577973	2.5076922673731596	2.7702231891960865	3.2707380445708085	2.446908905011678	1.7886887598707812	3.465802521894624	3.146063136080176	3.360667278552517	3.3378048669289497	3.39761221547752	3.0652021237832257	2.833780036708296	3.9249721572665823	3.9314765208312936	2.7801638527207237	3.1245037899243147
TL1a_FP_129	2.344054935126701	0.9691093432405038	0.0	2.295355604458995	2.3380059511074993	0.8840400284629898	2.042847139656114	1.144453638024792	0.37031670195779004	0.8995456557493204	2.090881100110869	3.962400376458881	1.7391279126492414	2.8191061373080335	2.998028333825647	2.641447294383834	1.3140995841960552	2.3098831862886637	2.3402326621650387	0.6202421218519439	0.7953482108507318	0.6454297409989893	3.313106384352092	3.024525300446318	0.7376244648297785	0.698155539555655	1.8859951450980177	0.8261844691123462	1.660769663454668	0.7546516111900494	2.315939747748772	2.2959016680598916	1.2815610571128397	2.0394495389607883	0.46912010446290536	1.9507892902169175	1.2457019136512495	1.8085552828840143	1.8530338082627662	2.6485540528256557	1.9214641136231994	0.9943620933905187	2.7355775993618825	2.3856203840722574	2.6763544976588642	2.64712162894441	2.6131223077611714	2.4167451763745915	2.4527662640372996	3.1154632050253395	3.174939355944411	2.106266439319531	2.4164440002725756
TL1a_FP_86	0.9718678997321414	2.9591260793655167	2.295355604458995	0.0	2.055508835104733	1.8457546051799352	2.8926427185316173	1.8436135555109114	2.277848960570014	1.7354900541641334	0.4831419133040442	2.567449808744845	1.7062463639655823	0.9029003224099167	2.88611939444226	1.2899485486233564	1.185579010997625	2.25530457022739	0.13525967959718133	1.899562367036374	1.9912253749034918	1.9908156677634945	3.0124646658375607	2.6592606217767614	2.6609928174632858	1.7195274360937387	1.0561697474954255	1.7950931756958104	1.9983129311322918	2.909559780793405	0.12859200074725047	0.5575141243494388	2.5325769052273523	1.7005419441073737	2.3000078981579586	1.0491398878248623	2.115644427562369	1.3736226821937367	1.2417822875019966	0.39529698774453503	0.6298498887096721	1.3433185730498864	0.8755428820577048	0.5501216135432226	0.42817630317248095	0.47562610971942365	0.6558287009192105	0.29306893836076203	1.1062125381407903	1.1769147740092245	1.0410468160994364	0.2954739589819389	0.4118052112681816
TL1a_FP_266	2.9087431985004257	3.305243827756513	2.3380059511074993	2.055508835104733	0.0	1.4893455153448591	1.1965917311245682	1.1950211216241982	2.609883841333279	1.677736757740214	2.3556745256000067	1.8057589095135536	0.6246445437303483	2.9578040520040862	0.886051082970311	1.124370161654024	2.3058276775878808	3.8343303813067573	2.1476656413056867	1.7456897859071197	1.5483406147013596	1.8758678966314013	1.0840581825497777	0.7309399509163039	3.0479683971596168	1.9893926974386307	1.082172212090662	1.5623277332076073	0.7117960156867984	2.4218075070801186	2.045298320922293	2.5398872935953136	1.4356551997213056	3.313578782639952	2.656335207362689	1.0512535738190596	1.163054194872027	1.9555408735541997	0.9266579236309255	2.3214952781369327	2.358698444221662	1.8169229504612239	2.0318544157518783	1.7488920220691144	2.13766398808299	2.1114820730575414	1.698863193466972	2.16586160497613	2.9379198268270934	1.8493081870251862	2.1180068868175472	1.9893052881895494	1.9631022219799654
TL1a_FP_159	2.2479673653324572	1.844854612062627	0.8840400284629898	1.8457546051799352	1.4893455153448591	0.0	1.4342794826408003	0.32387985150717524	1.1422115308317176	0.3442271114694341	1.829730957455026	3.1204843184103233	0.8941750093794532	2.57780584529302	2.2167529180480074	1.8369168997059848	1.248600447212019	2.6847869009614653	1.9059284878576916	0.27243458985769287	0.2617068066089763	0.41213943442221557	2.504780332613108	2.187058058159114	1.568807968386533	0.592409301378965	1.1196683022371305	0.10247437926516152	0.823362583789952	1.1630058627726456	1.8452545784993681	2.039595479656962	0.8252757498962426	2.260174781726525	1.1750496307016003	1.183170481782896	0.5543684750134086	1.30830196574179	1.0383749242913298	2.225149455209097	1.700078584316248	0.6655696665983625	2.1210666513724887	1.7711913976618476	2.1540961017817177	2.1104923218541916	1.9668897433606136	1.9556779326650717	2.282026967464988	2.404540397277046	2.532537837421681	1.650262922991527	1.8718360080545693
TL1a_FP_195	3.543959072918376	2.9309647482130807	2.042847139656114	2.8926427185316173	1.1965917311245682	1.4342794826408003	0.0	1.2093344177127117	2.3977253392836557	1.7123124208617395	3.041788989700844	2.9250346219151924	1.1982306034247134	3.7582471884613144	1.284660329681332	2.232374626496072	2.652417311925914	4.112707614168673	2.978801945861156	1.6310712157242717	1.3693583369731293	1.7232886419952536	1.6126679120863212	1.4685794405027641	2.750130543852854	2.0156315701252456	1.8863622320977083	1.5357274103076342	0.8994471518119737	1.7453977501105875	2.889601590162844	3.2580616653328103	0.7712034616799449	3.6798394265622605	2.446815968298667	1.901892560781585	0.9417954393834224	2.4126604308058606	1.7066868556750467	3.224667965517308	2.9730753345391983	2.062987529387932	2.9734602088033726	2.6646332455713786	3.088478268473756	3.051016846363246	2.7204072853991654	3.0140507290453105	3.5771180679668997	2.9675230325816284	3.213970124147063	2.7587967762096053	2.8489215713291998
TL1a_FP_158	2.3639807261590615	2.112987572413587	1.144453638024792	1.8436135555109114	1.1950211216241982	0.32387985150717524	1.2093344177127117	0.0	1.4258299657796838	0.6254134802060446	1.8959212470232205	2.8726161179822274	0.6099388888018736	2.641888583894483	1.9058453628945042	1.6716523391631664	1.4495246293155457	2.9233181297356174	1.9200278313751216	0.5597319457125529	0.36531246639119247	0.7332964160172055	2.1983270639190637	1.8895722249271787	1.856873884610187	0.8913241960735687	1.0050625740466221	0.4046462601182735	0.5326731404615983	1.3363621774310772	1.8483890310474604	2.1172472450614768	0.6977871024645762	2.4744697887260374	1.4767817318885053	1.05289312547734	0.3080486762974612	1.4464645626524133	0.8901586230413636	2.207794283061885	1.8008056612115133	0.8613432330441555	2.1031326370598475	1.7357927873014574	2.126509148665076	2.091929500010917	1.8785020112377844	1.9741016395899404	2.4259906675983767	2.289569400326971	2.4423408857805207	1.6805772329310735	1.8652230632992957
TL1a_DTT_127_Repeat	2.1767278301486557	0.7516601492312118	0.37031670195779004	2.277848960570014	2.609883841333279	1.1422115308317176	2.3977253392836557	1.4258299657796838	0.0	1.062687955990716	2.0072037312243847	4.158237904567594	1.9945547544552202	2.691216166896366	3.314187360191802	2.784631680454576	1.1867159685392352	1.9793224593283405	2.3068350950977417	0.8732165866949341	1.1043719071339249	0.8473006941654316	3.619052856894952	3.3149476813949197	0.4527395393518897	0.7575192315845377	2.0263892811927025	1.0637563216289223	1.9528134009461162	1.047040306859791	2.2982994153724507	2.1888554543572996	1.6429785060553355	1.7583128132044918	0.1761475043831918	2.0940066253588063	1.5711609268021889	1.8121549022574446	2.023513029471733	2.6163830423133336	1.8206814354997367	1.0424589914243374	2.7479535243367996	2.4193368063002074	2.668548713896364	2.639236397517419	2.6709332223887654	2.3825829534085967	2.282040178609287	3.1885659511366966	3.2135973453912747	2.084866103622312	2.41612048653912
TL1a_DTT_157_Repeat	2.0649456089073883	1.7913978625862983	0.8995456557493204	1.7354900541641334	1.677736757740214	0.3442271114694341	1.7123124208617395	0.6254134802060446	1.062687955990716	0.0	1.6883031117371186	3.203274489044861	1.0884139253568843	2.4082861654665217	2.457729308828536	1.8374441893440139	1.0240913945311563	2.4612807959760437	1.7733711489699073	0.3814371353920122	0.5754979199397532	0.30391127996825457	2.7225429220332327	2.3811376489990663	1.4751310253617973	0.36787002428378085	1.1126664541954145	0.2862636414950633	1.059123897700445	1.2861252879985756	1.7193363113183322	1.8685111999810273	1.1367783486989365	2.0355154330939547	1.0507162261224072	1.1889398833533686	0.883125975401878	1.0241198334453325	1.0673599742908808	2.1264319049770704	1.5298211959415737	0.49718148163473735	1.9651259832907524	1.6548467154457789	2.0384790238164263	1.9790747494738075	1.9039374038969124	1.8042677093370443	2.029738716298631	2.3435825709568356	2.4536383403158366	1.5030735906730717	1.7324206870361474
TL1a_FP_231	0.5601544598915688	2.632267243650136	2.090881100110869	0.4831419133040442	2.3556745256000067	1.829730957455026	3.041788989700844	1.8959212470232205	2.0072037312243847	1.6883031117371186	0.0	3.037876700748787	1.9089397009055145	0.7700706103354741	3.1991551017300033	1.7236626793818417	0.8926928653182209	1.787122265738131	0.4702355792870786	1.8131130171961802	1.95560076564911	1.8956256562488465	3.362614769985261	3.010473654014922	2.348717651954216	1.5704124455102333	1.325413855229007	1.7577631100810887	2.1667709794730334	2.7741058646740946	0.5437385712478455	0.27461985573902203	2.5700143496875394	1.2377775284409631	2.0296794024991196	1.340654956454163	2.1795125498698877	1.4252483299378187	1.4977875598883545	0.6705766854300526	0.23162041065007516	1.2251890713561946	1.2530974360464677	0.9670316224418548	0.8556702549193798	0.8895635377159123	1.1354699985770917	0.6056703966261885	0.8683283577340388	1.654219558641925	1.4989421902543127	0.5037639453611247	0.8060270454651693
TL1a_FP_284	3.529127584827151	4.895409871067235	3.962400376458881	2.567449808744845	1.8057589095135536	3.1204843184103233	2.9250346219151924	2.8726161179822274	4.158237904567594	3.203274489044861	3.037876700748787	0.0	2.2684476295892444	3.261668704799142	1.8832905273485046	1.4707874649005472	3.442079195493403	4.800407248286854	2.6312449105849844	3.3583225986347345	3.2281740766319063	3.471571870227981	1.6586531024098183	1.538756329186935	4.607441928548532	3.46481688149667	2.1666241701947024	3.164005267437839	2.4752342288470937	4.184294305619941	2.54137002793145	3.1089419867959327	3.236988060763637	4.239663610205177	4.193727622464147	2.094577583406989	2.924081546644446	2.9658778526277376	2.151701156453325	2.5881668519085244	3.1494710515341513	3.1747093186524085	2.2242039914458833	2.203506417982727	2.345330536327965	2.346693058497837	1.9313263358541701	2.5964547172212944	3.514719194878664	1.5699002182974477	1.8359557596985494	2.6456451004084296	2.385843657922062
TL1a_FP_267	2.4430302094027265	2.701936609723917	1.7391279126492414	1.7062463639655823	0.6246445437303483	0.8941750093794532	1.1982306034247134	0.6099388888018736	1.9945547544552202	1.0884139253568843	1.9089397009055145	2.2684476295892444	0.0	2.5900890981070255	1.438760452493081	1.1784782529433053	1.7279642077901913	3.254631195084927	1.796435453321912	1.1402965106339786	0.9679586130976537	1.2894294954238477	1.6880830951776837	1.3515955249418192	2.4374689136043672	1.3775030335808416	0.7132121716604282	0.9569353067888483	0.3332790226468845	1.9225701146798493	1.7043828195220636	2.1156548272735667	1.066426322158188	2.75164826571879	2.0430934713880347	0.7196347281564897	0.6817993755072413	1.5300751457002488	0.5484265829346849	2.030328461190117	1.8746670836670047	1.208438201681391	1.8456146277309493	1.491691558422189	1.8949676989296371	1.8661148650632002	1.5404435782216728	1.8354261847542737	2.4952323893339705	1.8626412869664695	2.0652418635012784	1.5955795917315354	1.6723683456546972
TL1a_FP_87	0.5844971443733491	3.257776183507283	2.8191061373080335	0.9029003224099167	2.9578040520040862	2.57780584529302	3.7582471884613144	2.641888583894483	2.691216166896366	2.4082861654665217	0.7700706103354741	3.261668704799142	2.5900890981070255	0.0	3.7837001149026985	2.1125413153112103	1.5478150001736677	1.9000836769474296	0.8154168967354214	2.566181586163291	2.7182554767144484	2.622208854170874	3.8983034857252497	3.5481318910346022	2.982157701111091	2.2879311096881323	1.9380457980174803	2.506659378146317	2.866645022043946	3.518574469253456	0.9209505537070852	0.541988806158108	3.326305105514075	1.4374115220707995	2.696513067927697	1.939924107544236	2.9278747508848384	1.91544406854371	2.123170858580732	0.7258882089467372	0.9064875361954575	1.964215893072873	1.3760062560328605	1.3151768673152573	0.948194609506649	1.0008982082381126	1.4109524882372841	0.8448150908292148	0.7900186905080591	1.7586549737565078	1.4827672392287226	1.0260302541936388	1.0917395001057097
TL1a_FP_194	3.757378650844018	3.948701565120986	2.998028333825647	2.88611939444226	0.886051082970311	2.2167529180480074	1.284660329681332	1.9058453628945042	3.314187360191802	2.457729308828536	3.1991551017300033	1.8832905273485046	1.438760452493081	3.7837001149026985	0.0	1.8624600740359232	3.161244420253512	4.678918623559624	2.985940888042697	2.461422188523752	2.2114513359982815	2.601579779118288	0.35947805669325106	0.4220744102337747	3.73253605533891	2.774363682899173	1.9628128325068823	2.303850728589641	1.4019462985452555	2.9138296738182494	2.8846488422541574	3.390628546790864	1.8569251228618318	4.1679859336263885	3.3747199261052083	1.9258800409272971	1.7545166765024662	2.8169695382017483	1.8118532289232212	3.1104649306141905	3.2175905971935497	2.644436038688568	2.841523792360647	2.587097425791312	2.9390209286024533	2.9255500691594327	2.478458542671043	3.0093951964593213	3.8159362957396477	2.526849780412595	2.8146778896732223	2.851055444544637	2.804440821980477
TL1a_FP_285	2.239020847088206	3.5344862647806594	2.641447294383834	1.2899485486233564	1.124370161654024	1.8369168997059848	2.232374626496072	1.6716523391631664	2.784631680454576	1.8374441893440139	1.7236626793818417	1.4707874649005472	1.1784782529433053	2.1125413153112103	1.8624600740359232	0.0	1.9964115868568268	3.402514289675653	1.3472684831742712	2.048264464935918	1.9995417158565774	2.1301256830416393	1.8975888514338983	1.5328052476978409	3.2229318901825232	2.0637628453406682	0.7601653209527427	1.8554743457539202	1.45220751258559	2.9863757357931373	1.2408463230579878	1.812794116561488	2.231897748006646	2.84340946297427	2.800996343370718	0.698945399438734	1.839837627924044	1.5300353211835627	0.7998619807302465	1.4779061230935702	1.7798548448837699	1.7608146050323061	1.0024080995695483	0.8424409133012251	1.184430686113327	1.1408392420331628	0.7221137060280561	1.3055432110366385	2.177857999647986	0.741508894577627	1.0320046380615335	1.2696621738625395	1.0651939768598957
TL1a_DTT_284	1.0973411509746298	1.8375120290102207	1.3140995841960552	1.185579010997625	2.3058276775878808	1.248600447212019	2.652417311925914	1.4495246293155457	1.1867159685392352	1.0240913945311563	0.8926928653182209	3.442079195493403	1.7279642077901913	1.5478150001736677	3.161244420253512	1.9964115868568268	0.0	1.5446708899443509	1.1807016588544674	1.1475400907734719	1.384260912605536	1.1524266883432954	3.387133577405326	3.027130489454291	1.5192325253322287	0.7884743170272269	1.3379164971369397	1.153535287761903	1.867198884406	2.0127167863431676	1.189805969356046	1.0317099669793144	2.0548896380275044	1.0500494645582328	1.1746873334126264	1.3985340578495924	1.7409125127085097	1.0556800238005168	1.438719218396923	1.5154822201061098	0.6762483941808918	0.590742806531	1.676092896708985	1.3868673196808663	1.5561419912896464	1.5220839708727034	1.672800185272502	1.2407532192173576	1.1488121208290787	2.192888840825312	2.151658005805718	0.9756416435436157	1.3195346408841713
TL1a_DTT_231	1.385861561964332	2.124656189356397	2.3098831862886637	2.25530457022739	3.8343303813067573	2.6847869009614653	4.112707614168673	2.9233181297356174	1.9793224593283405	2.4612807959760437	1.787122265738131	4.800407248286854	3.254631195084927	1.9000836769474296	4.678918623559624	3.402514289675653	1.5446708899443509	0.0	2.202046161304555	2.4978940541060894	2.758912798446402	2.4697911450863463	4.907453731170196	4.553483888722013	1.9651463227935992	2.1289679584725327	2.837840175931686	2.5824762860173363	3.3876315862674597	3.0244560495911	2.278937088711667	1.7529570243308616	3.4283481581832698	0.5613819642725645	1.9484447470534088	2.8876894304474496	3.1844690768143478	2.3731672359815326	2.9616608596111074	2.372157732635349	1.6521431429058808	2.087499099269708	2.794534543230535	2.632509658543779	2.5599374790654528	2.557060045866448	2.8875477557544014	2.2610712691705754	1.5242581792214986	3.370641137297623	3.2008408150409156	2.160963589067911	2.4630832571310206
TL1a_FP_85	0.9081919743744449	2.9826383718172935	2.3402326621650387	0.13525967959718133	2.1476656413056867	1.9059284878576916	2.978801945861156	1.9200278313751216	2.3068350950977417	1.7733711489699073	0.4702355792870786	2.6312449105849844	1.796435453321912	0.8154168967354214	2.985940888042697	1.3472684831742712	1.1807016588544674	2.202046161304555	0.0	1.9547795347735604	2.0616755880518247	2.0290165615965314	3.107841672703007	2.7495336272211564	2.67923911945124	1.7488941145786547	1.128675860307175	1.8523134795348228	2.0814379438243105	2.9628544353825483	0.10903092164510386	0.4797447160189835	2.613521116078401	1.6482111376733708	2.3199463031898433	1.126855167237054	2.199112030325716	1.3398197014901239	1.3150520219884079	0.4006849129879691	0.6043244498371517	1.3824590073403087	0.8206659724676203	0.556075396848337	0.3985149160570111	0.4239680749598239	0.7032360383802579	0.1812563312160822	0.9895855568744496	1.1917323453876418	1.0403564256976194	0.2799764957980835	0.3719520478457256
TL1a_DTT_267	2.1842308002891477	1.577740736288443	0.6202421218519439	1.899562367036374	1.7456897859071197	0.27243458985769287	1.6310712157242717	0.5597319457125529	0.8732165866949341	0.3814371353920122	1.8131130171961802	3.3583225986347345	1.1402965106339786	2.566181586163291	2.461422188523752	2.048264464935918	1.1475400907734719	2.4978940541060894	1.9547795347735604	0.0	0.29831039398305675	0.28724566457769884	2.757176971017037	2.4462383418952953	1.3037429864764756	0.4347484102283509	1.3057938297274165	0.20690439440209554	1.0820655954419431	1.0203936711216406	1.9073675690433844	2.0256007691520623	0.943922320847386	2.106253720892694	0.9170861101163771	1.3709175672015848	0.7467876547302472	1.3888581945376661	1.2515257467667178	2.274468413041896	1.6666098022863531	0.6111232092266947	2.247548293636195	1.8922919029497243	2.2407653024909022	2.202710269597533	2.1035486798598857	2.0160250660394583	2.246361932696392	2.5727035471192763	2.6714822348535616	1.70327582616597	1.9647124213335658
TL1a_FP_127	2.36962585080234	1.7620097519905613	0.7953482108507318	1.9912253749034918	1.5483406147013596	0.2617068066089763	1.3693583369731293	0.36531246639119247	1.1043719071339249	0.5754979199397532	1.95560076564911	3.2281740766319063	0.9679586130976537	2.7182554767144484	2.2114513359982815	1.9995417158565774	1.384260912605536	2.758912798446402	2.0616755880518247	0.29831039398305675	0.0	0.5293885713932003	2.5205711257535603	2.2295230965215387	1.523449862236017	0.7245271173381507	1.289695406722087	0.29909368423259647	0.87175992989663	1.0194068047355378	2.004864326540093	2.1829377867078907	0.6795587871971731	2.3566424346805785	1.1699087259716605	1.3440053057706285	0.470799554156645	1.5623241786757012	1.2042698544981114	2.357234453052675	1.8354067832269538	0.8162081429074547	2.3312523667938585	1.9580617138649148	2.31820241175624	2.287665250659496	2.127429960207647	2.128599118590274	2.4596341222240112	2.577168720968775	2.69970053445732	1.8195593911075258	2.056048000774962
TL1a_DTT_158	2.232832360387845	1.5405406864997975	0.6454297409989893	1.9908156677634945	1.8758678966314013	0.41213943442221557	1.7232886419952536	0.7332964160172055	0.8473006941654316	0.30391127996825457	1.8956256562488465	3.471571870227981	1.2894294954238477	2.622208854170874	2.601579779118288	2.1301256830416393	1.1524266883432954	2.4697911450863463	2.0290165615965314	0.28724566457769884	0.5293885713932003	0.0	2.8873223534069887	2.56527606802169	1.2391818486645445	0.368670053484984	1.4016330366018472	0.3599583354467291	1.205375250247568	1.0014867891783752	1.9825963220057043	2.081280231531991	1.067879405143154	2.0951713344949168	0.835348326856833	1.4751752626626862	0.9185461996533856	1.2720991259668089	1.3481375791129102	2.3766072489462635	1.7261366889172838	0.6729607422780038	2.260239394020194	1.9473864684310496	2.3144742245644023	2.259854886010682	2.1945547884913714	2.06934776596806	2.220287645476717	2.6439220103669423	2.7482274769171804	1.7636328734710855	2.0145340042818036
TL1a_FP_193	3.9214720085747308	4.2713632133082555	3.313106384352092	3.0124646658375607	1.0840581825497777	2.504780332613108	1.6126679120863212	2.1983270639190637	3.619052856894952	2.7225429220332327	3.362614769985261	1.6586531024098183	1.6880830951776837	3.8983034857252497	0.35947805669325106	1.8975888514338983	3.387133577405326	4.907453731170196	3.107841672703007	2.757176971017037	2.5205711257535603	2.8873223534069887	0.0	0.3948393383450967	4.04347926955651	3.04496285950185	2.1277050783897797	2.589014377543959	1.6835824325615545	3.249393036785487	3.0045289491020113	3.536808728713114	2.195272070837782	4.383046982300655	3.6737071741045106	2.0835117633524884	2.0721474361185144	2.979625549447105	1.9889263503309675	3.2101578438764555	3.3948650740690427	2.894530907314103	2.892494606678991	2.680495297729782	3.0160641738293865	3.0015888130022863	2.543399833273631	3.118675881240518	3.958517221230742	2.512249250448014	2.8142848185095986	2.9913533687259792	2.9024485179017825
TL1a_FP_265	3.566748095876329	3.990925396399634	3.024525300446318	2.6592606217767614	0.7309399509163039	2.187058058159114	1.4685794405027641	1.8895722249271787	3.3149476813949197	2.3811376489990663	3.010473654014922	1.538756329186935	1.3515955249418192	3.5481318910346022	0.4220744102337747	1.5328052476978409	3.027130489454291	4.553483888722013	2.7495336272211564	2.4462383418952953	2.2295230965215387	2.56527606802169	0.3948393383450967	0.0	3.745195486359992	2.706626964033122	1.752699235410121	2.2675257864970546	1.3717720759948022	3.012422143892728	2.644561217640222	3.177835955094848	1.9738591399683536	4.025120982651754	3.361150537020457	1.7105497334204496	1.800210971841586	2.5893246088657214	1.613168362327364	2.8736028898204107	3.035450458625073	2.5460127501560614	2.5184345401892143	2.3086627898967893	2.6641881428701635	2.641376779637461	2.1930193628042964	2.753358409564031	3.5798954063833763	2.181098012678604	2.487682017129077	2.623339924495021	2.5327757737654837
TL1a_DTT_129	2.4361775691614787	0.3584541545930821	0.7376244648297785	2.6609928174632858	3.0479683971596168	1.568807968386533	2.750130543852854	1.856873884610187	0.4527395393518897	1.4751310253617973	2.348717651954216	4.607441928548532	2.4374689136043672	2.982157701111091	3.73253605533891	3.2229318901825232	1.5192325253322287	1.9651463227935992	2.67923911945124	1.3037429864764756	1.523449862236017	1.2391818486645445	4.04347926955651	3.745195486359992	0.0	1.1739810177623102	2.4675857151939065	1.4959791194424275	2.3767535629781187	1.1918248118524684	2.6804050364179672	2.5079315330763228	1.9941742706955343	1.8703763402234415	0.4322153284480448	2.5368494131257275	1.9795111356206205	2.1516912698662156	2.4669549758056135	2.9857552129698086	2.1536073888808196	1.4713225277007973	3.1294839629019195	2.822965392217384	3.052267121479704	3.0212466395790685	3.087974784901242	2.7516276191745583	2.5283006359704148	3.6062797950785637	3.61799659829078	2.466311652415358	2.8031525107981277
TL1a_DTT_265	1.8756170529131406	1.5023796006504553	0.698155539555655	1.7195274360937387	1.9893926974386307	0.592409301378965	2.0156315701252456	0.8913241960735687	0.7575192315845377	0.36787002428378085	1.5704124455102333	3.46481688149667	1.3775030335808416	2.2879311096881323	2.774363682899173	2.0637628453406682	0.7884743170272269	2.1289679584725327	1.7488941145786547	0.4347484102283509	0.7245271173381507	0.368670053484984	3.04496285950185	2.706626964033122	1.1739810177623102	0.0	1.3170293986481185	0.4955598005504068	1.3802180562304533	1.2736268325527706	1.7158763572976194	1.7500909020453215	1.3642107170868556	1.7337799349899874	0.7440156268577626	1.391637747167054	1.1391441609317985	1.1203779806019922	1.3133636108185567	2.0977446855350053	1.388709343804366	0.38899508972196617	2.062030668104626	1.7446963038703693	2.066036821356801	2.016847529506207	2.00988009617888	1.7968962989517179	1.8823811713765408	2.493247781456267	2.555403154679869	1.4913969787066401	1.7768117584631729
TL1a_DTT_285	1.8615507790601502	2.775401650666488	1.8859951450980177	1.0561697474954255	1.082172212090662	1.1196683022371305	1.8863622320977083	1.0050625740466221	2.0263892811927025	1.1126664541954145	1.325413855229007	2.1666241701947024	0.7132121716604282	1.9380457980174803	1.9628128325068823	0.7601653209527427	1.3379164971369397	2.837840175931686	1.128675860307175	1.3057938297274165	1.289695406722087	1.4016330366018472	2.1277050783897797	1.752699235410121	2.4675857151939065	1.3170293986481185	0.0	1.1228175269143958	0.9922322707933127	2.2817073583681537	1.0295187026077892	1.4884988770770422	1.6572876785277824	2.295961887800958	2.0485224014595236	0.08310227651203078	1.2396804524362235	1.0709006140424167	0.18681948750379943	1.3944937554775512	1.3092497047359641	1.0129204147245199	1.152312706420739	0.7843449335862527	1.2113487773388614	1.1665390927101669	0.8976284508468151	1.1417752089524624	1.8564326069684882	1.2907280921370838	1.4459710175387073	0.9281104914416003	0.9641690622405137
TL1a_DTT_159	2.1636675318008356	1.7791352185399663	0.8261844691123462	1.7950931756958104	1.5623277332076073	0.10247437926516152	1.5357274103076342	0.4046462601182735	1.0637563216289223	0.2862636414950633	1.7577631100810887	3.164005267437839	0.9569353067888483	2.506659378146317	2.303850728589641	1.8554743457539202	1.153535287761903	2.5824762860173363	1.8523134795348228	0.20690439440209554	0.29909368423259647	0.3599583354467291	2.589014377543959	2.2675257864970546	1.4959791194424275	0.4955598005504068	1.1228175269143958	0.0	0.9110400789966813	1.171617890692717	1.7959289161695535	1.9668029992502147	0.9135598190370596	2.159896908316715	1.0957329002200706	1.188612776891627	0.6461399689937573	1.2681171245977207	1.0575920365469158	2.1751726689561233	1.621813071258463	0.5751428099950201	2.093680961003074	1.742364018502993	2.1140973874213573	2.0712555004627933	1.9480927471892684	1.9045334844028827	2.201867463387692	2.39926752048858	2.514397615824234	1.596176322594255	1.8318458784727996
TL1a_FP_157	2.681925270685204	2.6290326929208954	1.660769663454668	1.9983129311322918	0.7117960156867984	0.823362583789952	0.8994471518119737	0.5326731404615983	1.9528134009461162	1.059123897700445	2.1667709794730334	2.4752342288470937	0.3332790226468845	2.866645022043946	1.4019462985452555	1.45220751258559	1.867198884406	3.3876315862674597	2.0814379438243105	1.0820655954419431	0.87175992989663	1.205375250247568	1.6835824325615545	1.3717720759948022	2.3767535629781187	1.3802180562304533	0.9922322707933127	0.9110400789966813	0.0	1.7197551410146266	1.9914695154229194	2.3735457008631586	0.7998154986887627	2.9083812954992134	1.9955842504477508	1.0131281471121028	0.4869366635645524	1.6309955710010373	0.8174231785346556	2.337820462457161	2.1075544188712527	1.3035273927687812	2.1061320195213558	1.774691980735034	2.196973675743439	2.158450549659332	1.851566017307939	2.1146127994776425	2.70923300124244	2.1566997900867424	2.3725422272687027	1.861771073801803	1.9527104616320798
TL1a_DTT_195	3.0724225230019027	1.284136274793923	0.7546516111900494	2.909559780793405	2.4218075070801186	1.1630058627726456	1.7453977501105875	1.3363621774310772	1.047040306859791	1.2861252879985756	2.7741058646740946	4.184294305619941	1.9225701146798493	3.518574469253456	2.9138296738182494	2.9863757357931373	2.0127167863431676	3.0244560495911	2.9628544353825483	1.0203936711216406	1.0194068047355378	1.0014867891783752	3.249393036785487	3.012422143892728	1.1918248118524684	1.2736268325527706	2.2817073583681537	1.171617890692717	1.7197551410146266	0.0	2.9211496254764944	2.983704062005942	1.0576931779869874	2.7795336841116765	1.086662490920265	2.3429666251654413	1.2743431167699062	2.2556419269495147	2.192063573084906	3.2775172750204358	2.612502112385138	1.5898465653360483	3.2458347755988513	2.907615467890321	3.2599215931446053	3.2209224911226952	3.1159680539766867	3.0261913369524267	3.138064729872725	3.567124194889222	3.6846696466099145	2.713202063154851	2.981222769805882
TL1a_DTT_85	1.0072475083413563	2.987136709531239	2.315939747748772	0.12859200074725047	2.045298320922293	1.8452545784993681	2.889601590162844	1.8483890310474604	2.2982994153724507	1.7193363113183322	0.5437385712478455	2.54137002793145	1.7043828195220636	0.9209505537070852	2.8846488422541574	1.2408463230579878	1.189805969356046	2.278937088711667	0.10903092164510386	1.9073675690433844	2.004864326540093	1.9825963220057043	3.0045289491020113	2.644561217640222	2.6804050364179672	1.7158763572976194	1.0295187026077892	1.7959289161695535	1.9914695154229194	2.9211496254764944	0.0	0.5781377420538283	2.5420392402366887	1.7218366018230726	2.311439963900461	1.0257948328069406	2.1251073376359715	1.2870425492707571	1.2162345335090774	0.4532790939077637	0.6588273087613113	1.346675635185694	0.7571739189882024	0.4545149093377784	0.37388312959321285	0.38390527900245114	0.6127627275329702	0.1847070220453149	1.0628403481249094	1.116481293476322	0.9915113463240733	0.2371508525875521	0.2915153382911247
TL1a_DTT_86	0.43258493612087867	2.7979267521276223	2.2959016680598916	0.5575141243494388	2.5398872935953136	2.039595479656962	3.2580616653328103	2.1172472450614768	2.1888554543572996	1.8685111999810273	0.27461985573902203	3.1089419867959327	2.1156548272735667	0.541988806158108	3.390628546790864	1.812794116561488	1.0317099669793144	1.7529570243308616	0.4797447160189835	2.0256007691520623	2.1829377867078907	2.081280231531991	3.536808728713114	3.177835955094848	2.5079315330763228	1.7500909020453215	1.4884988770770422	1.9668029992502147	2.3735457008631586	2.983704062005942	0.5781377420538283	0.0	2.7995274306360307	1.2126433195302726	2.1951063220979363	1.5035760172839916	2.4080792592341953	1.4625358009344782	1.6668916986455382	0.6501758635407553	0.374582913718196	1.4224327369094711	1.1887214345657842	0.9997991000110674	0.8131115808156874	0.8347691713618356	1.1822722198265014	0.554954843431632	0.6508252240668684	1.6467135734696674	1.457196982025768	0.5789254712818687	0.7971247687277417
TL1a_DTT_193	3.019652521134296	2.171026791655672	1.2815610571128397	2.5325769052273523	1.4356551997213056	0.8252757498962426	0.7712034616799449	0.6977871024645762	1.6429785060553355	1.1367783486989365	2.5700143496875394	3.236988060763637	1.066426322158188	3.326305105514075	1.8569251228618318	2.231897748006646	2.0548896380275044	3.4283481581832698	2.613521116078401	0.943922320847386	0.6795587871971731	1.067879405143154	2.195272070837782	1.9738591399683536	1.9941742706955343	1.3642107170868556	1.6572876785277824	0.9135598190370596	0.7998154986887627	1.0576931779869874	2.5420392402366887	2.7995274306360307	0.0	3.035723678985297	1.7058979260608664	1.694842727896908	0.42635187847542216	2.0484110517593117	1.5129735004578655	2.8875292337493685	2.470286037173494	1.4734898117637993	2.772900807654433	2.417210129692355	2.8128692865605482	2.780674451453521	2.5357382599635696	2.670858622987854	3.0949969004835776	2.9076494974376415	3.0889415285476316	2.377553343844603	2.5571415550458587
TL1a_DTT_230	0.8858734271955008	2.0981229728684427	2.0394495389607883	1.7005419441073737	3.313578782639952	2.260174781726525	3.6798394265622605	2.4744697887260374	1.7583128132044918	2.0355154330939547	1.2377775284409631	4.239663610205177	2.75164826571879	1.4374115220707995	4.1679859336263885	2.84340946297427	1.0500494645582328	0.5613819642725645	1.6482111376733708	2.106253720892694	2.3566424346805785	2.0951713344949168	4.383046982300655	4.025120982651754	1.8703763402234415	1.7337799349899874	2.295961887800958	2.159896908316715	2.9083812954992134	2.7795336841116765	1.7218366018230726	1.2126433195302726	3.035723678985297	0.0	1.7351803290572638	2.343086243225477	2.751273582221784	1.8898364518487225	2.42810073621147	1.8419291265004316	1.093182435312485	1.6235860613759707	2.251508668120052	2.0729914241369656	2.0134120182669646	2.008502031190218	2.3283700627395603	1.708821409005252	1.0474445249810163	2.816783840673052	2.657598433994323	1.5997755152126383	1.9064843366089113
TL1a_DTT_128	2.1827229342403593	0.774600145185004	0.46912010446290536	2.3000078981579586	2.656335207362689	1.1750496307016003	2.446815968298667	1.4767817318885053	0.1761475043831918	1.0507162261224072	2.0296794024991196	4.193727622464147	2.0430934713880347	2.696513067927697	3.3747199261052083	2.800996343370718	1.1746873334126264	1.9484447470534088	2.3199463031898433	0.9170861101163771	1.1699087259716605	0.835348326856833	3.6737071741045106	3.361150537020457	0.4322153284480448	0.7440156268577626	2.0485224014595236	1.0957329002200706	1.9955842504477508	1.086662490920265	2.311439963900461	2.1951063220979363	1.7058979260608664	1.7351803290572638	0.0	2.119891412137615	1.634003873664178	1.7414154739909193	2.0467325318141683	2.6447849125213394	1.8315815227969827	1.0588021992523222	2.7273427871091136	2.4210338773290023	2.6795733464789455	2.6413869118238544	2.69030917419883	2.3838672601666486	2.2405380829286123	3.1975337050972614	3.225044101913723	2.090959991283054	2.415091577405508
TL1a_DTT_283	1.8830776101663311	2.84157815634321	1.9507892902169175	1.0491398878248623	1.0512535738190596	1.183170481782896	1.901892560781585	1.05289312547734	2.0940066253588063	1.1889398833533686	1.340654956454163	2.094577583406989	0.7196347281564897	1.939924107544236	1.9258800409272971	0.698945399438734	1.3985340578495924	2.8876894304474496	1.126855167237054	1.3709175672015848	1.3440053057706285	1.4751752626626862	2.0835117633524884	1.7105497334204496	2.5368494131257275	1.391637747167054	0.08310227651203078	1.188612776891627	1.0131281471121028	2.3429666251654413	1.0257948328069406	1.5035760172839916	1.694842727896908	2.343086243225477	2.119891412137615	0.0	1.2760547812573066	1.1423780965479684	0.21337986088427496	1.3729503999184933	1.3384328919107256	1.0822299775196065	1.1443029638350837	0.7724240043552206	1.1888798514364818	1.1500979492277512	0.8523743581006555	1.1422038447993075	1.8901698774072415	1.2380047778682375	1.3981643652114715	0.9426874369042374	0.9596868617110398
TL1a_DTT_194	2.652592850251258	2.2015645650577973	1.2457019136512495	2.115644427562369	1.163054194872027	0.5543684750134086	0.9417954393834224	0.3080486762974612	1.5711609268021889	0.883125975401878	2.1795125498698877	2.924081546644446	0.6817993755072413	2.9278747508848384	1.7545166765024662	1.839837627924044	1.7409125127085097	3.1844690768143478	2.199112030325716	0.7467876547302472	0.470799554156645	0.9185461996533856	2.0721474361185144	1.800210971841586	1.9795111356206205	1.1391441609317985	1.2396804524362235	0.6461399689937573	0.4869366635645524	1.2743431167699062	2.1251073376359715	2.4080792592341953	0.42635187847542216	2.751273582221784	1.634003873664178	1.2760547812573066	0.0	1.7299583162050431	1.1025484666123941	2.468162112402079	2.093179736372334	1.1528743410781306	2.3663419546956854	1.9990437631026547	2.3896695207786744	2.360129123432333	2.1118039169997678	2.2569365221562183	2.7322957624672872	2.4966372122135874	2.668081412793104	1.9684521679044702	2.1402983162056524
TL1a_DTT_229	1.7327307367565397	2.5076922673731596	1.8085552828840143	1.3736226821937367	1.9555408735541997	1.30830196574179	2.4126604308058606	1.4464645626524133	1.8121549022574446	1.0241198334453325	1.4252483299378187	2.9658778526277376	1.5300751457002488	1.91544406854371	2.8169695382017483	1.5300353211835627	1.0556800238005168	2.3731672359815326	1.3398197014901239	1.3888581945376661	1.5623241786757012	1.2720991259668089	2.979625549447105	2.5893246088657214	2.1516912698662156	1.1203779806019922	1.0709006140424167	1.2681171245977207	1.6309955710010373	2.2556419269495147	1.2870425492707571	1.4625358009344782	2.0484110517593117	1.8898364518487225	1.7414154739909193	1.1423780965479684	1.7299583162050431	0.0	1.1272974954856594	1.7346883823805512	1.2733454804412554	0.9991626150643746	1.2209923334334054	1.1295594662360708	1.515260304579422	1.3977764706947022	1.4779970704747467	1.2671637337487658	1.4124666463004751	1.8025735851574416	1.889263553633916	1.0835739205282744	1.169451663183085
TL1a_FP_283	2.0316548887197774	2.7702231891960865	1.8530338082627662	1.2417822875019966	0.9266579236309255	1.0383749242913298	1.7066868556750467	0.8901586230413636	2.023513029471733	1.0673599742908808	1.4977875598883545	2.151701156453325	0.5484265829346849	2.123170858580732	1.8118532289232212	0.7998619807302465	1.438719218396923	2.9616608596111074	1.3150520219884079	1.2515257467667178	1.2042698544981114	1.3481375791129102	1.9889263503309675	1.613168362327364	2.4669549758056135	1.3133636108185567	0.18681948750379943	1.0575920365469158	0.8174231785346556	2.192063573084906	1.2162345335090774	1.6668916986455382	1.5129735004578655	2.42810073621147	2.0467325318141683	0.21337986088427496	1.1025484666123941	1.1272974954856594	0.0	1.5781068169481962	1.471467964006467	1.0475548645120332	1.3020430790293236	0.9584872350142777	1.3926630077526612	1.3458957715851592	1.0572550158875322	1.326904029054004	2.0205739898110537	1.407813878637799	1.5909335271792617	1.1098601667152481	1.1450024790157798
