	TL1a_DTT_173_Repeat	TL1a_FP_140	TL1a_DTT_76_Repeat	TL1a_FP_207	TL1a_FP_65	TL1a_FP_64	TL1a_DTT_172_Re_extracted	TL1a_FP_209	TL1a_FP_206	TL1a_FP_242	TL1a_FP_77	TL1a_FP_245	TL1a_FP_76	TL1a_FP_102	TL1a_DTT_169_Re_extracted	TL1a_FP_98	TL1a_FP_75	TL1a_FP_173	TL1a_FP_141	TL1a_FP_174	TL1a_FP_144	TL1a_FP_142	TL1a_FP_62	TL1a_DTT_245_Repeat	TL1a_FP_74	TL1a_FP_172	TL1a_FP_171	TL1a_FP_66	TL1a_FP_143	TL1a_FP_100	TL1a_FP_99	TL1a_FP_246	TL1a_FP_78	TL1a_FP_210	TL1a_FP_208	TL1a_DTT_244_Repeat	TL1a_FP_101	TL1a_FP_244	TL1a_FP_63	TL1a_DTT_142_Repeat	TL1a_FP_243	TL1a_FP_170	TL1a_DTT_78	TL1a_FP_205	TL1a_DTT_139	TL1a_DTT_171	TL1a_FP_73	TL1a_DTT_209	TL1a_DTT_74	TL1a_FP_139	TL1a_DTT_141	TL1a_DTT_210	TL1a_DTT_241	TL1a_DTT_243	TL1a_DTT_205	TL1a_DTT_206	TL1a_DTT_64	TL1a_DTT_62	TL1a_DTT_65	TL1a_DTT_242	TL1a_DTT_73	TL1a_DTT_63	TL1a_DTT_207	TL1a_DTT_75	TL1a_DTT_246	TL1a_DTT_97	TL1a_FP_169	TL1a_DTT_66	TL1a_FP_61	TL1a_FP_241	TL1a_DTT_140	TL1a_DTT_99	TL1a_DTT_77	TL1a_DTT_98	TL1a_FP_97	TL1a_DTT_170	TL1a_DTT_208	TL1A_DTT_642	TL1A_FP_641	TL1A_FP_689	TL1A_FP_638	TL1A_FP_640	TL1A_FP_685	TL1A_FP_686	TL1A_DTT_640	TL1A_FP_639	TL1A_FP_687	TL1A_DTT_638	TL1A_FP_637	TL1A_FP_688	TL1A_DTT_641	TL1A_DTT_639	TL1A_DTT_687	TL1A_DTT_689
TL1a_DTT_173_Repeat	0.0	2.0205949201766296	0.5011240083427564	1.4488884443073926	1.9174983204138674	1.162807117989757	1.5050356981615909	3.3806049747962583	1.8317974167483635	0.8212085193627712	0.669642389496884	1.6740090420841685	0.8406446642426142	1.9973745033582142	2.0932023298681277	1.244479478176956	0.7650687324052075	1.9559084975851018	1.240128259645775	1.9431617628408138	0.9024321214375493	1.4960583499689795	1.8768871167674797	0.8497329715193787	1.3626503832052854	1.469791807000378	2.050246363607435	0.7857301506518691	1.360026776047966	1.6781213155270098	0.986535748256589	1.9837753137394967	1.4890192638993853	1.7530647838835158	2.1611633002735644	1.5745960627626505	2.2232894402560732	2.1455128932248817	1.6327924054475345	0.8712599049562328	0.7437091475731719	0.8318108157801538	0.23527058814366114	1.4084585416758755	1.4655542790378508	1.2824377310465933	1.2740215577091578	1.6164080879486808	1.3305898935460603	1.5844484735894049	1.6528724752126578	2.0931387615905708	1.0938939238966612	1.5959794754497683	3.6281063685321953	1.2262595240332594	2.1936081997562686	1.6988448845165223	0.9092650310511133	1.3024635183967932	1.4562094665363743	1.5198757602895192	2.5709544235098547	0.9520460904953485	1.3412944453779354	1.629963791061763	0.881225857797952	0.6297798089348406	1.9264657319875058	1.1237364411235287	1.4056052944666364	0.9943795368026399	0.9666803432697627	1.3350231470009164	1.1004744458128302	0.782733120411353	1.3320492796834074	1.5133332315216887	0.7245163052888118	0.36763134314920876	1.2808382059153274	0.1544023251540217	1.5806741669601811	1.6220936938363701	1.3633093504448865	1.4148637788715162	1.2204788191221738	1.3673950366341185	1.1550405426821801	0.7504209620510477	1.2613886379808552	1.7787909248403555	1.4247758977344323	0.9032665430639726
TL1a_FP_140	2.0205949201766296	0.0	1.7357226907220198	1.9379955853327036	0.6266352438110829	1.0415522920340892	3.3815447535366023	4.82396703103761	2.286375989610304	1.477742989614327	2.238857475240996	3.629336086388772	2.605699525222356	3.34445823243463	3.9087246640339752	0.9412970539824631	1.723848262099693	3.831334505763905	0.9914808174321124	3.806785814225939	1.3822496055165825	3.021782471749972	0.21000490398959706	2.67885226603821	2.609622632587702	3.4497184515022057	0.6683073460898583	2.2380865620845385	2.9746763186361083	2.8689218870588884	1.31024505349324	3.775431817975742	0.6891258370701218	3.7504202496766963	3.531091466338536	3.233802935831017	3.9855207087354536	3.4545530338025747	0.45252213656358886	2.7331398871617565	1.5358923698923894	1.7329080613980654	1.8565062809088295	2.1964816160754035	0.5682050444476725	0.8052099323797047	0.7578358580784034	2.467127020082292	0.7860507073770594	0.49191053481876496	0.3839725855272706	2.571124019344176	2.539237819492072	1.918835843150596	3.865311002374772	2.0561927901304453	2.0919219486377947	0.3498739787863886	1.247064500626935	2.1202291779878677	0.5846619852754957	0.5601248671616975	3.4988198287511167	1.3204199640981635	3.2122476938273237	0.4787426693707979	1.2987336438957822	1.7242059629867892	0.21716617125012289	1.31975117047701	0.8016702034099353	1.309089202064838	1.1076131716026834	0.7052252384627901	1.0402341274625166	2.007044246852894	3.161899990669676	2.7093492109049957	2.389077870786858	2.360855819939109	1.5067812023156246	2.0823812609176175	2.2427547244450743	1.589365168382343	2.535232445555067	2.268515851210849	2.0655749876042444	2.0913375530164116	1.868468503632847	2.510396766737203	2.4439405296481396	0.9266133786239524	2.3454906321036164	2.1524632339837626
TL1a_DTT_76_Repeat	0.5011240083427564	1.7357226907220198	0.0	0.9837475019338955	1.5148301977257894	1.1040989023699401	1.8597981689704102	3.297334264218528	1.3863599666500577	0.3911326796358454	0.9249651738344791	2.0305694000259935	1.0084113528679655	2.4525435640276414	2.580762654418605	1.1477584747403644	0.9719146043479049	2.3788709958608454	1.1609808301980222	2.3032512782427377	0.6091034035716894	1.954091577830286	1.6089289747842412	0.9569256190325293	1.7344525675535918	1.9135721569356594	1.6396675161833705	1.0009916292653782	1.7982477453007581	2.109230991679035	1.0359802918665497	2.1281817007466253	1.117516199147833	2.1288572862749833	2.011520746444201	1.5658229531582397	2.717771812055479	1.9923332752440248	1.420224500332141	1.1633569594963316	0.3097670009546243	0.9845558477070656	0.4999743310148869	1.0067394656991322	1.2067339362017855	1.1107690629982068	1.059149754731495	1.243017811932577	1.0690356396278993	1.3722006784018594	1.398083985660652	1.672112163158847	0.9305512859657851	1.121206796687996	3.2127782889470717	0.8186718139709555	1.7063853810779286	1.3969743981479519	0.5038017586876128	0.9008155339100066	1.2335214446278078	1.319997684005257	2.281775556311644	0.9939292785604118	1.5876621343218482	1.3118848114766621	0.7777183691382178	0.15522172545489396	1.6366220959429325	0.6463090958347472	1.0197429069145807	0.8245399979103907	0.6284324056809033	1.1249237343517744	1.0106895043903932	0.9088617192808254	1.4808583018632677	1.9325981698060777	1.1963988111899864	0.8207341241514235	1.4344157737693992	0.4910481979899121	1.911766560298446	1.7748281049692858	1.7636423947169793	1.7746496478577358	1.5495686629809262	1.691355343072484	1.4363735458850242	1.15332718271708	1.6523415808149589	1.7183115177586508	1.8029241563130969	1.2749400894292415
TL1a_FP_207	1.4488884443073926	1.9379955853327036	0.9837475019338955	0.0	1.4572283859308355	1.7902077220850594	2.4418928695863245	2.91755525184375	0.4657792601443795	0.8356702654365606	1.6428879933104592	2.5893649884632297	1.5031480981528735	3.3265659268549737	3.4040178653631523	1.774701023598574	1.8266072607473727	3.0489732264165132	1.7962818078793363	2.8544202521299074	1.0614964863173681	2.812854012480052	1.8872959114348715	1.3898403791938023	2.542071242383621	2.6685190311182754	1.4912309533037214	1.6691283234984908	2.604309344796626	3.012813915756369	1.8301014593668368	2.290662789812099	1.266054616727694	2.7177687202815495	1.6492723607274342	1.5745615419155161	3.5670403550895293	1.5943463170931373	1.835643100883752	1.8934207399797278	0.8568867849797012	1.7634173203675052	1.4428245337618892	0.30953857707553334	1.5798769811346287	1.6510068733833003	1.571593505075335	0.5522171487026358	1.4441077213254694	1.8031927286302942	1.7300207252543602	0.8766864358308967	0.9393475700640771	0.16436815609275907	2.3027002742185765	0.32957370374916367	0.8927294251423467	1.629269193389827	0.9767527593723053	0.317461129979015	1.6783441753876502	1.7792103561171935	1.5701341464821512	1.783090397431137	2.0220892621201494	1.5598947674612424	1.4460983854300142	0.8425332914247715	1.865157773362606	0.6985785884383302	1.2016271060148858	1.3472215412120023	1.1419522486614544	1.6195200012469402	1.6801691733642046	1.5657003029163339	1.7792002842201085	2.8273390763593924	2.120122693102845	1.6799708108152347	2.282517975398711	1.3799267176525964	2.8339403262001723	2.5872249678158687	2.6502550053242615	2.70865630607317	2.4675080799250013	2.6311406500428003	2.3464075616549542	1.9470466789466618	2.533796676749308	2.334777532092872	2.747082071393481	2.1745933907072095
TL1a_FP_65	1.9174983204138674	0.6266352438110829	1.5148301977257894	1.4572283859308355	0.0	1.2750247687170013	3.3045464247104377	4.37092000669036	1.7393465323086725	1.2413698671918212	2.2010055907125006	3.519614694532806	2.435516027894551	3.551757618652863	3.9598480118518693	1.1931756995421798	1.8485312557252378	3.8149304909834436	1.2503330383722904	3.7423860251987144	1.2588270742340284	3.155063120163805	0.6332088857478887	2.4320000735216074	2.7766216382984	3.381408719842386	0.2696775991992845	2.213008908996472	3.059539627411042	3.1030052241412123	1.5083491098547406	3.527625444279574	0.4853140272286101	3.635208405681588	3.0814374194749674	2.8926912606183017	4.063076871115327	3.038799928790961	0.8240693376853074	2.556687909252579	1.3052588509902863	1.8425580071619077	1.7971076466039266	1.747353754348934	0.7353209361018492	1.0100680087734768	0.8865842385084178	1.9743475299182738	0.8671468816321574	0.8208659958345945	0.699662746288463	1.9910632583565009	2.195846351731268	1.4123120267668383	3.2502212397171664	1.646272636160904	1.474643708759948	0.5343057662339309	1.0262412208403624	1.6959092646311755	0.811583556087295	0.8697610112682854	2.9792429523884962	1.5003434145703045	3.045942987102061	0.4597392437532434	1.351516018326083	1.46805897920193	0.5521926877324607	0.9645575473248238	0.5127243853411539	1.3226113202901653	0.9575311402095427	0.8807879419337601	1.2231146017733354	1.996987806930947	2.924774751847815	2.9292615659463386	2.4462914041309176	2.273705896122617	1.817812831144706	1.956260587753984	2.5673233794060812	1.9997387403585831	2.745719779673084	2.547205911812471	2.321206392854221	2.3748218928213882	2.126651379646892	2.499986252729487	2.64106115641569	1.3676155733413118	2.6138843305151047	2.298311557368412
TL1a_FP_64	1.162807117989757	1.0415522920340892	1.1040989023699401	1.7902077220850594	1.2750247687170013	0.0	2.447005106759453	4.364029161112228	2.23222283200757	0.9967694721788182	1.3431356986847711	2.6997283151980067	1.8078689992590777	2.322638781851397	2.877251875214537	0.11553604264103493	0.7134390750751137	2.8365650454618274	0.12939549085590835	2.859721652937529	0.8354116591555426	1.9877278957549966	0.9163185850287681	1.942919499029427	1.6127838831748003	2.4849364373803566	1.3798352372418592	1.3578118109868764	1.9569722023450415	1.85320130118678	0.2692440199382102	3.0201458332868807	0.8673708199261609	2.8129625722050036	3.0956658972051065	2.6126324783048895	2.950243417894913	3.0109899702249487	0.5988155585378105	1.9359230489048713	1.0102849501373452	0.778849130047077	0.9699923844118281	1.9314359953604405	0.5586429056514932	0.2776075978486805	0.3981166040106476	2.2289476279398146	0.5401690357995693	0.5703261028868375	0.6762610224478892	2.553479190570804	1.9878426592712546	1.8572840441762475	4.041925083825863	1.7354278285607077	2.3229295081593486	0.8114765511239518	0.8350709919546146	1.8197970529134695	0.4918857391649238	0.48880972459956357	3.285102726638376	0.2880488088861031	2.368625061140842	0.8562487560726632	0.4904953275288514	1.159715441877769	1.008827408331158	1.111954308663294	0.902949025432246	0.6566126969415613	0.6835269830155716	0.39718124345724426	0.11290592252723299	1.15648961143978	2.3983440032463887	1.6892388646649228	1.3688378859709727	1.4502726873177842	0.5969154766377927	1.244641200683678	1.3022596706343412	0.8254629017845828	1.514081320810792	1.2803624055085103	1.0552379421647886	1.1325557915589177	0.8624513567267229	1.5445199950901627	1.4205825295898944	0.7490973876354466	1.3524981540753138	1.1181856242513026
TL1a_DTT_172_Re_extracted	1.5050356981615909	3.3815447535366023	1.8597981689704102	2.4418928695863245	3.3045464247104377	2.447005106759453	0.0	2.955043470010586	2.7273426343727607	2.0812537034339793	1.1520005130429574	0.3663910063613506	0.9435843887247116	1.5926457357243418	1.2803008123228194	2.525377586742501	1.7636405773960888	0.6390155558700924	2.486662211066674	0.4437032747777776	2.078460110956124	1.1528905426493825	3.272155560858538	1.1692568850430651	1.3441385529149346	0.9419148204400452	3.374891620220748	1.1838247094820293	0.8942489588042553	1.6761498084246378	2.210587081622195	1.0755652744981123	2.8452101321408665	0.6321866003047591	2.210221630152164	1.4619595441310107	1.4824152491026716	2.067278981745547	2.9930311791511377	1.53088736478324	2.018059553863734	1.7322697753191045	1.5795606914727784	2.2302801111457957	2.8147158344836205	2.60275848593489	2.6596252243067435	2.3681582337631517	2.6121337955400716	2.956703982080621	3.0014407425800025	2.9820600456051656	1.6081687927809578	2.592264265017339	4.269166178268409	2.1155793751782928	3.30095858630819	3.054544857868096	2.2931459345853478	2.1515761135105764	2.8287326736626324	2.8776826339289285	2.8331315817797535	2.1709925936971235	0.5211998389308619	3.0522279539180195	2.0884744716006836	1.901934476966233	3.3342672985687645	2.4112206557424796	2.814913372683749	2.113925055071399	2.3782340338253736	2.704390583861231	2.3973760678013476	1.426246384716809	0.8947201970524858	1.593512663302747	1.2345241482209586	1.1540446464487415	2.4071414875520363	1.413795396995691	2.2252438554515237	2.6390683715425	1.5661885430388598	2.0199039382818507	1.9453760857015736	2.176133534527501	2.051160185215213	0.9075300258371771	1.531422079191741	3.11203776995391	1.9895793980535919	1.5170034517013686
TL1a_FP_209	3.3806049747962583	4.82396703103761	3.297334264218528	2.91755525184375	4.37092000669036	4.364029161112228	2.955043470010586	0.0	2.704702895323454	3.4253989893399077	3.3449955911049623	2.808462384924844	2.7632240404470205	4.539533990353253	3.958116861474458	4.395589628141126	3.9854693557445975	3.369797853300062	4.393098429213717	3.024417777767413	3.6111537552262254	4.0563932953725965	4.751637694967991	2.5493299635477236	4.098418629507299	3.271300277944356	4.404190708269316	3.3779518369990362	3.783752223716187	4.538630932998534	4.260855640711787	1.897360384214827	4.13555342664414	2.8513428819745674	1.3228541783952208	1.8138836431304546	4.168563140067299	1.412449310764367	4.632490296219436	3.129582943852001	3.389228584065378	3.9173062293205168	3.5160072474839525	2.6350883549502457	4.377239905898741	4.343693259206425	4.301166919668691	2.40391915521334	4.193190361146287	4.592716783842724	4.556872252590952	2.631600433927058	2.3777306643912572	2.9817848280708374	2.7412477060567864	2.7689493673571444	3.269729925660475	4.491633844624854	3.6608139877331674	2.7055981651279875	4.4526070161153095	4.547984967193608	1.5624079826517794	4.2085477953644945	2.529016514794963	4.419198944792005	3.924731004731712	3.2303773597699434	4.744482852875138	3.509798679100279	4.057600074377336	3.850516443748592	3.835723669325695	4.359293887753819	4.2631139011162595	3.500858198406524	2.241867679696927	4.413389025401282	3.746264617497845	3.258048304517971	4.643190881089399	3.2548889845400337	4.841911230002273	4.968579960131536	4.322024711989789	4.643789418853377	4.480580777933843	4.6836712221478285	4.476556704795485	3.396928156457168	4.2435380086890415	5.0129257004507854	4.6338458282625306	4.034345357685629
TL1a_FP_206	1.8317974167483635	2.286375989610304	1.3863599666500577	0.4657792601443795	1.7393465323086725	2.23222283200757	2.7273426343727607	2.704702895323454	0.0	1.2904054608179318	2.050815653089499	2.831745589900492	1.8188403521074519	3.7320284364367677	3.7156341361116487	2.215605660441043	2.277808320147983	3.3388931217723252	2.242398643448592	3.1198477224436565	1.526616491240066	3.2075511241465824	2.241800592799829	1.6319584340073336	2.9698704525169277	2.9323403887918023	1.7701187364284605	2.082346815835629	2.988866172665302	3.4374661131030106	2.278635378385837	2.4072771691795443	1.646437574633271	2.9431755617415525	1.4869080549939009	1.6316433666581105	3.887167735859437	1.501375537919147	2.231856037872542	2.1273320522890327	1.3051713675022536	2.220324188219416	1.8598221392139938	0.5198637709620854	1.9875609010149877	2.0834469145687384	1.9872160003780588	0.4214459641102537	1.8767751076063157	2.1994505915118268	2.1221758284898375	0.45317865098345494	1.133100463569163	0.4228690774678906	1.84554980963307	0.6871368294707233	0.6680749725299213	2.004930741172675	1.4059693122211268	0.6254807043667197	2.08366106829152	2.1855866084568905	1.25139364926175	2.233991050377845	2.263556693596341	1.9129113259436747	1.9072964338140983	1.259026513823971	2.203321484267802	1.1261550107175855	1.565521185923766	1.8123218586697318	1.565141323820291	2.03567280123152	2.124313852607223	2.0019771921547767	1.9665702268532608	3.2551342013380764	2.5183211182584158	2.038146361394064	2.719754069332302	1.7607501182841436	3.275242220718311	3.031253717365278	3.0829730099375428	3.145915450938193	2.9096476021745303	3.0623581857043614	2.78884561066009	2.3313022792521383	2.967860977577009	2.7311292474827513	3.179794434212434	2.609188678734755
TL1a_FP_242	0.8212085193627712	1.477742989614327	0.3911326796358454	0.8356702654365606	1.2413698671918212	0.9967694721788182	2.0812537034339793	3.4253989893399077	1.2904054608179318	0.0	1.0405328451603129	2.2914968623544385	1.1943520047596174	2.621309515759677	2.8708610235087186	1.002365363215791	1.0113960183461332	2.6248000587187765	1.0140867617843259	2.5196381042133447	0.30534583828659634	2.141879224871992	1.3865990159604242	1.228894582294346	1.8288038679748415	2.250637765583801	1.3215947724592372	1.0720666898209656	1.9810161459025641	2.255590217198928	1.0008274647406956	2.3151888814596977	0.8234603157631835	2.423371786449696	2.144235502758052	1.7626551095983896	3.006007915147171	2.060085016526617	1.2158732677002002	1.5532940924980259	0.08331729012418755	0.9695037343749869	0.7185919715154906	0.9370949654641705	0.9650582705014427	0.922952055168067	0.8843129948771863	1.2435844835025285	0.789071940161102	1.1775686171058652	1.1550181950893954	1.6428816256980094	1.076971354079949	0.9367732803857933	3.1333766135681893	0.7390525838050053	1.5564980715557697	1.128803670654625	0.29297679634499724	0.823921041491456	1.0346037468120253	1.1262826141254927	2.288371505874297	0.9517070744057831	1.8047289469542889	1.0917755320760294	0.6273387893923855	0.29807261724891965	1.4104044864433631	0.34791007227419835	0.7803719733079801	0.5852658988076255	0.4485326675708627	0.9376927933902939	0.8866783063039461	0.9094349451779186	1.7017852214312317	2.069032566933098	1.4249766787164606	1.125695497302552	1.4599747183598983	0.7966817504661984	2.007363462376524	1.7640894695305296	1.8854424359299244	1.8927098383624783	1.6471523238013712	1.8119788723389585	1.5178701460261246	1.3519023797145686	1.7689471820845701	1.6340661316564276	1.9378868715590951	1.3995581190181292
TL1a_FP_77	0.669642389496884	2.238857475240996	0.9249651738344791	1.6428879933104592	2.2010055907125006	1.3431356986847711	1.1520005130429574	3.3449955911049623	2.050815653089499	1.0405328451603129	0.0	1.4374977269522418	0.5910704231316634	1.7040495260205382	1.9679550359158464	1.4067735483460895	0.719060168151561	1.6517378577848751	1.3674953722667826	1.571664777743094	0.9629960280293881	1.1963377889412359	2.141692098349487	0.9426577264807309	0.9360549127249866	1.511618175322874	2.261219548656098	0.1307094126911628	0.9813296794333894	1.448953357131066	1.1381913357377536	1.7445318728620425	1.725950956537086	1.6156278664612573	2.2406122994796482	1.5800851731540304	2.112195262010603	2.0768725482887667	1.8628176727832242	1.3477304398065884	0.991310918032512	0.6420701757492118	0.58480677044132	1.55017157989768	1.675728110039737	1.470240596927276	1.5393491797048884	1.8175126214714379	1.4644645993183618	1.8304047599498348	1.8607382763990443	2.391834522750444	1.1872564277352518	1.7777243346430929	3.830489342549262	1.3661450929711978	2.4991257862538205	1.914152131775626	1.231765606960693	1.434120244460908	1.7005921105135786	1.7497798911597675	2.6348486023775415	1.0872869951137043	1.069537095955989	1.9371635427954328	0.9434082583835258	0.9612284284629613	2.2062267537843274	1.387327991199553	1.724055813146772	0.9639271088631084	1.2929307615111705	1.578267047279434	1.2803525567769882	0.3044341647064562	1.1905554559709413	1.2689214074436048	0.6865906248762588	0.5726535308153594	1.4582748395863905	0.5797476624740688	1.5762585567053118	1.7177582923283563	1.111831006411957	1.396620225966507	1.199693130786949	1.4714956326716344	1.2122507785870338	0.38393698394050635	1.0046673364184562	2.0606300054037194	1.4156480452399864	0.746780325467318
TL1a_FP_245	1.6740090420841685	3.629336086388772	2.0305694000259935	2.5893649884632297	3.519614694532806	2.6997283151980067	0.3663910063613506	2.808462384924844	2.831745589900492	2.2914968623544385	1.4374977269522418	0.0	1.1403764321639631	1.7926927801507697	1.2171321498813354	2.782924513215066	2.0346970187510287	0.6070801317892393	2.75063283713708	0.44709944060962514	2.327657778321983	1.3830219887442234	3.5085730082113256	1.237752487866828	1.6566842936165103	0.8003142187297158	3.606170247590956	1.4884850543418193	1.1651583480680332	1.911372651820979	2.4638180552406337	0.9846764500393693	3.075019971744175	0.2940029468260068	2.148834420585018	1.4232266543280858	1.4310870393547206	2.070079535955371	3.2388443088150387	1.500860667440704	2.2224161066515444	2.0237967117214715	1.7897067281739576	2.360253109950615	3.061211908490915	2.8550748993172053	2.894478798598332	2.447214436812072	2.8705633490966416	3.198436441759966	3.250637891395564	3.0390011429690635	1.6986901494147801	2.7445483255850682	4.291117144125606	2.265391695609983	3.4157502355364397	3.299109048653915	2.496582577478653	2.2944325364853313	3.0695113403188805	3.1229841187027683	2.8383630928191534	2.4270099562170735	0.6104362651190334	3.2727175652446476	2.3528094528099057	2.078854314862505	3.5655230364801405	2.6082802101025453	3.0234368312147617	2.3893587627431887	2.5891786308304297	2.9447935302192167	2.6496317175057684	1.7271152608774032	0.906743280241157	1.8473407696373054	1.4501468110007283	1.3163702779952808	2.6453873724317414	1.590092529672938	2.4612315638067086	2.8935775784731868	1.8360279399038804	2.2538816056753106	2.195002848559497	2.393479155481337	2.296666254094148	1.1769404378962536	1.8081616103806695	3.3420927887962177	2.2135825924439088	1.7847399019087007
TL1a_FP_76	0.8406446642426142	2.605699525222356	1.0084113528679655	1.5031480981528735	2.435516027894551	1.8078689992590777	0.9435843887247116	2.7632240404470205	1.8188403521074519	1.1943520047596174	0.5910704231316634	1.1403764321639631	0.0	2.0485761399874716	1.9985811435994558	1.8659552080214663	1.2643566115694191	1.5525751387552393	1.84119362487512	1.3686851792515717	1.2446356837353845	1.5145694663055236	2.505672425990916	0.4569431003319672	1.4128801732284297	1.3705415025157814	2.500509124812744	0.6492548425508682	1.251420456425132	1.8908015363670558	1.6308770852421248	1.212329661179621	2.0006492222098706	1.318900010509722	1.6918545429428302	0.9984931054069732	2.1803155202205424	1.5453883044751335	2.26557986664197	1.1880477247812888	1.1340938490259957	1.2038928347742426	0.9022886808680088	1.311269286179879	2.0480741307729327	1.8904899564357003	1.9165471116695263	1.4960422963007742	1.8383989027974368	2.227350783573878	2.2429190266116628	2.11204309891301	0.7574423878613287	1.653355990678457	3.47992153254788	1.179611816899858	2.371227553233474	2.2612164361642915	1.4382555573870923	1.2222972856510166	2.087328400437637	2.155848861660472	2.169206487092476	1.5793256588803293	0.6141805750986041	2.2449391520539406	1.3774924870624412	1.0113665484475425	2.550576934267667	1.5026941772492706	1.9631547801723717	1.3659275680946854	1.5564440847471	1.9672576253122036	1.7286124691150946	0.8129505662531912	0.6171506155985037	1.7327151544365869	1.0601884053784267	0.6565584091779127	1.9709664669957125	0.6942669469939515	2.1047195744331475	2.263473900472651	1.6066961895528036	1.9122543168787338	1.7352690795964678	1.9741030651165903	1.745261062906469	0.6816129228844643	1.5135314255670178	2.515631439179251	1.9152236903354407	1.2797476968622117
TL1a_FP_102	1.9973745033582142	3.34445823243463	2.4525435640276414	3.3265659268549737	3.551757618652863	2.322638781851397	1.5926457357243418	4.539533990353253	3.7320284364367677	2.621309515759677	1.7040495260205382	1.7926927801507697	2.0485761399874716	0.0	1.1557996459395243	2.414283976004849	1.710783851784169	1.372620488983953	2.360137567061679	1.6677345166210331	2.4894910578170086	0.5399691688334869	3.2312178209129487	2.3323473288889027	0.8814091518868584	1.6238370782108822	3.634927535146321	1.7099965891831668	0.8041947204482531	0.4960068912852646	2.0647597397484034	2.666869113270544	3.0858721194051544	1.8610231552570935	3.6627166727625666	2.9078255888878544	1.1286111448494285	3.530389162553411	2.9097541585093913	2.233576284181629	2.5722588995216134	1.7578845404970072	1.960048469318381	3.239027847056442	2.859040531735606	2.5775563144222113	2.6918416237859333	3.4729898815144464	2.7259033060535036	2.886784551585191	2.9876629495801024	4.034790724981008	2.7730859780636012	3.4633397909574737	5.498462729027047	3.0569540536865736	4.144452792956764	3.117031807551585	2.7011906513236625	3.125870159306203	2.8136743613684763	2.806918743496837	4.213990989366583	2.0614226377882656	2.0265364210499186	3.1601507678408365	2.232969013849711	2.5494714040837927	3.328175440514208	2.9533656864483175	3.093627663481224	2.342706160823133	2.677854145493149	2.7094334047488857	2.346138189911291	1.836559059700657	2.360094792504668	0.6355646478456898	1.2755160293724672	1.7667832273101625	1.9470816952706174	2.0174254723696303	1.3042551389294879	1.9777466984610488	0.8125461318221971	1.1874307946120006	1.316778128720993	1.4510819455654005	1.52570592743031	1.4136565654520066	0.9142278460142332	2.7501445808516634	1.1333309441345372	1.262208506432216
TL1a_DTT_169_Re_extracted	2.0932023298681277	3.9087246640339752	2.580762654418605	3.4040178653631523	3.9598480118518693	2.877251875214537	1.2803008123228194	3.958116861474458	3.7156341361116487	2.8708610235087186	1.9679550359158464	1.2171321498813354	1.9985811435994558	1.1557996459395243	0.0	2.9825648986185445	2.229486794599664	0.7941815255330964	2.9474710218774263	1.2228153187436686	2.856754913410503	1.0785213763131238	3.762454584178759	2.1084373539991685	1.6291774204182679	0.8847021974725834	4.083404875005823	2.027479776834549	1.1504209251338737	1.4383389789867453	2.610512185800836	2.198953290259902	3.508553507194925	1.108443199692177	3.253821028061339	2.522796987758024	0.21453749084262544	3.2348184587073376	3.4646492629691954	1.8647987833736015	2.7993678935905373	2.2976093014225203	2.1837568987818776	3.246241507488013	3.371836147683754	3.1119641679759518	3.1690826758037387	3.372155351539763	3.237504146841518	3.4256006311305	3.532804755846074	3.920319576979861	2.6344664359334757	3.562975514453712	5.3158091845210365	3.1062139314693735	4.199897890419688	3.632666369951305	2.9829843923066712	3.1586789302130707	3.328582445517159	3.351391147440713	3.9514873443451703	2.5999432893953744	1.7160131977578663	3.602899528061043	2.7085559609869305	2.6857232053624935	3.8395512906559026	3.201175810159043	3.4532728933456136	2.823183933739797	3.0089951640258175	3.2109275520385525	2.8743171244198438	2.2293726497258803	2.015303431493562	1.5012261108082965	1.5319363092658889	1.7637373836132475	2.567182767777463	2.095318954105029	2.092785536225798	2.72624286896025	1.6100185639233395	1.9253233402857013	2.010620984648704	2.094096457542224	2.1711501765361363	1.5861301446196687	1.6576303208953718	3.3456180531878044	1.8481617362610923	1.8135099891826623
TL1a_FP_98	1.244479478176956	0.9412970539824631	1.1477584747403644	1.774701023598574	1.1931756995421798	0.11553604264103493	2.525377586742501	4.395589628141126	2.215605660441043	1.002365363215791	1.4067735483460895	2.782924513215066	1.8659552080214663	2.414283976004849	2.9825648986185445	0.0	0.7975920956290166	2.9263543728263057	0.07744664941297145	2.9387900766313253	0.8296899506589661	2.081635852965968	0.8283725265910779	2.0042845005515373	1.6897351404381937	2.5868401586985725	1.2857111551324507	1.414449770817509	2.045295641758603	1.9454752396717918	0.3738705599186442	3.076814400486809	0.7919643539179644	2.9023984327401755	3.1250747578935747	2.6597563414873946	3.0572106886617547	3.0319497659099235	0.5079582819747	2.0271533045237575	1.0251428363691166	0.8407238903940266	1.0481406713173889	1.9290648803796613	0.46441443375407676	0.1864114122083859	0.34197463163078	2.232087404993753	0.4539520724480475	0.48552619400470065	0.5751873371801042	2.5431743432756657	2.0221233071135147	1.8324151762000453	4.013814509266308	1.7361037214144248	2.286099018988195	0.712899370921167	0.8342775349229323	1.8190924826121004	0.4082812764757446	0.40015838141062793	3.286686186652365	0.38417379103114524	2.4360285699550803	0.7830703169219284	0.5123536798993754	1.1900375813930903	0.9225727097091049	1.090266951954745	0.8496966330069242	0.6462990456234098	0.6784410678670756	0.3233464058916203	0.1451137356804999	1.2028545944985096	2.4586090457026977	1.7803895747303955	1.469925717734119	1.5373893946863746	0.6883701977932458	1.3188404622400274	1.3926656979686993	0.8831798142208759	1.6036124492641706	1.3776258368010295	1.152773520102683	1.2339965726816866	0.9630676448797189	1.6269897847512356	1.5095670184440446	0.7366780348980903	1.4523106131866907	1.212371945724358
TL1a_FP_75	0.7650687324052075	1.723848262099693	0.9719146043479049	1.8266072607473727	1.8485312557252378	0.7134390750751137	1.7636405773960888	3.9854693557445975	2.277808320147983	1.0113960183461332	0.719060168151561	2.0346970187510287	1.2643566115694191	1.710783851784169	2.229486794599664	0.7975920956290166	0.0	2.1348042581512976	0.7512508175342065	2.1623667829419255	0.8456547563387381	1.315682641666436	1.61108216104119	1.492256167446301	0.9517909308897106	1.8808294031681996	1.933402847131654	0.7388073477553441	1.2522569400091303	1.2902204247584306	0.46566693238000767	2.4498264165058696	1.376978489438095	2.1643868305702703	2.795912519089116	2.1928349337318083	2.3187597472177996	2.678023012912488	1.299640607900658	1.5646964809080883	0.9837628070732077	0.2031247586502741	0.5567712933375908	1.853430570953645	1.1865711045292777	0.921523521600021	1.0242922120985156	2.148254623364923	1.0359223841571843	1.2702287521919962	1.3440304265265626	2.615545732705464	1.6792365326335004	1.9368968808037292	4.121982735537786	1.6466993522778504	2.5582520072663044	1.4473149005267412	1.033959421517548	1.7305950888652808	1.1662995864545649	1.1863592509998093	3.1171554357094475	0.4286966488226648	1.75608596864794	1.4847038743372378	0.5305783432440698	1.0509877552744638	1.6954454105616352	1.302482350795874	1.3912896458766566	0.6844751611521313	0.98896998407655	1.0495480245475466	0.692053670181459	0.6063081904220576	1.861210416692597	1.1055728207016928	0.7205838804394162	0.9037214610027553	0.7521864385506273	0.8155805184214787	1.0403019638008801	1.009996204740464	0.9176240201076328	0.9152103844024932	0.6646131972208618	0.9062305963571633	0.5859871536962883	0.860352706856407	0.8058810436697681	1.3835364441760998	0.9681759297034273	0.4578135072803454
TL1a_FP_173	1.9559084975851018	3.831334505763905	2.3788709958608454	3.0489732264165132	3.8149304909834436	2.8365650454618274	0.6390155558700924	3.369797853300062	3.3388931217723252	2.6248000587187765	1.6517378577848751	0.6070801317892393	1.5525751387552393	1.372620488983953	0.7941815255330964	2.9263543728263057	2.1348042581512976	0.0	2.884583796904724	0.43554032090288	2.6060994312504664	1.1119520069216255	3.710739051164782	1.7356393512492274	1.508359696013742	0.9218860508066231	3.899601592253225	1.6848626327267793	0.9812861226206722	1.6267839387705838	2.5788314618016077	1.5275346416348212	3.348786178736743	0.66588196849094	2.751813231976471	2.0180661347854363	0.9881262532427362	2.6463817875829183	3.415470509909922	1.8525870768826689	2.558642159766934	2.136085241719246	2.033781329491695	2.8473643894116236	3.2696795494755304	3.0310702139797288	3.097154645908901	2.975501266530739	3.0857434962797727	3.3793346984352572	3.4473837606260123	3.5741517435446437	2.214636219008138	3.2026423043715284	4.869808578478648	2.726890419694046	3.8962993989979484	3.5222313159071152	2.8054128354586294	2.766899793698433	3.262749383434531	3.299345507045928	3.4231994775001393	2.550048081045254	1.1289208400832706	3.5182970309846167	2.5464348364796408	2.4448696601977167	3.781890602300141	2.962643229615303	3.315088707841764	2.6030617530283324	2.867594016181777	3.1391710538772846	2.8070008932962764	1.920638003067889	1.4762596583157845	1.6175891009898031	1.504740634977366	1.5916915137191168	2.6726198360621467	1.8997092452668412	2.3175848213270758	2.8619472730509474	1.6661612771885763	2.124139115050071	2.1260549516374385	2.313730782649802	2.2736569654249594	1.3264261490884623	1.6767746902401741	3.4375008798358504	2.0724456735075916	1.782361028107404
TL1a_FP_141	1.240128259645775	0.9914808174321124	1.1609808301980222	1.7962818078793363	1.2503330383722904	0.12939549085590835	2.486662211066674	4.393098429213717	2.242398643448592	1.0140867617843259	1.3674953722667826	2.75063283713708	1.84119362487512	2.360137567061679	2.9474710218774263	0.07744664941297145	0.7512508175342065	2.884583796904724	0.0	2.896453483096707	0.8229411617842203	2.031494832801154	0.8889434301801248	1.9963048669622274	1.6284840828795286	2.5668288039370726	1.3316540234863017	1.3701680693084055	1.99500785248804	1.8926900517192011	0.3448288994560593	3.051669217537434	0.8400384623790681	2.875087141519985	3.1305544880939697	2.6537260715172826	3.0219350613663454	3.026930941015277	0.5672438933159576	2.036004953341735	1.0361643706175785	0.7862388670960772	1.0360716391192242	1.942486585499636	0.5180752667777514	0.24263386211095334	0.41123958066912475	2.2512223795194326	0.47706389705508034	0.5497534580273409	0.6277574691910661	2.5778867081776204	2.0220757714076205	1.855818591543036	4.046549910142797	1.747145830482361	2.329461694282034	0.7646412054830888	0.8657884148431159	1.8303852310983184	0.47492154044669643	0.4635494186444343	3.297636027372846	0.3510422039199938	2.407028457372218	0.849889203467103	0.4857884136915007	1.2022383604929467	0.9846777542560464	1.1198484850955464	0.9071928351905263	0.6172988346558699	0.7182975574279212	0.3916243707429898	0.15952165291718245	1.157355251778289	2.4393986553628806	1.726468218492153	1.436945189953475	1.5209806872739702	0.6720650458573535	1.310378693767938	1.3524753212084697	0.8568161931755192	1.5486009883190186	1.336153299052622	1.1085637595163331	1.2052909806117067	0.9248268427215466	1.5885371881001384	1.4544488710356167	0.7812834080540071	1.4126997082061223	1.164642462094418
TL1a_FP_174	1.9431617628408138	3.806785814225939	2.3032512782427377	2.8544202521299074	3.7423860251987144	2.859721652937529	0.4437032747777776	3.024417777767413	3.1198477224436565	2.5196381042133447	1.571664777743094	0.44709944060962514	1.3686851792515717	1.6677345166210331	1.2228153187436686	2.9387900766313253	2.1623667829419255	0.43554032090288	2.896453483096707	0.0	2.507680929829518	1.3395213610573078	3.700278800317515	1.5751116408174783	1.6054883481770381	1.1215596182096377	3.806755201640732	1.589804520343701	1.1262946689461206	1.8689501197367928	2.6171766538970678	1.1570212294118127	3.2801294527187674	0.6573455245364838	2.4586486780243315	1.7450244940726778	1.4213949782375104	2.3039546678845952	3.4154031444544493	1.8981225611165096	2.4579434109916383	2.1285618762194187	2.015990575883418	2.6283412983019563	3.2416503815626596	3.0238088102028646	3.088355444352058	2.7490932452303665	3.0360310916550217	3.3806151834319906	3.4260399030985345	3.364178074754992	1.9977871701539878	3.002361825368614	4.586150911462994	2.52575044209973	3.7124338688692045	3.4830748376057366	2.734583891490871	2.555993957909039	3.2549163209475473	3.3001496080710226	3.1056638380604893	2.5794135048624245	0.8622404582241923	3.4881217292842424	2.5095009486772164	2.343464306159191	3.7651701947481238	2.8491009165615675	3.254998833681407	2.5313142050443505	2.8181540644680045	3.1308816857218007	2.8149006442536955	1.8315822308408265	1.2112418853420572	1.8231676844136202	1.6104098188863403	1.5870515615035585	2.784577106632426	1.8559664387971446	2.5184574310399515	2.992201596008533	1.8336240451426975	2.318977982680601	2.276694049827314	2.501658348737119	2.405360074567292	1.3184418946363872	1.8211116387470123	3.5156198894785815	2.281053602792854	1.8754444856369739
TL1a_FP_144	0.9024321214375493	1.3822496055165825	0.6091034035716894	1.0614964863173681	1.2588270742340284	0.8354116591555426	2.078460110956124	3.6111537552262254	1.526616491240066	0.30534583828659634	0.9629960280293881	2.327657778321983	1.2446356837353845	2.4894910578170086	2.856754913410503	0.8296899506589661	0.8456547563387381	2.6060994312504664	0.8229411617842203	2.507680929829518	0.0	2.0367617065661077	1.3117258836880805	1.3802523277649308	1.6610958520659826	2.314440317251735	1.3019177359556733	0.9640611296345685	1.8852760028315791	2.110543261208975	0.8398025825069542	2.401747911444424	0.7922754863504075	2.4816169944766653	2.361063312754552	1.9370737119511952	2.9837093233312526	2.22465401221729	1.1008456915841858	1.7240450933330458	0.3482682143093473	0.7652760192145789	0.7290437114302213	1.1585959199292748	0.8496459178921512	0.7697766373648384	0.7929874605621938	1.4924273614303623	0.6197820573879965	1.0721814584151337	1.0388740278528792	1.907338107141646	1.2734999979359352	1.1420969048318435	3.3569879720941533	0.9587983275731091	1.7770428688972588	1.0370423016782182	0.43227690437158584	1.0404883327021646	0.9305348321146781	1.0073537601885225	2.4965469016064756	0.7838593025070427	1.856022101237144	1.0700215807871003	0.4036756719157018	0.5532326431080329	1.3538801286886764	0.5391856041136804	0.8239833942308091	0.29307930136010696	0.4941870704519257	0.829246353630822	0.7245411349647469	0.7555173363307489	1.8074884282790815	1.9202680585371026	1.3728162073356642	1.1787991738013983	1.3202425769856552	0.880353266673518	1.8522385310807694	1.5892883890595775	1.7303654723962263	1.7489308039505345	1.4956310379430893	1.688622678343613	1.3710104827088	1.3020889548021253	1.6133212663480105	1.5285831397017116	1.8041184463518516	1.2641867496154595
TL1a_FP_142	1.4960583499689795	3.021782471749972	1.954091577830286	2.812854012480052	3.155063120163805	1.9877278957549966	1.1528905426493825	4.0563932953725965	3.2075511241465824	2.141879224871992	1.1963377889412359	1.3830219887442234	1.5145694663055236	0.5399691688334869	1.0785213763131238	2.081635852965968	1.315682641666436	1.1119520069216255	2.031494832801154	1.3395213610573078	2.0367617065661077	0.0	2.9032370317219134	1.793900649857583	0.5597853832728824	1.2398411864745071	3.242176563060931	1.2172133608634315	0.29966712620593583	0.5341085181964011	1.7210276007059244	2.210490923559141	2.6821425674750694	1.4760004311686266	3.134458094236457	2.3836009385143506	1.1426010650974836	3.0106808515554975	2.5861595802416244	1.7572562336335364	2.0876842865731384	1.355900657218002	1.4747464248973379	2.7131641975040734	2.4991451986637485	2.2265556815205096	2.3255539808800236	2.9384458203245027	2.347864125173434	2.5574907848230883	2.64843626178387	3.5047211986085123	2.2341640119718873	2.954064679731585	4.962623275166542	2.5353817226580158	3.639591870633505	2.7605888661532054	2.2450171675918034	2.6024042595333374	2.4662187250233973	2.475927540447923	3.68043686698117	1.7071902282329523	1.5313991079774742	2.787322893050722	1.825262894139002	2.047275354533039	2.9920318506876225	2.48147870746921	2.6768227707217584	1.9282582215887603	2.243267826557691	2.352425158651039	1.9910562256447104	1.3683909226045239	1.8462704624802466	0.5059799806003887	0.7923138953773026	1.241921544621815	1.703308049038022	1.5018063863596163	1.2343590753010087	1.8233717362963588	0.5803871690184721	1.0547840532785173	1.0921793841596257	1.2877264183615154	1.2758510409044266	0.8808013763839624	0.6252712922864693	2.506889291842792	1.0087953296781924	0.8713975459254856
