	Itg.10.DTT455.S49	Vil1.01B.FP07	Lyz2.04B.FP243.S92	Vil1.04B.DTT43	Vil1.07B.DTT79	Vil1.06B.FP67	Lyz2.01B.DTT207.S47	Itg.22.FP515.S18	Lyz2.05B.FP255.S52	Lyz2.04B.DTT243.S84	Vil1.04B.FP43	Vil1.09B.FP106	Itg.02.DTT407.S99	Lyz2.08B.DTT291.S133	Itg.24.DTT527.S22	Itg.26.DTT539.S35	Lyz2.08B.FP291.S89	Vil1.06B.DTT67	Vil1.02B.FP19	Itg.26.FP539.S43	Itg.18.FP491.S94	Itg.12.DTT467.S61	Vil1.07B.FP79	Lyz2.02B.DTT219.S59	Itg.24.FP527.S30	Lyz2.07B.FP279.S77	Lyz2.03B.FP231.S79	Itg.18.DTT491.S86	Itg.06.DTT431.S24	Lyz2.05B.DTT255.S96	Itg.08.FP443.S44	Lyz2.07B.DTT279.S121	Vil1.08B.FP94	Vil1.05B.DTT55	Itg.16.FP479.S81	Vil1.05B.FP55	Lyz2.06B.DTT267.S108	Itg.16.DTT479.S73	Itg.12.FP467.S69	Vil1.14B.FP166	Itg.20.DTT503.S98	Itg.22.DTT515.S10	Itg.06.FP431.S32	Lyz2.06B.FP267.S64	Vil1.013B.DTT151	Itg.02.FP407.S7	Itg.04.FP419.S19	Vil1.02B.DTT19	Lyz2.01B.FP207.S55	Itg.08.DTT443.S36	Vil1.13B.FP154	Vil1.03B.FP31	Vil1.010B.DTT115	Vil1.08B.DTT91	Vil1.014B.DTT163	Vil1.09B.DTT103	Itg.10.FP455.S57	Lyz2.03B.DTT231.S71	Itg.20.FP503.S6	Lyz2.02B.FP219.S67	Itg.04.DTT419.S11	Vil1.10B.FP118	LYZdtt351	SLCFP067	SLCdtt019	SLCFP091	LYZFP327	SLCFP073	SLCFP019a	SLCFP049	LYZFP339	LYZFP315	SLCFP127	LYZdtt363	LYZdtt315	LYZFP351	LYZFP303	SLCdtt109	SLCdtt001	LYZdtt303	SLCFP001	SLCFP109	LYZdtt339	LYZdtt327	SLCdtt067	SLCdtt163	SLCdtt145	SLCFP163	SLCFP145
Itg.10.DTT455.S49	0.0	0.4265748197414698	0.5116501838140113	0.6207591700265512	0.9860685071574642	0.49502263978157274	0.5653116983335766	0.42464086460621436	0.5233523352335233	0.3265135856289225	0.43160193417563564	0.6144980594459087	0.5133630791418785	0.3255333231505524	0.4761756849102317	0.47298157124512674	0.4224358771624656	0.9887521416706994	0.3260105448154657	0.4382930937675463	0.5240875496632158	0.2519371727748691	0.5905119198387855	0.5253935865516015	0.5087019498607243	0.6452994234098216	0.49367906120317695	0.3968314827311208	0.39766550833110575	0.6037139984623573	0.37745070136206543	0.5322820722303672	0.616193242893131	0.9844973739979729	0.46700427018309143	0.5295571316877025	0.589954749190418	0.6785528766135787	0.3255746477965118	0.684553629964993	0.3292854087077914	0.35006192182058465	0.3409853032498448	0.506724007083228	0.8601169241909549	0.6011868702478828	0.5330954144502054	0.6727444323559097	0.4735446123842028	0.6415857131138897	0.8328540504669057	0.46101434593640733	0.8974648157702136	0.956576963711257	0.541932764253346	0.802016098205607	0.36805680496083865	0.3612087001144752	0.3607853744689653	0.5098597622876445	0.42456661281166763	0.6126044189610005	0.6643817287305214	0.6674881245758777	0.6146239609187252	0.5533456861863673	0.7145951521402785	0.4356836396017162	0.5434308429314035	0.6563598326359833	0.6111116496854188	0.6292071456612083	0.5299351567451611	0.6468789873289791	0.6551060572928056	0.5822421489798695	0.7485729303884898	0.3672360487689637	0.80573407283505	0.9342003439054093	0.4865294912594272	0.5960453977018003	0.6487315100953963	0.574808473575943	0.44977140027408935	0.5417099273220989	0.4657372225237837	0.4654868510792832	0.3444195098004839
Vil1.01B.FP07	0.4265748197414698	0.0	0.44792851740020784	0.7019483350286717	0.9955992541893942	0.3694691494172624	0.6853744603521053	0.5423399760178154	0.515018640320447	0.4633379146180767	0.2878697855922071	0.6812074322516924	0.7270315193937704	0.49910642060311905	0.7312280902847427	0.6732734003172924	0.44288405881553133	0.9975640904360987	0.25949164653441764	0.5327915220998642	0.4853084716098415	0.3764175314155611	0.3820404620817621	0.6286810443073765	0.6871212663117342	0.679585589828114	0.4826138737577852	0.47381187868637065	0.4269317888143993	0.6743583655319791	0.38621036892374355	0.6629250374504935	0.6827847486782258	0.9935322806610978	0.4415539694465314	0.3492471441690837	0.7786064498308128	0.7418670001167992	0.4223550327192949	0.7910136579677368	0.34226649498394013	0.36040553799193287	0.42092448128025667	0.6566480258851254	0.8828419071518193	0.7558487089017237	0.6819626600833205	0.7726249437190454	0.4940312130057203	0.740427626650686	0.8596903527070217	0.323485016818248	0.9289057032890133	0.9679913373037358	0.6583073622074	0.8565093506701983	0.38976866546567157	0.5753876517941173	0.32017009573490174	0.5644280690001675	0.5784702095012686	0.7169457130772411	0.6578381221016398	0.7374546717911971	0.6844453939091837	0.7351081396753796	0.6021375760545697	0.4243872331272853	0.5969459324602943	0.5555641265463942	0.47843201268567964	0.5213254050477525	0.586236730890819	0.5708646040511227	0.7459147023144074	0.4858789057690887	0.7235779977008047	0.6365463751351146	0.8704483170082478	0.9232751606052341	0.6522705652631052	0.7336520550010229	0.7438262686434461	0.4233852421315461	0.589159697499526	0.5506536496437909	0.6395338677617353	0.406981356604522	0.40522977452224085
Lyz2.04B.FP243.S92	0.5116501838140113	0.44792851740020784	0.0	0.8318672989123729	0.9974625269606511	0.60138629698747	0.7258125	0.6281851636645361	0.7107406734496124	0.31574135185375807	0.5706622756134376	0.7117673185495872	0.7630938787668172	0.567097175219283	0.7496736292428199	0.729794933655006	0.5201751691437663	0.9996315571316723	0.3815914169718384	0.6288049453717871	0.6192452130372293	0.5212598816376971	0.6468192803181672	0.6885939659143252	0.7374277836134454	0.7775227884006353	0.20394699809742534	0.6080953025585488	0.35004724895377315	0.7956982794832449	0.5305292073174663	0.7772417029614932	0.6161393813081049	0.9956108635331707	0.6393429661402226	0.5786580289015363	0.8038352318049838	0.770253415636554	0.5772880357531598	0.8017730716040209	0.3825683578984293	0.49941936372761925	0.583937976787906	0.7070518059130382	0.9172148905271679	0.7888504394155287	0.7591327591327591	0.8138659532266248	0.5761941539923955	0.7984554209275989	0.827456864216054	0.5680926800854313	0.9566230414107906	0.9759168693649171	0.762480708053797	0.9354729156053659	0.3179450043248245	0.5224298925343606	0.42011609338166334	0.6327771463634019	0.7152534152453318	0.6172360248447205	0.6150195817469755	0.7938899080988433	0.8088771881206411	0.7660749474913432	0.7042751823326723	0.49991598564118234	0.7857406155925539	0.6319828355754624	0.6077798097411204	0.437417971567418	0.6816819973718791	0.7318348912929314	0.7478364496437883	0.693910935430064	0.6035674742596095	0.658172605300356	0.8916417314981049	0.9446906463715805	0.6898806736529364	0.7598316048875654	0.8098705856547489	0.5532679975801573	0.6656269179999832	0.46566455287770714	0.5158289116023966	0.5342229578290404	0.5025789768918197
Vil1.04B.DTT43	0.6207591700265512	0.7019483350286717	0.8318672989123729	0.0	0.8073882884336183	0.6396576839038601	0.5793830221703618	0.5897573449206945	0.5992806731813246	0.7268883357427798	0.6212402780645605	0.854435042446692	0.5047583113235232	0.5869066988575727	0.5580524344569289	0.4268972353783456	0.6250209065061046	0.8012594245051252	0.7179261683198691	0.5727213621746999	0.7337625754527163	0.663947018058922	0.7213997467485592	0.6617825875486382	0.5314963863337714	0.45720273857761634	0.8225297123500028	0.6732391844408138	0.692817357748735	0.4444010207131198	0.6863381708552527	0.29637526652452023	0.8381054836388507	0.8387435012451396	0.6853003650424186	0.7074029862429306	0.6143798360530146	0.881873003145369	0.645140310731061	0.8538910441327631	0.7043312253907649	0.6568559425738327	0.5050923093532947	0.6016199657314941	0.7580068481489188	0.5911543964456939	0.4783603828547649	0.5300059586300826	0.6204474505723205	0.39215642004018875	0.9601433218612984	0.6551783475503331	0.688754402969197	0.7749276536636185	0.4543496025555308	0.5888512777876754	0.779840891010342	0.6626745844806423	0.7135566791097671	0.6750587063260514	0.390205308754302	0.860551642027979	0.8575767033772771	0.5930711741286583	0.48124091957952314	0.6203026255457427	0.8843212652008993	0.6961819377617778	0.6441889807934951	0.6715547897496059	0.8385816289483239	0.8437069075322172	0.5722230352700132	0.7556707712248866	0.7680007394398743	0.7444769058315754	0.8986407437342456	0.5452753458471702	0.6135458167330677	0.9693949932205093	0.5686057976730428	0.6334980327568853	0.45839355265414106	0.7949697691667977	0.5725424247057025	0.8236549689246029	0.7968186670050534	0.6532921381153187	0.7359989045597699
Vil1.07B.DTT79	0.9860685071574642	0.9955992541893942	0.9974625269606511	0.8073882884336183	0.0	0.9959065278681414	0.9702721509200557	0.9950389123478063	0.9951282418684625	0.9763969984362167	0.9955509029049987	0.9958066263746315	0.9461362515136565	0.9570743982089662	0.985884327788799	0.986803206962609	0.9939643779956212	0.06176279372155661	0.9957117809839667	0.9949439559826756	0.9971543702226653	0.993912725470997	0.9963385715514381	0.9931716656030631	0.9940779084049833	0.9917975086462829	0.9972383864286419	0.9950144927536232	0.9936187653698215	0.9144774308564637	0.9965235926259564	0.811704834605598	0.9972167780198323	0.21614400225003516	0.9963977803970387	0.9954384902613785	0.9784928716904276	0.9929406149117995	0.9967216396806727	0.9907593342636397	0.986685975370177	0.9893112730615192	0.9950059090389234	0.9947317394406132	0.8841383746406963	0.9926484602608435	0.9941710420930854	0.9693753695807786	0.9955130839841074	0.751815245634911	0.9942391793222901	0.9950157196534009	0.14680139835157824	0.16563131502133074	0.8919419695655602	0.2946313679991562	0.9970470192841061	0.9723650610417323	0.9967868530782438	0.9960984617217399	0.9375289803144627	0.9973949112246446	0.995511656108324	0.9910138306684405	0.9903722922071833	0.9943888286679844	0.992793728167812	0.9951706728130831	0.9936610320284698	0.9872866529295129	0.9939438044255865	0.9932491448729002	0.9928733569128438	0.9886821542450681	0.9018438786163576	0.9904161183464174	0.9958035430939536	0.9922554935243144	0.9496582763793966	0.9731916433313407	0.9873524097651162	0.9911831346665353	0.8509188300495877	0.982694210691848	0.9768482718219098	0.9943782094789279	0.9961178996920302	0.9960431183718595	0.9946222718041134
Vil1.06B.FP67	0.49502263978157274	0.3694691494172624	0.60138629698747	0.6396576839038601	0.9959065278681414	0.0	0.6267964563053702	0.49868655748337926	0.4220840399472395	0.5955078899681913	0.3131322925757135	0.7209153957420128	0.6717207668944571	0.5912354252674924	0.659089428776135	0.6019615257938202	0.5595676656378259	0.9989999305507327	0.4472062632095972	0.49415451754714357	0.43541056904590314	0.38253750170736217	0.27081423486368855	0.5789165217731065	0.5955021926224703	0.6109552696671134	0.6072127243344391	0.41780473861398715	0.5282757229659885	0.6241055930869994	0.35406839871404344	0.6193381945835149	0.7220153154935149	0.9932248664400194	0.3344617761690234	0.334534240258243	0.7267833412167489	0.740195673637914	0.32555262013844766	0.7305906448371051	0.5465664386167908	0.5052870547005154	0.41342940231780895	0.5906359618910355	0.8911038314904465	0.7116237683359286	0.5978119609650056	0.746216498433693	0.4541116978977632	0.7074919936196258	0.9336528718253905	0.3208241478717992	0.9229745319016772	0.9643004876092107	0.6050251033994648	0.8396307649915613	0.4819634956433862	0.7083660238675311	0.49631291551874884	0.5094668076782689	0.5021574477851732	0.7593380710249386	0.6842189144867907	0.7117171488564495	0.6333124084536514	0.6809886676734722	0.6969992059806139	0.5672530733361594	0.45748884095423187	0.597436797752809	0.5832879182727083	0.6635643992945066	0.5816963134828564	0.6105947351316217	0.7684441902166578	0.4445919708564909	0.7912004656320012	0.5970848180164275	0.8525357198932328	0.9378709914615709	0.5829629290198415	0.6617350369872226	0.7035333634778115	0.5579900620387521	0.6682489771637388	0.6626061917987257	0.6653669576842117	0.46054318255175913	0.5700470751377587
Lyz2.01B.DTT207.S47	0.5653116983335766	0.6853744603521053	0.7258125	0.5793830221703618	0.9702721509200557	0.6267964563053702	0.0	0.5699141417725112	0.6615137577225594	0.5109676087140163	0.6406465059577647	0.8661434570636426	0.5152615345071327	0.5463103722402756	0.494877136904592	0.5380482840315665	0.5831638699106111	0.9721749574617156	0.6917530178399743	0.6090467593175742	0.7023397869091292	0.6082248757579012	0.6984542067586805	0.24861204471332188	0.5582329317269076	0.5565799670157172	0.730419004737744	0.6130274099168463	0.681028169449917	0.6282972381592322	0.6676721501798468	0.5336441311715381	0.8231561279493883	0.9698607427055703	0.669503987634576	0.6690707873638045	0.5686850226203674	0.8635241827007427	0.5915221579961464	0.8750240423737591	0.6304610570301594	0.6354933961560192	0.5029950367961663	0.5212179035135023	0.8694420129667819	0.626560747319836	0.49736430146001726	0.6123330320377623	0.29029797753991005	0.6148420104363198	0.9465171275788433	0.6537434827945777	0.8732297732350509	0.9291269030257894	0.5775743573245986	0.8384543260732565	0.7476219677414755	0.5294809429625273	0.6225376534871061	0.3071090829766411	0.46350230414746546	0.868559662355096	0.8212864675517928	0.6246151705425008	0.6062443347769161	0.6087352982087384	0.8520958866082072	0.5936946902654867	0.701421668575259	0.6332059742966307	0.7817043191955596	0.7894348403232998	0.5115952466690673	0.5940216978984902	0.7505072968379121	0.7016403444958111	0.8561746275818829	0.605521290559327	0.7433373349339736	0.954923838649965	0.5374854410592779	0.6121734354080126	0.5587826244016978	0.7696314562713239	0.5578577466889887	0.7795457683280409	0.7665088781302395	0.6836853984605591	0.6339240853240762
Itg.22.FP515.S18	0.42464086460621436	0.5423399760178154	0.6281851636645361	0.5897573449206945	0.9950389123478063	0.49868655748337926	0.5699141417725112	0.0	0.43015785732487494	0.562760184359203	0.47172417818680623	0.7127528627733778	0.45154209371002635	0.45102781136638453	0.5116439222520484	0.33537664721694094	0.5036008526819151	0.9993729178914365	0.42097048683061894	0.21821140004963738	0.4986654146778302	0.41798716858622553	0.5420204159092271	0.5778845090837622	0.40824924985619004	0.4612271896035174	0.6199602061289221	0.47589517903580714	0.5582510405614951	0.46430746329250966	0.3587845734320218	0.5406732995432075	0.7899858956276445	0.9917908624480821	0.46172456970648784	0.5336405842860659	0.6229341432130799	0.7783739711135269	0.3518099891532434	0.7018487666326613	0.44787028791926387	0.2729016483284853	0.39318172240873145	0.4399967300670336	0.8211396360875025	0.3986944604731679	0.5237526893540839	0.53094769956744	0.44103421895462974	0.5383588168525072	0.890421425654402	0.41729311678267594	0.8682620256224317	0.9527987485547167	0.47377665164624755	0.749750506547313	0.5119624673606148	0.584021711921795	0.4439956516969352	0.5371323443794974	0.41074423876086136	0.7592279555181167	0.8074917458361307	0.532953148476984	0.5074921135646687	0.42874517315819877	0.7924082737541204	0.49596021527352	0.5787619873144288	0.6212680452038591	0.7323374447829187	0.7165677819234612	0.44361035061379495	0.6960529781389924	0.7405998841234234	0.6631863102533472	0.8093965258537063	0.4225892559225893	0.7362200117027502	0.952259177752163	0.4091395660892246	0.46148012067483524	0.5870659107016301	0.6823797706083574	0.5105530584326754	0.6812248795073954	0.6957068174829195	0.44458671544529554	0.42617347456766724
Lyz2.05B.FP255.S52	0.5233523352335233	0.515018640320447	0.7107406734496124	0.5992806731813246	0.9951282418684625	0.4220840399472395	0.6615137577225594	0.43015785732487494	0.0	0.6608006363151567	0.47270630930329266	0.6692803836977282	0.5149825153744122	0.5631225510244469	0.6195432361744008	0.44641044461449564	0.6157848969620009	0.9989639414626926	0.45009791459099185	0.4104597138205356	0.5216116843728291	0.45606804547630897	0.47676436653448256	0.6824351533814995	0.46262362270202845	0.5403781489443802	0.7060419035244437	0.5166296296296297	0.5835914691474096	0.33913771183031044	0.4544731373114441	0.5536037045335723	0.7506304991792504	0.9918032786885246	0.4651189093040233	0.4297252565375703	0.6502752293577981	0.7922258338098327	0.4028012747373805	0.6568203684822723	0.6271192557904519	0.48031254787804506	0.4997035519862017	0.45789549445803945	0.8714387613812781	0.4722027463789182	0.5974991753875678	0.6602141756834505	0.5705372962990691	0.6627945780164948	0.9602943470799313	0.30037201488059523	0.8850325735571637	0.954943153332363	0.5385888910350156	0.742780709999277	0.5683742327037925	0.7001672495058537	0.61860780327234	0.6369301373406971	0.5215041331868894	0.7143667107647497	0.7624440443200733	0.6805273668999334	0.6101672838242682	0.6630764982049158	0.716573245747876	0.6195037688442211	0.47169163298195554	0.695185266149306	0.7052822760443289	0.767309709902665	0.6377355959487558	0.6713610878106927	0.7978888025165822	0.5980899685451169	0.8396035843160276	0.5255707214239016	0.8085078476806715	0.9515695205982662	0.6029589894445406	0.5554415113705616	0.7165873429642959	0.550407268376383	0.6854016298020955	0.6554336585585181	0.6988997883452266	0.4556806754262855	0.6828555221014967
Lyz2.04B.DTT243.S84	0.3265135856289225	0.4633379146180767	0.31574135185375807	0.7268883357427798	0.9763969984362167	0.5955078899681913	0.5109676087140163	0.562760184359203	0.6608006363151567	0.0	0.5337265152988111	0.6656240161678532	0.6154689685006891	0.40625803843751146	0.5728394370925776	0.6095912986156888	0.4130080376099484	0.977728285077951	0.39195761390927397	0.5643910793539714	0.5993063874567319	0.40940876393545983	0.683598396405128	0.4726135251308678	0.6107652619102164	0.697501085987334	0.32233426166010437	0.5190812094573038	0.39926920208799405	0.6894276829985713	0.49155079253416356	0.62988	0.6447182071895697	0.9757466323316679	0.594026735423669	0.5788297215634036	0.6517010730956162	0.7332207222547644	0.4859971942430023	0.8100725937015825	0.27445720163465015	0.4153023824068418	0.45742865932672677	0.5775540777550424	0.8892820934636647	0.7183498667132806	0.6392890439385281	0.7265344621330634	0.4259741865950511	0.6958451408568095	0.8141795203238781	0.5380568353488512	0.8992488882269081	0.9510370120563191	0.6442574642068658	0.8637511006750808	0.3703810184167357	0.3073701318997312	0.34646668378011664	0.44941701241410975	0.569412524082894	0.6538174373230277	0.6651757894155603	0.7248425679388022	0.7264390064058251	0.6752410312800675	0.7127472909215298	0.42298873674306436	0.7084877295254558	0.5906331472888646	0.5935709577650459	0.5598801363965143	0.6025072552890788	0.6349335053651435	0.6659090110250612	0.6663555366991939	0.693748644041531	0.5341098477834154	0.8430222966713621	0.9381657083608257	0.5994257980723221	0.6777033613181146	0.685935405767651	0.5637212015164771	0.5432088633565859	0.4866600626590768	0.5148711098663162	0.5308629983973581	0.4243243026546828
Vil1.04B.FP43	0.43160193417563564	0.2878697855922071	0.5706622756134376	0.6212402780645605	0.9955509029049987	0.3131322925757135	0.6406465059577647	0.47172417818680623	0.47270630930329266	0.5337265152988111	0.0	0.6846894211098907	0.6393300484276863	0.5799359781595163	0.6330416780594508	0.5968264634794013	0.5831901389564854	0.9974720773933229	0.3514219745883394	0.4672615319386762	0.39523340717039956	0.285178890810185	0.37671749042772645	0.5717202201313687	0.6166450424810614	0.6448041813364306	0.5940675166809803	0.3537987227482933	0.5306285051247341	0.6583487334978476	0.280837286582762	0.6168111373785132	0.6942066217666946	0.9931999222848261	0.3696021165201731	0.3010531964848729	0.712636253532499	0.7162642697127187	0.28644012994811313	0.7027294870570255	0.41462257027592603	0.3754152297141951	0.4219753616680658	0.5819087025906141	0.8248854395411566	0.6814790040019837	0.6079765717175122	0.7489252353521453	0.4696046949396523	0.7019054618852774	0.8779587455305083	0.22783210893266576	0.9214076640985096	0.9671119105515028	0.5954007466836126	0.8490938029470658	0.4137847109545223	0.6978554230360042	0.37585158150851583	0.5314044718397036	0.5133331964773263	0.7068014529241059	0.671216684022403	0.6386287979158085	0.6681753302997402	0.6048397901658267	0.6777720876219877	0.5585115532366264	0.5017126582765654	0.5209915008578021	0.5258051742344245	0.614199851388724	0.5641089841349327	0.5555514938831213	0.7429902879844704	0.4317110479817688	0.7682498230158106	0.5595227711065236	0.8549259219206229	0.9221615076061455	0.5552071163581955	0.668793605934823	0.7226625309324788	0.5332619870134911	0.5929631428417247	0.5989774832895158	0.612634582524594	0.3670875413785261	0.44993244257618975
Vil1.09B.FP106	0.6144980594459087	0.6812074322516924	0.7117673185495872	0.854435042446692	0.9958066263746315	0.7209153957420128	0.8661434570636426	0.7127528627733778	0.6692803836977282	0.6656240161678532	0.6846894211098907	0.0	0.795821568254925	0.7131540957715893	0.8410803198085636	0.8037517461584514	0.6803950965693624	0.9977769544275658	0.6218226661733876	0.7620301030622081	0.5124183326400275	0.6192392668582157	0.6285605692687768	0.8378581009447832	0.8052707971283333	0.8806281978396816	0.7008551497586386	0.5575639356243277	0.6119396611544662	0.7986984114151744	0.651425635756486	0.8233382493050209	0.46988560852514083	0.9957535182764592	0.5465035193619386	0.6931982214669519	0.8642926686478266	0.7904392898944298	0.6627563642167424	0.6497156106059733	0.6113044448728224	0.6383969772315176	0.735516388489119	0.793379795223521	0.9175264265253872	0.8017737991628331	0.8582698781005915	0.8595214655652099	0.8009360786834816	0.835725677830941	0.8187512813638442	0.625750833364646	0.9469423238881796	0.9802875852291906	0.7784845603007955	0.8795898412371664	0.5233941075725714	0.688695746908686	0.6921518880513959	0.8215068493150685	0.7803502408468549	0.22280699777234325	0.6610775007823094	0.8409180044088014	0.8233622302517888	0.8008201372053438	0.3494478886175298	0.6982539809357581	0.6793560454076877	0.893798318379324	0.3575306722922334	0.7559911175246755	0.7937409633187833	0.8745021444354937	0.8114975172364519	0.6917408995930936	0.814638247156098	0.7086687421703484	0.9302651409010702	0.9555071275447361	0.8281602364354782	0.8480198585949641	0.8598498881708037	0.45714069997651086	0.7400246812011518	0.6204825432869713	0.5412215785420085	0.75948593795959	0.6985249908689911
Itg.02.DTT407.S99	0.5133630791418785	0.7270315193937704	0.7630938787668172	0.5047583113235232	0.9461362515136565	0.6717207668944571	0.5152615345071327	0.45154209371002635	0.5149825153744122	0.6154689685006891	0.6393300484276863	0.795821568254925	0.0	0.44038786226552457	0.3711707131053769	0.290311582536225	0.6151998823740831	0.9594982832317287	0.599201445004278	0.4378702825421014	0.6798876404494382	0.5552430231215693	0.7471844702451551	0.6025521914963384	0.305076286895765	0.5590135463702675	0.7504602241246805	0.6014757859490296	0.6859487567784248	0.386982062515963	0.6412363286278812	0.3885149083598112	0.7960382504415855	0.9621271954567678	0.658083491240511	0.6153719822630974	0.43944172314299135	0.8484818101971983	0.5410814995023775	0.7747039895029523	0.6317538733419686	0.5159403233064488	0.5471146822498174	0.3270225072492674	0.7576873931730307	0.30371091682719786	0.4131987017670393	0.46983092183945785	0.6000522466039707	0.4467508850670329	0.927775499977222	0.5745735595664616	0.8219351723305366	0.9138650064235596	0.40268434458885766	0.7384878360412315	0.7012171299774606	0.5613864019147239	0.6239734063355494	0.6292795982746411	0.34970150798854344	0.7963406536071717	0.8400183513421808	0.4888681456177633	0.56346610827471	0.528500199788051	0.8443153052385478	0.6229709411151002	0.6612372797220154	0.6530328953739871	0.8296073207459748	0.8015864149257066	0.5269226001074424	0.7469438829531235	0.7437682443496902	0.7343430242673803	0.8765039140384471	0.389022303840781	0.6418801437347862	0.9600306436412884	0.47898812596799173	0.4018702558885672	0.5316342823963669	0.7447772106791223	0.44343542594995017	0.7265822784810126	0.7033437316526254	0.6164940128449397	0.6456794728335198
Lyz2.08B.DTT291.S133	0.3255333231505524	0.49910642060311905	0.567097175219283	0.5869066988575727	0.9570743982089662	0.5912354252674924	0.5463103722402756	0.45102781136638453	0.5631225510244469	0.40625803843751146	0.5799359781595163	0.7131540957715893	0.44038786226552457	0.0	0.5069969194214591	0.4080452384012338	0.30776633080493604	0.970688401637776	0.4325514859171515	0.45771535478972913	0.6931003931081349	0.42357636634457474	0.6594510330130039	0.5387016758424588	0.4590356483670699	0.5582658915612295	0.5427794487248156	0.5852563197288518	0.46663308482772514	0.49400185577942735	0.558543054402624	0.45681399631675873	0.6946875636067575	0.968641726940333	0.5586232901103966	0.6198395699466633	0.5661188735249403	0.7711015626207515	0.5108076449445852	0.7801278647746365	0.43951065624885366	0.3963587182688306	0.33533074682093694	0.4740861828706185	0.8571879392948332	0.5488605094193184	0.5085113921710597	0.5521729115479116	0.45932080094950034	0.5149483187230145	0.8627813227464699	0.521662542892344	0.8473476011765899	0.9278244071409539	0.47330155452140826	0.7718272227994656	0.5487853640400413	0.3098173427189878	0.45657849367026254	0.5078628985973048	0.39983088813398404	0.7094157211271243	0.7458642353522145	0.5872182462711524	0.5392639926091308	0.6224371026949592	0.7649666150355688	0.3794267797564015	0.6624051300783311	0.6810956908986514	0.7069731430485467	0.6939176594537645	0.4359648061399112	0.7343741845050364	0.6519703817108536	0.668582404917403	0.7979847816267677	0.38959050899349407	0.7373581128727736	0.9544082057795142	0.4955522993354351	0.563208902243722	0.5410569387613565	0.6205979005627769	0.3127075351213282	0.6636369313569088	0.6067947646895016	0.6195296823213763	0.39999777488512844
Itg.24.DTT527.S22	0.4761756849102317	0.7312280902847427	0.7496736292428199	0.5580524344569289	0.985884327788799	0.659089428776135	0.494877136904592	0.5116439222520484	0.6195432361744008	0.5728394370925776	0.6330416780594508	0.8410803198085636	0.3711707131053769	0.5069969194214591	0.0	0.40351340206185565	0.6420677568401385	0.9899295065458208	0.6515307025305256	0.5240577218980025	0.6725290063683155	0.5443462743310478	0.7553218156841904	0.5352620275974427	0.3669096255513498	0.5960011761246692	0.7555039588414125	0.5700818418234664	0.7058492169976546	0.5708082889202949	0.6390246914850914	0.461699482191479	0.7715449923839761	0.9840348806713873	0.6524277844668677	0.666939164793242	0.42581773968743514	0.8433272544162879	0.5245267657235905	0.8353230388765401	0.554388806657916	0.5815951829158598	0.5607027851533811	0.41245599857551807	0.835367376011514	0.5126114510886343	0.42322641807552536	0.5519980979929864	0.5659029895483098	0.565699501016448	0.9445852027799772	0.6539114589804117	0.8600754375901688	0.9439281129653402	0.5242204013087414	0.8040062664456173	0.7216490456254878	0.5824461041368717	0.5367533689753909	0.5643253991461489	0.47303459597494985	0.8337733860641154	0.8073696672639914	0.5742252625427545	0.6229511453718236	0.540364882017403	0.8662780283662536	0.6288351961428884	0.6804714084156361	0.6117734724292101	0.7958557260790071	0.7765588531212813	0.599772355410116	0.6888707754079307	0.719857865448938	0.6881900301104048	0.851516665676638	0.50134887686781	0.7154801832868818	0.955321626906895	0.4767667576584774	0.5344891934991348	0.5854637575152088	0.7878590210015938	0.5200353999705001	0.7140155856062342	0.6657082152025148	0.5991180827486421	0.6299796057104011
Itg.26.DTT539.S35	0.47298157124512674	0.6732734003172924	0.729794933655006	0.4268972353783456	0.986803206962609	0.6019615257938202	0.5380482840315665	0.33537664721694094	0.44641044461449564	0.6095912986156888	0.5968264634794013	0.8037517461584514	0.290311582536225	0.4080452384012338	0.40351340206185565	0.0	0.5503904923599321	0.9913584514344971	0.5649841075438136	0.2793315913416562	0.6367464517796132	0.501204715601067	0.6754994977117982	0.6053667414398781	0.22581004963471082	0.3934041199784704	0.71608982489438	0.5645784586716922	0.6142223644509464	0.36062402239236024	0.5458870578500999	0.4322421155142707	0.7910925941203971	0.9840368018558201	0.583108350256839	0.6069567810906786	0.5030802254759952	0.828451374720684	0.4706249503512296	0.78984291111553	0.5755756578947369	0.471312058419081	0.4447356708372484	0.3745625755551314	0.8282312338222606	0.3009704415954416	0.41680934730662855	0.4669245264306258	0.5334945114351358	0.48469015795868775	0.9494104484827278	0.5415688225155297	0.8322430892593374	0.935713693977301	0.4323044813601887	0.6924072941768874	0.6497717697971542	0.5779120458891014	0.5939202816995576	0.5978448390264618	0.3676927776879257	0.7990177514081501	0.83511969768723	0.5	0.5076134554140127	0.5311131221719457	0.839653847297062	0.5882100306997312	0.5592167715154538	0.6204416276847241	0.8056343154347839	0.7936658407842292	0.49239481849545425	0.7188391346633213	0.7779658012216152	0.7198486307502576	0.8659933489345979	0.3820195439739414	0.6388483399074448	0.9634691419679708	0.3813867632036416	0.32814260833930947	0.5713974560027879	0.7373594491996363	0.49005424954792043	0.741950005779327	0.7262581081275439	0.5332848119362636	0.5953609237189416
Lyz2.08B.FP291.S89	0.4224358771624656	0.44288405881553133	0.5201751691437663	0.6250209065061046	0.9939643779956212	0.5595676656378259	0.5831638699106111	0.5036008526819151	0.6157848969620009	0.4130080376099484	0.5831901389564854	0.6803950965693624	0.6151998823740831	0.30776633080493604	0.6420677568401385	0.5503904923599321	0.0	0.9982419559262439	0.5185228446920347	0.5558553696708041	0.701341836056862	0.5373826244772351	0.6341448482745954	0.5470698765400961	0.5572344837563696	0.526800568066545	0.4907590227698357	0.635412717392361	0.3755525898740512	0.5965195424882465	0.6185845715363497	0.5883647188248237	0.6785816414069202	0.9904188384528448	0.5459045220676031	0.6722410917230591	0.693595264543421	0.8140051987097179	0.6125135961050396	0.8428966535212947	0.4057864062973055	0.4715215797870047	0.3350801256532376	0.5535042926884013	0.8845493174215713	0.6243626274745051	0.5341833834159019	0.6282924427668828	0.42129611113333065	0.6322236832998823	0.8230525452651641	0.574270263432529	0.8900835035659248	0.9499118165784832	0.6017164323152534	0.8386179750710693	0.532976545382709	0.34674960361019636	0.403812259950895	0.5034499224065895	0.5097326069650188	0.714846454462748	0.70313065928657	0.6310755278446932	0.5576859776168532	0.6430747965947288	0.7428736588785622	0.17856992550818568	0.6803412263175048	0.7034631716598834	0.6407909825748889	0.665430037717183	0.408289451956773	0.7592622330297538	0.7120304269737537	0.6680020819860886	0.7736991232572364	0.5261544631603071	0.7767709846600842	0.9636845591049873	0.5881024682706533	0.6547071879205187	0.6258283021646297	0.5815972458463171	0.39050799433313094	0.6527330073208136	0.6345389695810787	0.653576700485016	0.40932570636158777
Vil1.06B.DTT67	0.9887521416706994	0.9975640904360987	0.9996315571316723	0.8012594245051252	0.06176279372155661	0.9989999305507327	0.9721749574617156	0.9993729178914365	0.9989639414626926	0.977728285077951	0.9974720773933229	0.9977769544275658	0.9594982832317287	0.970688401637776	0.9899295065458208	0.9913584514344971	0.9982419559262439	0.0	0.9975026104179898	0.9993463549677023	0.9995344260213529	0.9965536355529848	0.9991458144910059	0.99691292139444	0.9992695898290384	0.9990936164702836	0.9995984298607555	0.9976322674590679	0.9964651546817349	0.9284567165725535	0.9994288384651332	0.8194130925507901	0.9980955193031668	0.2581631405160817	0.9994303385416666	0.9966909535603079	0.9948012426298104	0.9934444210082262	0.9995904629048978	0.9965267877971022	0.9890490045590964	0.9918519912872779	0.9994080621929322	0.9985629467155769	0.8941377585056705	0.9990843014937332	0.9992586929830658	0.975485996705107	0.9996113829467771	0.7575511447281588	0.997673936018763	0.9971751781860982	0.18637724550898205	0.20662106417419457	0.9016976159833303	0.3328511309836928	0.9983610221262013	0.9737511959994946	0.9995987913589689	0.9996634644802056	0.9497207927296617	0.9977233630276714	0.9963037429679725	0.9950601713174628	0.9975504799735188	0.9994698241583458	0.993322129646463	0.9996218209322114	0.9979682198922774	0.9902539215883691	0.9949241427475728	0.9939890026070425	0.9990583021742141	0.9897486095661846	0.9062532861299029	0.991734622338659	0.9963317096638403	0.9964214866389203	0.9549853702453297	0.9759676544005343	0.9919680467948578	0.9951059938696134	0.8465349290286669	0.9835899828900295	0.9796058101432973	0.9987046380434853	0.9975983141714959	0.9994623655913979	0.9969179740816296
Vil1.02B.FP19	0.3260105448154657	0.25949164653441764	0.3815914169718384	0.7179261683198691	0.9957117809839667	0.4472062632095972	0.6917530178399743	0.42097048683061894	0.45009791459099185	0.39195761390927397	0.3514219745883394	0.6218226661733876	0.599201445004278	0.4325514859171515	0.6515307025305256	0.5649841075438136	0.5185228446920347	0.9975026104179898	0.0	0.40893236474259786	0.4686265011090997	0.30474742541086797	0.47969151670951155	0.6398487945747753	0.5825705352770558	0.6908940805626735	0.43485239465138964	0.44161911117769637	0.48029537282598594	0.5960706257488885	0.32555787480364096	0.6529572458904822	0.697533953004089	0.9935116499777266	0.47271591785753647	0.35861628445824933	0.7160151691948659	0.6948171006622649	0.34420769460694306	0.6839658657085111	0.3371371304493068	0.24531447667658737	0.4367669691662686	0.5383774498321231	0.8584983460963342	0.6152194239799431	0.6785984992041234	0.7381992299977352	0.5100346253403705	0.7178285433554409	0.8474298389430032	0.29081978075798387	0.9199679310517613	0.9702420564367942	0.6154965507329693	0.825649762502199	0.3309568521268233	0.5265687356712235	0.327334383970282	0.5737422602133871	0.5696303289461506	0.6391464150529377	0.698048455075135	0.7030118982426445	0.690798924255025	0.6421942496167959	0.6394278529201315	0.4902049244330308	0.6419666864545868	0.5417269140827219	0.5717774665086377	0.5727709982987125	0.5921082025141651	0.6277581944698774	0.7190710113148964	0.5722357873533941	0.7278841557540014	0.4371457445406213	0.8650463400794401	0.9228344730448467	0.5529511802872618	0.6254347826086957	0.7452063433936545	0.48962331833868356	0.5529819600856001	0.49201472501314736	0.5575310911816477	0.3730487022275142	0.36204545106272124
Itg.26.FP539.S43	0.4382930937675463	0.5327915220998642	0.6288049453717871	0.5727213621746999	0.9949439559826756	0.49415451754714357	0.6090467593175742	0.21821140004963738	0.4104597138205356	0.5643910793539714	0.4672615319386762	0.7620301030622081	0.4378702825421014	0.45771535478972913	0.5240577218980025	0.2793315913416562	0.5558553696708041	0.9993463549677023	0.40893236474259786	0.0	0.5250295250984889	0.394058306693976	0.5148757714828296	0.6188603677407609	0.3639579218154256	0.4751851569061617	0.6221625861855414	0.5238050299627235	0.578022421977578	0.4381218595055073	0.3482320464417651	0.5344631027576645	0.8059324949352089	0.9921450441640884	0.4730950180626733	0.5095492613947225	0.6254886289326455	0.7764498387134204	0.33072375618519967	0.7614380751827104	0.4670294317701344	0.3454052362574319	0.4154924699003838	0.43222822725928317	0.8251756305424393	0.3784061514475036	0.5199109227842816	0.561971993982178	0.47738358917894685	0.5683646993135613	0.9305067923554848	0.40415063137370993	0.8695165014260492	0.9535101508411653	0.49380385254162706	0.730750893921335	0.503285243459379	0.6161999765896292	0.46064885684657547	0.5657319150895612	0.4532838998823722	0.7774067140054085	0.793098712760698	0.5660744870201834	0.5696050748462461	0.5252830866934276	0.7815211098831254	0.5290463962571087	0.5451423296727164	0.6007701280267578	0.7144004003013257	0.7186748759978496	0.5275776462214198	0.6539355050757819	0.7734418782998554	0.6370900692840646	0.8181179579913758	0.3979208382477988	0.7384182471231497	0.9493956399323024	0.3620548779581953	0.3970722326298513	0.6544074112771219	0.6660492017377861	0.5875941657316878	0.7011592274848913	0.7056159179661557	0.43522203129239395	0.4270413798489396
Itg.18.FP491.S94	0.5240875496632158	0.4853084716098415	0.6192452130372293	0.7337625754527163	0.9971543702226653	0.43541056904590314	0.7023397869091292	0.4986654146778302	0.5216116843728291	0.5993063874567319	0.39523340717039956	0.5124183326400275	0.6798876404494382	0.6931003931081349	0.6725290063683155	0.6367464517796132	0.701341836056862	0.9995344260213529	0.4686265011090997	0.5250295250984889	0.0	0.3690950038442435	0.3775410007312232	0.6858735166471822	0.6440750292213213	0.710093909084202	0.6508349837404338	0.17258985827450557	0.6312534893746334	0.704424278459544	0.31368641994568264	0.6895000977644529	0.5606271025835142	0.9952894957662675	0.3043895000544603	0.41727011209205433	0.7811618421289059	0.7329896325036457	0.3444597675269483	0.6942191064374339	0.5304227120996794	0.45035089367668635	0.5841036732131022	0.6429286490464008	0.8820418918315395	0.7049720517926273	0.694383784086455	0.7752525520209462	0.5959634488134131	0.7454756492721382	0.906911402486689	0.4532936519237889	0.935815375511613	0.9725483678596917	0.666613540172484	0.8747023565153133	0.4347651980042642	0.7440944881889764	0.5283207880567111	0.6433955117154585	0.6295735599897858	0.5633741457083473	0.6592742476326248	0.7570679602136312	0.7479112922916866	0.6011166537000595	0.6151678019260263	0.6814634814155658	0.43471822861963877	0.6078417570040828	0.45014575180295424	0.719900694719713	0.7193981536985973	0.6537009106270059	0.8078415299012369	0.5013776821295776	0.8159314772565452	0.6670161604783155	0.8655715644648616	0.9426062933906051	0.6042038541401041	0.711720649742243	0.7848013851496742	0.5236151573218671	0.7546552759794434	0.6659279068063595	0.6184354329933752	0.42078856331187425	0.6215827555932306
Itg.12.DTT467.S61	0.2519371727748691	0.3764175314155611	0.5212598816376971	0.663947018058922	0.993912725470997	0.38253750170736217	0.6082248757579012	0.41798716858622553	0.45606804547630897	0.40940876393545983	0.285178890810185	0.6192392668582157	0.5552430231215693	0.42357636634457474	0.5443462743310478	0.501204715601067	0.5373826244772351	0.9965536355529848	0.30474742541086797	0.394058306693976	0.3690950038442435	0.0	0.4553810742462559	0.5510430909010717	0.5329310219470902	0.6524148851939826	0.5316389939174749	0.2585241172819221	0.4666102477304201	0.6053452213633169	0.21060678599558308	0.5876720901126408	0.618104035416312	0.9917301367955351	0.3437088926573371	0.34009013520280423	0.6301448113443905	0.6453322096188121	0.14060167071200508	0.6575926377304425	0.34093185655819813	0.29845474613686535	0.3680475437967173	0.5218315741514162	0.8668578369874743	0.6106255434036517	0.5843275856660358	0.7072546367851623	0.4613713248439176	0.6776103805625707	0.87721953304606	0.3123918995431665	0.9116763468856399	0.966331746871144	0.572399104686591	0.8094606993577327	0.31169887980239275	0.5493561038021861	0.37169219134051806	0.5157419508138291	0.49055853909569863	0.6313009667827061	0.64357594759083	0.6827360699924881	0.6472495040882481	0.6185155626496409	0.6897552763258713	0.5191502691004357	0.45600504601622754	0.5488754198204197	0.5420447017144898	0.6417613437127428	0.5527204163891115	0.6178377952087163	0.6930640765508879	0.48045005283769504	0.7781307883087936	0.43078818682376496	0.8343889342670826	0.9293451991482634	0.5058555396151928	0.6048154761252725	0.6901217249649305	0.5409012074279465	0.5349400171379606	0.5607334322716	0.5009419307928744	0.40130289886624354	0.42059484424102217
