	IL17DTT201	IL17DTT28	IL17DTT188	IL17DTT218	IL17DTT85	IL17DTT52	IL17DTT132	IL17DTT104	IL17DTT90	IL17DTT143	IL17DTT26	IL17DTT142	IL17DTT27	IL17DTT144	IL17DTT219	IL17DTT29	IL17DTT129	IL17DTT199	IL17DTT202	IL17DTT200	IL17DTT116	IL17DTT25	IL17DTT203	IL17DTT130	IL17DTT86	IL17DTT141	IL17DTT53	IL17DTT117	IL17DTT115	IL17DTT89	IL17DTT220	IL17DTT105	IL17DTT222	IL17DTT221	IL17DTT49	IL17DTT51	IL17DTT131	IL17DTT139	IL17DTT88	IL17DTT189	IL17DTT87	IL17DTT120	IL17DTT140	IL17DTT119	IL17DTT30	IL17DTT128	IL17DTT217	IL17DTT127	IL17DTT118	IL17DTT50	IL17DTT106	IL17DTT103	TKODTT130	TKODTT152	TKODTT21	TKODTT142	TKODTT112	TKODTT141	TKODTT155	TKODTT19	TKODTT46	TKODTT126	TKODTT124	TKODTT123	TKODTT69	TKODTT107	TKODTT36	TKODTT16	TKODTT93	TKODTT127	TKODTT76	TKODTT34	TKODTT113	TKODTT43	TKODTT24	TKODTT129	TKODTT17	TKODTT111	TKODTT77	TKODTT88	TKODTT47	TKODTT110	TKODTT18	TKODTT156	TKODTT125	TKODTT35	TKODTT131	TKODTT139	TKODTT2	TKODTT103	TKODTT70	TKODTT87	TKODTT109	TKODTT58	TKODTT60	TKODTT108	TKODTT104	TKODTT57	TKODTT92	TKODTT44	TKODTT153	TKODTT55	TKODTT90	TKODTT78	TKODTT3	TKODTT91	TKODTT73	TKODTT143	TKODTT59	TKODTT23	TKODTT72	TKODTT154	TKODTT105	TKODTT22	TKODTT94	TKODTT128	TKODTT5	TKODTT151	TKODTT89	TKODTT48	TKODTT45	TKODTT75	TKODTT106	TKODTT144	TKODTT6	TKODTT132	TKODTT32	TKODTT56	TKODTT31	TKODTT71	TKODTT1	TKODTT74	TKODTT20	TKODTT33	TKODTT95	TKODTT140	TKODTT4
IL17DTT201	0.0	2.7999724405664046	0.33855318493687625	0.6932360760737694	1.894238565360963	3.1657948992187035	2.6347702233707717	1.1107109735834484	0.7082066847767112	1.8803395578382363	0.676242715160149	2.611722660335311	0.860770438808918	1.57952943635412	0.2114411935078328	2.171176473830636	2.4015446651126884	0.17735051384169342	2.231847413808081	0.21683338661639692	0.6916736208280796	2.4481149141041425	2.347859534110044	0.6194128043451621	0.7856454999322889	1.0049063930589182	1.704910318734683	0.8271576810729665	1.6602134468803522	2.0470655137896094	3.179538322035531	1.218907247664363	2.7078489423220335	2.8510035748236393	1.8792853501499083	1.1218253251552126	2.3450644756822867	1.426740053496299	2.4208578250317205	0.5874738151409339	0.7864722189938709	2.6252012004334384	1.400504158594511	3.0248703512124284	1.965206139427307	0.27379413205837344	1.8856848206544514	1.6600339244553572	3.251096594635489	1.282205424458729	2.3924534976353726	1.7817685223953146	1.766277938545916	0.6173714755392787	1.0620735760992521	3.680632287810884	2.5613712515373597	1.2477292573358616	3.2763282630264077	1.2021424176079334	2.471506597903376	2.573831465093547	3.132010166854926	1.6635859675037041	0.7252051202290467	2.4685468925104916	2.1205111308618774	3.6051936236566866	1.1837938302937405	3.0703986953467544	2.9396464329754606	1.7131923110243148	3.4858142585817835	2.721595004727424	3.9966225307521825	1.477509071839407	2.618316070381277	2.1129191188232515	2.494909113259302	2.00183536207645	2.4217975523815003	2.052847270976532	2.5163531537583146	1.8332030837732847	2.5255042498539044	1.9256142266396379	2.119248491337244	3.0313928677601893	2.616946739955544	1.766886061916821	3.2602966718910342	0.5361740244390233	2.762654262740104	3.6005304647315266	3.567190107804884	1.384071466975974	0.7113557197215464	0.8938328100866748	1.2762760140998517	0.5608906895152431	0.8577933451473952	0.7673884980096779	2.338828568057416	2.498334603123956	1.868269486502815	1.806447581338216	2.3409922892056776	3.8563334611314746	3.8783070708925567	3.659566767315035	2.091502994117869	2.190355814085273	1.1076206914453446	3.7294289980529975	3.5083241341526556	0.7505298592376519	3.288743184504594	2.7249911675024316	2.655895774539902	1.0027268990400118	0.3140172981372746	1.6908542117876366	2.3386747472643634	2.1575182568796736	1.9522911873582143	1.9302590284816374	0.28324381773190577	0.9468442720043363	1.3412257396623588	3.4048165622629645	1.6274451202034004	1.25652771283982	0.547724282036885	0.7217349712053879	2.548643797125538	1.5048848755517776	3.8503612153322693
IL17DTT28	2.7999724405664046	0.0	3.042410332678341	3.1961664947175685	3.607325538526654	2.5252377680168716	3.4944219719723875	3.5292964724933493	2.809966183025832	1.0152013218561664	3.0307686701087464	0.6539845775121271	3.011867389167339	1.6129785656551685	2.8817853722466786	0.6482252627505581	2.8955795802252804	2.9101156380405606	0.6170807076878071	3.0049950884590344	3.208711037160662	3.715301768321157	0.4814422717154511	2.743868920583123	3.315982034896939	3.1672610994260926	1.573491381498261	3.1897662397676285	2.9389624561815477	2.8233834887803786	2.960401269718638	3.488230683127565	2.856713910700814	3.101383985559149	3.5911212815967484	3.2614655258888905	3.2566008641058	3.396204797220453	2.04326037976218	3.2102201567022948	3.017862139394822	3.704264926739301	3.5863829243428706	3.834911786919073	1.9398818068331405	2.8168576532470984	3.154312758825081	2.60771863935907	3.557153238966795	3.493893934918973	2.059508431139252	3.40985296561231	1.6583191572283114	3.064042602776664	2.6612849038531183	4.104727220039186	1.2950502543669276	2.9927599469178388	2.5262127869083875	2.699543205387162	0.769327749795909	2.375748252308228	0.9729794704493475	3.388336740099121	2.1667922059503937	0.7493144373878087	1.9937730405187786	3.579763721471175	3.105986254767906	4.150692141388314	1.6614590790024784	1.304075434839812	1.6184471607752027	4.087843611529707	4.354688718391487	3.2442744638519336	3.327042013307217	3.513234408989019	1.7083942532426788	1.1031291339753093	0.6687347518339263	3.6195633137050534	3.4670333021785273	2.458820977855129	2.0932899779415965	1.1336795163836864	1.530720417646085	4.167719729910679	3.62677545712188	2.8840756225896627	1.435989415043848	2.4715078871748806	3.8453264614488587	3.784917864321742	4.163635508364842	1.6670449082824372	2.720237784484706	2.8468567799774767	3.379058997359716	3.148116825177185	3.007251455146047	2.215683392693786	1.3751309175873112	2.3786537490337163	3.4495220460378824	3.3131342672444477	3.874156356187815	4.39441958903153	4.156274374349966	3.7640775836761895	1.068866845112045	1.9164950939750793	2.7607022626682305	3.373374641487677	2.2700174898894057	3.0988810529610684	2.3008918429303096	4.105263960120388	1.1400505150700004	1.8708070772019825	2.82719914569371	3.4994783148058284	0.5865578039285824	3.2912932888718	2.870002460670974	2.5915727888416664	2.623054135236025	2.875336679151474	3.2128898150508474	1.387707662714086	3.0864843847936485	3.3175501146236828	2.8626075619552354	2.130239744720211	2.234344853628506	3.160534841377037	3.614884327017141
IL17DTT188	0.33855318493687625	3.042410332678341	0.0	0.4813475356229066	1.7181662387608505	3.2242922277141113	2.5473281794309046	0.8710962478790989	0.6891596994731505	2.0829880320386844	0.47584764332487317	2.8088116488875507	0.7096958415727742	1.7033251341558044	0.2881149188817679	2.4043898892227102	2.4086051138977878	0.21895198852537628	2.482205382586054	0.17546837814692137	0.442407558724742	2.303330475004706	2.577410416877143	0.6312944117987487	0.5188744843530817	0.8288812350216884	1.8398097654304033	0.6147359468145631	1.5953654210335537	2.0000679203562433	3.1946708399429773	1.001441509367961	2.71926585213641	2.8325948479186693	1.72558796546966	0.9623576495456558	2.2839222069810883	1.2744439198497837	2.528152722931487	0.33867919625565096	0.6411946715201602	2.4931715673427988	1.1791073176024862	2.9096580954392395	2.016861549184672	0.47105479839468734	1.7828404794448491	1.6286647171473243	3.1997264053683545	1.0579260870927794	2.472329036853377	1.631833677298748	1.948740285402323	0.4760931458231925	1.0841188660222432	3.5962651238639043	2.7474753030886663	1.1492585737270686	3.333085772887939	1.2215660501448875	2.700411477599808	2.6304103505349836	3.316842995995206	1.5235512283515453	0.9777681204888884	2.6593009845702147	2.1747142446898153	3.596322297772031	1.0889097036934774	2.9321388875357437	3.0769201336800625	2.015920856048787	3.61754836897782	2.566385480546591	3.9184644788752028	1.3343734942258416	2.5880625005765814	1.9819380884959992	2.62964522823657	2.305541144693941	2.657098907751779	1.8937055952370465	2.447331141472428	1.8397535022096743	2.615387932988094	2.148871868857511	2.2700608889791596	2.8817171892126914	2.494454944066631	1.726614355389592	3.404288342613971	0.7282527089864661	2.643188900154463	3.568880468531685	3.478047313792186	1.6171908262741115	0.7525322507939552	0.8397912637497054	1.1082801188767666	0.41504009001822273	0.7671958067058129	0.9406998681043085	2.4954830615632226	2.5392455150332593	1.7348041033673616	1.6940793733099109	2.16250351778078	3.7567107105905837	3.8107331594034517	3.623965875408071	2.2830253123175375	2.2679927644609363	1.0868978036673813	3.738307817522121	3.605068934754627	0.6023294603404095	3.370540490082086	2.578463434077674	2.846809694715068	1.2329470018770754	0.37997895830790257	1.5305429136227173	2.6063332799756975	2.0524008343833455	1.9099450472941075	1.930266457980917	0.5000067406920736	0.865242128104892	1.2183014274502526	3.5550142516981547	1.5243904800672488	1.0982351493998936	0.5421498868637886	0.9494412598128904	2.58478162755521	1.3887093110839264	3.8443333967710895
IL17DTT218	0.6932360760737694	3.1961664947175685	0.4813475356229066	0.0	1.2695208375605855	3.0002086567841193	2.1474674429344893	0.42182725902662815	0.45358377574250175	2.219494768446022	0.23750119733781666	2.8809291907461114	0.3581637295533142	1.7505660832083387	0.497795643890807	2.5486760641141486	2.0737513690133986	0.5180681513298823	2.6158366448636086	0.5698614321835338	0.09552882263814565	1.8752865046754439	2.72584932211013	0.4795084428135233	0.15577461021729236	0.3984999344673475	1.833881629748951	0.18137267396841908	1.233271960344366	1.6867975494409173	2.9048054086840276	0.5318715515497793	2.4107324499241156	2.498937590024391	1.2637951224479615	0.4973615355711223	1.8917841527171755	0.8059221819046102	2.346396066847521	0.17010476717551118	0.2818537166811922	2.0798524952728283	0.7155279252314656	2.5062400428496874	1.9249281655356196	0.9177619735367029	1.3972657101344945	1.3646253792412686	2.8348558443403182	0.6001770484982082	2.295632561836073	1.196519826107023	1.8859529407316333	0.14967751913960609	0.818930197304473	3.201374885291533	2.6994908184028668	0.7672656365483138	3.1206131954501357	0.9257310276295266	2.752153000366481	2.397509828566787	3.339701446432405	1.0739293051833392	1.0946064095257257	2.728244545612868	2.044507551931756	3.2465788121382113	0.6637886957459228	2.4922433011314817	2.9755925588760483	2.193007182359194	3.58178864472611	2.1099428927829704	3.515590383698662	0.9058720947455587	2.197893313089658	1.5474125074499927	2.5098402108421975	2.498353929145848	2.733052969617846	1.4485116053404832	2.033447863899449	1.5960017368866182	2.429133344627893	2.19674086729516	2.1985980139134718	2.4427420249947667	2.0894681504640125	1.3743319472384636	3.371318852274667	0.7782173039407951	2.208994302904828	3.1929350647245847	3.0624663246672577	1.6500986590622355	0.5651131334236736	0.5296815952353521	0.6345206013915944	0.19691693226690055	0.38532439059153134	0.9878261522268222	2.4434143007307365	2.3103948102585465	1.2893522812650422	1.2630824707364874	1.716946873388564	3.343341746217774	3.420726674532109	3.2593491479690755	2.318584106570001	2.133708120855605	0.7789623900266468	3.4312551223232637	3.4464123824312494	0.1837178296128712	3.191983908694493	2.1156335521797223	2.823611011926241	1.3420030652153672	0.462533010279944	1.0702028207511542	2.752346932559036	1.6591590509292902	1.5722967282906384	1.648536428156093	0.6745377388501844	0.5426084900407555	0.7757798778038519	3.5459184132923776	1.1358011248846507	0.6320430771823987	0.3804653129481337	1.0921751875573509	2.404224996162269	0.9728396257257358	3.514305067092103
IL17DTT85	1.894238565360963	3.607325538526654	1.7181662387608505	1.2695208375605855	0.0	2.40697374671699	1.0491937182785889	0.9941106051411448	1.2445770492710182	2.671776556897829	1.255513199854024	3.1016989471616587	1.0421220883930769	2.0691650226738427	1.6976899134186898	3.003246363617744	1.3565141768006581	1.74034984408438	3.0703432932053336	1.8233850797259306	1.294924148978316	0.6434215149697476	3.15857109555857	1.3438483856497259	1.2597398165275329	0.8951457864843623	2.0428426844123364	1.1075512482654268	0.694003359448412	1.0089555231803504	2.118904545982175	0.7972240164894745	1.6624371495198669	1.6208988314705495	0.19170301957628824	0.7975721262349426	0.9317595247795037	0.5253342850431902	2.0513499885164856	1.4322985247031703	1.1087968888080002	0.8784319304341699	0.6405624058801539	1.3195253460880207	1.8294663261217778	2.1377681236180752	0.5414448121111465	1.030042311946991	1.795727180609686	0.7199474041335092	1.9626496872904644	0.20063559283140406	2.069024649936799	1.2974366018413184	1.126030946077866	2.041902028070835	2.71727654995665	0.7288468629018767	2.5301634906209287	1.067896888757982	3.0098951138353636	1.8886659980159926	3.3921259013698357	0.3007005481859848	1.9185623492633164	2.9550454922144107	1.8319556695925985	2.286674557282263	0.7820541769552328	1.2399542621652646	2.760703984389639	2.882051203766697	3.4110793080164843	0.8553861668832419	2.3481563502273888	0.44416706483441826	1.2746125732187548	0.3872360431405468	2.339182397523567	3.1729984624752703	3.0460637945100677	0.20311620107383507	0.9948349257798267	1.2374930122992653	2.0680021682512986	2.536325928065519	2.2130355183204853	1.1807015682375275	0.9181246289775107	0.8101501031622927	3.246556966292114	1.6731657373962328	0.9967679232144361	2.156781051429275	1.880766926500901	2.13661692227575	1.321012132385273	1.065867169569014	0.6701304304540703	1.4243665063617885	1.0623397351619006	1.707650062346499	2.4452145514600914	1.7962673087922205	0.2557288553058907	0.3761442939384782	0.4496976009682494	2.138868213118865	2.2862753984286517	2.22225099346373	2.5578096066704146	1.9222561695629279	0.9955337444765283	2.5531907151866386	2.992630108536024	1.1596320921608583	2.7025135906961086	0.887045677710883	2.8713540431668356	2.0234762435119045	1.600136743674722	0.24657691426715364	3.242553284273974	0.6377393588580942	0.903368144398779	1.1676492131415144	1.7455779699786051	1.0003203164871823	0.5995093651373076	3.4599069553923623	0.5232108867099312	0.6680419766370362	1.3846586043179847	1.9106233672375792	1.961684773008501	0.48977629785735666	2.5667340219877723
IL17DTT52	3.1657948992187035	2.5252377680168716	3.2242922277141113	3.0002086567841193	2.40697374671699	0.0	1.6045180102473844	3.044080727153191	2.61062633501784	2.1858029713241205	2.859469396674451	1.9009975542512616	2.6607068326145864	1.9305665117842778	3.072052280681594	2.2829277273230466	1.1766301808839021	3.1329246544931495	2.297750118262654	3.2687603983598543	3.034100747014062	2.062354592411874	2.3232346082420836	2.641430089169406	3.088806904592335	2.6859302049339315	1.7016751390377431	2.8767402351773033	1.8762399197132882	1.4412518901039806	0.5159572206038824	2.8759701660128005	0.8109864376952876	0.939722004463807	2.3880009242729408	2.6762830079969633	1.5698584718898982	2.5579956030410007	0.8446215708245077	3.1335489151565805	2.721588437523348	1.9062235305554247	2.8378673500112783	1.768858665649029	1.4109290567208554	3.3679159833975576	1.8861839199501034	1.6719644091315857	1.2270569757002432	2.830809829401182	0.7937705117138678	2.2593926011394996	1.6470345326675855	2.9079708797181407	2.2293797791496823	1.7177894170713635	1.3500961285489175	2.293699461631526	0.1770200303448468	2.1392906022318736	1.8987267799039769	0.6131977740629281	1.7342497594020887	2.33288458050704	2.5904094199369236	1.8548870702134719	1.1772224982436295	1.1121862059641525	2.4586482448391545	2.152386752937761	0.8907775659711765	2.673421583357327	1.4505673920827218	2.332764402227165	1.9039621161971216	2.3427371049752503	1.4556634432282811	2.0821752942102836	0.9439549137373577	2.7849596496667184	2.0177162327495606	2.275726760257362	1.6795144964520274	1.414343703063004	0.6823590313207752	1.902212290055108	1.3057042741205065	2.2124508994549323	1.8121134975587818	1.7313144144910682	1.3689065775884002	2.661677996008794	1.9604753592041824	1.3563855530352986	1.844725943278154	2.1219145047439794	2.5661658001221053	2.4786225760564586	2.6751913459768724	3.0652718619080943	2.644236995992528	2.4326136478915488	1.269191470974076	0.6939032067252182	2.22097688060538	2.1168105277019498	2.3725844642849134	2.0122678995666208	1.6990426067286049	1.2941649007670815	1.730982687132935	1.058111867799394	2.237710406253743	0.8508764799321626	0.6451519092063565	2.827845281529856	0.3734066090204034	2.3540043281559946	1.4446544640260832	2.389906673544337	2.945481104610177	2.444121164327678	2.450693403717827	1.789143410089826	1.5471922760663555	1.370844581254133	2.891886906040791	2.4579766256336546	2.425207402819119	1.594448452761045	2.0466719014432515	2.619117990121996	2.786269858008209	2.5744577297740165	0.7691167741612847	2.225370017737088	1.0921205042804951
IL17DTT132	2.6347702233707717	3.4944219719723875	2.5473281794309046	2.1474674429344893	1.0491937182785889	1.6045180102473844	0.0	1.9770946508878062	1.9350063734176557	2.728672957197946	2.080295471970951	2.8962684368003426	1.8400462642884627	2.1765059936049282	2.460527776787557	2.9957717248024074	0.7270553637668831	2.5181111332168005	3.0423863964434728	2.632129950165331	2.1828278210155476	0.5113813056823587	3.1174989747714523	2.019785430326001	2.1821952487601712	1.7560789410593922	2.0448309677009835	1.9885362468747891	0.977645635112739	0.7577006000606972	1.1922014133411996	1.7764836219431355	0.8473581894766165	0.6830371865994668	1.0382432292003303	1.6763463401894725	0.3494661163292621	1.4211336521704165	1.575478412899206	2.314369598853993	1.9127094319620048	0.36017655382725705	1.6556903337689453	0.45732614045648134	1.6963489142235118	2.885614479653083	0.7693995973611563	1.1342472155560193	0.7507507274937261	1.710838956135535	1.491307405707208	1.0026617837754757	2.0076636751022354	2.1211880152195444	1.6211009031369057	1.0573377843567509	2.372423457437897	1.4025909301338224	1.7247959218521787	1.5043126463711245	2.8224049333862498	1.2596727303947959	3.0104381020954936	1.1223284661065704	2.3801068344792844	2.7773573708053423	1.5695989604368388	1.2517012708420021	1.5248844585908723	0.6587808205090275	2.2232077891186943	3.0627495458526917	2.8754646906401886	0.7295031689555281	1.3714506789856777	1.251712450363271	0.5046374537097928	0.6709121717088832	1.9081848066678302	3.3059030464299646	2.9009942864849454	0.8568474396845709	0.3131328517797123	1.1182694954612644	1.53080292385831	2.494008734673358	1.977335603503111	0.6935596133350597	0.29094040524195386	0.8996259622885302	2.750256211258058	2.2469802086984627	0.3766604229273689	1.1189171047494975	0.9393692361017605	2.297054271054848	1.955742224615091	1.7452728232223704	1.5883033779342945	2.271365691454503	1.829290232553396	2.1646893896332844	2.148959164044051	1.20515981714609	0.9205338918867443	0.9042841868235194	0.8384278752234511	1.2229075225796566	1.274955007181522	1.1734168930890922	2.441996888939068	1.6005055230015424	1.5399856659117594	1.5408457027598959	2.242934346673486	1.9924156672186288	1.955181412766026	0.7642097557058248	2.530526155059789	2.362706170545596	2.337396446307426	1.182785468712081	3.217893889899668	0.5080529257304275	0.755066862287575	0.9599048441047299	2.4108281224174313	1.6951463695828963	1.390417631865064	2.979961518235147	1.0230472443098242	1.559335676802623	2.1150360683476346	2.3756370382928456	1.4385198585652406	1.174882652238745	1.5275740923499215
IL17DTT104	1.1107109735834484	3.5292964724933493	0.8710962478790989	0.42182725902662815	0.9941106051411448	3.044080727153191	1.9770946508878062	0.0	0.7381840449264067	2.546990275545807	0.5609722008182879	3.1648737872386463	0.5284345094104944	2.0273456554279266	0.9140407909870711	2.8830054727257606	2.031386154673176	0.9339563109164042	2.9495920667888345	0.9679635980233363	0.44196911614625245	1.6338766697391691	3.0581286870226108	0.8091448376105697	0.3570680506319379	0.39799027948562793	2.0863183475221163	0.3589594874823966	1.1817977623990559	1.6525531161063514	2.877685649641114	0.20125467204131967	2.380709955940184	2.4268998639741217	0.9943604145193002	0.3775106695303903	1.7594879199470708	0.577975774270207	2.462373105232879	0.5397569347661666	0.5128996844009415	1.8603487720283363	0.3620599503685681	2.2996607366276662	2.0894313050777944	1.325262126849572	1.2725180805904623	1.409899482579416	2.7046601919116093	0.28478866582859663	2.4047553362469705	0.9805801653374738	2.122502287996887	0.5331454897962679	0.9789438602966031	3.0132059808497145	2.9196425456484203	0.7532511148950433	3.1691361054601623	1.0358411149466182	3.0390015335905125	2.451719393727529	3.58677978086138	0.8597581029307336	1.4669455773560385	3.011053214663898	2.18159016720311	3.147739857026837	0.6244119337089166	2.2261603424423813	3.1388537298377672	2.560994177710099	3.770279068261344	1.8142487957870814	3.3195221490986775	0.7481672512060921	2.0741610882992028	1.326374301173214	2.672592431164452	2.869061647318636	3.034114761448933	1.188429928466156	1.8651176321148502	1.6586059335829126	2.5314778388983847	2.492117912772092	2.407141951803104	2.168351813751673	1.8871852193705663	1.3344976943536482	3.5702495822563214	1.1490009635344829	1.9724451397709266	3.057556664217115	2.852333775767009	1.9589555179539384	0.8531454945556077	0.7095004725358091	0.40948628454334857	0.5705351135288312	0.5498312514917424	1.3332222779439766	2.6572293731963548	2.362828333146877	1.06785936051051	1.0858834132771855	1.4219829131530515	3.1238323155650254	3.245545633408656	3.130977457610237	2.594804551393841	2.2758831577331358	0.8928267923647523	3.375707585532725	3.545276941324203	0.4492980089899151	3.2751607520860837	1.8188230965205183	3.0568439025381067	1.695689365551458	0.8735102255181155	0.8116709719414082	3.094136522247884	1.5045657414801417	1.527723383026674	1.6735484960030553	1.0848739293700134	0.6884363438779111	0.646453143920586	3.7582173754845427	1.0363137248363357	0.4483272493549105	0.7377595808575291	1.4693296271877183	2.484141002103859	0.8511143559085051	3.4297200805519448
IL17DTT90	0.7082066847767112	2.809966183025832	0.6891596994731505	0.45358377574250175	1.2445770492710182	2.61062633501784	1.9350063734176557	0.7381840449264067	0.0	1.8501091453656013	0.39190252867128295	2.4740671361230464	0.31862913952808275	1.3843897479047331	0.5304502390098974	2.165807407434549	1.7348019579299903	0.596497964650252	2.220564206592037	0.7233934011873381	0.5089643785815005	1.7638426495693011	2.345325859408956	0.10702647948303	0.5942181043681183	0.4481803775650873	1.4293215891179059	0.4405319099243305	0.9662732110054857	1.3930991248234228	2.5552057313614163	0.73116895528505	2.063178426582705	2.186066809815387	1.2128109213847396	0.5294930554308418	1.6426647285116571	0.7896372633464265	1.9171386619888757	0.5556983740092896	0.271819935969902	1.9379055063764092	0.8797670342892536	2.333783980525892	1.5593438708287426	0.9730314454996694	1.1972921821132865	1.0420026976740597	2.568012454752491	0.7768185892252362	1.8847540394193725	1.108955478811576	1.4355831626694215	0.32020727919422787	0.40242739186354953	2.98540683018022	2.253142844110956	0.5578640517515825	2.7338957495931258	0.5336707854153393	2.32298687367519	2.003307276398374	2.917620231988535	0.9873660833097823	0.7519847432037426	2.323794423649924	1.664201897362234	2.9350964680734566	0.5014772545403808	2.376363129704706	2.5432072840643505	1.8328621206943447	3.1745221024174364	2.0403575164626546	3.296785020488204	0.8089305537458663	1.9211055434931714	1.4209533291862697	2.0723568612127026	2.1403855986465796	2.312272239646156	1.3818004082991524	1.8089793073281546	1.2341243786673641	2.0115743734814977	1.7704428272512853	1.7601925648940708	2.3442303448562973	1.9285931793630104	1.075420515329104	2.9551984772642084	0.4523510933804982	2.0618695278102264	2.9125121996423577	2.863011154516098	1.2247172284889178	0.13242575729312991	0.19499151444449545	0.6809768057224732	0.46034683224755624	0.2220737231034723	0.6088561368588484	2.008948015277606	1.9284894547579114	1.1813186619219873	1.1079276603577208	1.683252438184822	3.15551780088722	3.183634291073442	2.9779301308539283	1.8985565466609722	1.7309037840752994	0.41412855492277406	3.093441833719876	3.0349972061746895	0.3051822230591068	2.7880704407490997	2.0410744886735483	2.3820353534377414	0.9674908842018088	0.4033467813231926	1.0359105771488757	2.3593760965951107	1.4665969412542987	1.2748157798293374	1.2952153266661381	0.5097090965934317	0.27498921449802305	0.6660377433267498	3.134384576206293	0.9368833285860523	0.6400802134799275	0.18923873177616996	0.7649252260275511	2.0344732140308737	0.8142818715405828	3.195302655363607
IL17DTT143	1.8803395578382363	1.0152013218561664	2.0829880320386844	2.219494768446022	2.671776556897829	2.1858029713241205	2.728672957197946	2.546990275545807	1.8501091453656013	0.0	2.03857159002226	0.7754720189350268	2.0238467949162104	0.6348974372881934	1.9438665097277263	0.3969848667353377	2.215485713013932	1.9701068818850058	0.5758651991387215	2.070240741490321	2.2247313673083524	2.8577509944534754	0.5342638610314236	1.7832482425027811	2.330003658797531	2.183394561839255	0.6845550565956912	2.202317215551614	2.040707524166621	1.9959215955703964	2.496196750748987	2.5084403431282403	2.261710594854018	2.4856862894981777	2.6716466384303645	2.293373935509191	2.476303791780436	2.4467338936393865	1.551230284176548	2.2380256423954816	2.03499907883693	2.8825553906526746	2.6077410308678477	3.087491345495304	1.130439739511975	1.9241017719101703	2.2618056563071605	1.707458287740452	2.953879269540634	2.5096575170417155	1.498579818262083	2.4799603505216066	0.980845121975171	2.095524673097786	1.732344734773435	3.494337646317279	1.1466236226679085	2.036191555085367	2.2242977476844654	1.7927198151022896	0.8377735936222201	1.8351290481381506	1.3442731888671837	2.4575009428083012	1.2724042919991376	0.6455898788767204	1.2634439955942771	3.1185412816354203	2.161083007882847	3.3657129202938973	1.5376181600154148	0.9116811648633224	1.8001016894720536	3.2427991707445902	3.7878788765062086	2.2919073499893003	2.6328802071358726	2.631252254029203	1.3273033330532933	0.9791761270994791	0.7526430554081276	2.7091278957644924	2.7033802802014057	1.6215135264871152	1.6080903144717344	0.570552039620345	0.9623767709697503	3.364203603507874	2.815927625527328	2.0207201996653374	1.58140819632711	1.5462094741143537	3.0514464353747957	3.2638995706152074	3.5182801469759375	0.887080598432007	1.7767904617376236	1.8822815209702755	2.41630422550017	2.192173770901742	2.045221673142543	1.266085122675726	0.9649901473080869	1.784337882432935	2.54114690626431	2.411823627462857	2.9731113599363073	3.767252055769765	3.6032991139494115	3.254231690003207	0.5153796872093418	1.2545243269615018	1.8191710399534065	3.002893956738655	2.190259979408018	2.126409161817545	2.0912705866707735	3.2684276112985033	1.1106641131661046	0.9586210830139064	1.8833121194850435	2.560547748099692	0.7844059411605996	2.4353618163206434	2.0336114182538148	1.7822823189180736	1.6918985300183818	1.9016065651639038	2.265997545446782	1.6573576609669614	2.1627281392493893	2.3553304108902355	1.9108234697528792	1.199078988432021	1.651327687138572	2.2227082861481655	3.2175483343228524
IL17DTT26	0.676242715160149	3.0307686701087464	0.47584764332487317	0.23750119733781666	1.255513199854024	2.859469396674451	2.080295471970951	0.5609722008182879	0.39190252867128295	2.03857159002226	0.0	2.7019057818774526	0.24532014781118555	1.5494347844537457	0.5075279816974475	2.3826195071257157	1.9936044704823326	0.5229091025072536	2.4639258139760543	0.5967045769115383	0.20973531288980243	1.8292614402425462	2.5552442286839896	0.39881093167631354	0.29898031923117496	0.37332779353442475	1.6493943183572004	0.2096882042107761	1.145579799641262	1.5612538949938617	2.7848302582174713	0.6154016889215472	2.305961831595788	2.3978189141791115	1.271688663524689	0.5378609195486574	1.829359943045565	0.8402973341576702	2.216847205284162	0.3106631220780199	0.20306649332701265	2.0177479138398273	0.7760902558263542	2.435475087868513	1.7262657821628615	0.8924386467289126	1.3142499560589869	1.2148534489297311	2.7447502170808833	0.6493480013617717	2.144402454167936	1.1617968130958198	1.7591739753979865	0.23420450542798718	0.7405660572160907	3.1276941423786013	2.5548053634421577	0.6938929135385808	2.971585489811231	0.8635951548214146	2.6028035227088613	2.2649912734988953	3.1631172521610567	1.0645018030655673	0.9971702823776671	2.5471162550622086	1.8599043374685857	3.1615956056544925	0.6670121938694679	2.4604391224877875	2.8172850852669478	2.090804790413146	3.3924523194654843	2.1033574529917205	3.4512975341616006	0.8659989444895398	2.150273040231358	1.5121449623042593	2.3627659404588215	2.3906693572219475	2.5817061919737387	1.4263272125342334	1.992000886606877	1.4495588073186574	2.2886934625325615	2.0506269567547637	2.043209685649146	2.4096682827392004	2.0197183831618486	1.289352138135435	3.188085523056554	0.7024053252254475	2.1728745742947386	3.1213159464070737	3.009462502459494	1.5332622645078358	0.5145749102186548	0.44932212888900713	0.6870331145016405	0.3645391848578065	0.3871535243612541	0.8526046177171481	2.2808131839819885	2.1666880379601676	1.2717981098594913	1.231786958311033	1.6978928110177998	3.28466994590713	3.347002929458947	3.174497866155585	2.1503338516633517	1.9614558023277144	0.6963572127283346	3.3190732041545394	3.2889150716365494	0.24870957577039746	3.0374320462315	2.120928713932106	2.6706681512953634	1.2073582035382302	0.4526043950202218	1.0768831306708166	2.611891594575834	1.581846685038067	1.4692549470316254	1.523548752551602	0.6169983664057851	0.4384748492151471	0.7722134762058507	3.357962971160047	1.0580917841563942	0.6657354305474439	0.37535605666207306	0.9642116847756017	2.2318599562403096	0.9243621823386176	3.412643591309008
IL17DTT142	2.611722660335311	0.6539845775121271	2.8088116488875507	2.8809291907461114	3.1016989471616587	1.9009975542512616	2.8962684368003426	3.1648737872386463	2.4740671361230464	0.7754720189350268	2.7019057818774526	0.0	2.641905435575799	1.1909717621576195	2.65184941835428	0.5953443331956499	2.320874301111548	2.6880688688455296	0.6441515238148507	2.7991178819588183	2.8949261344559023	3.142960991860942	0.514385926748813	2.425519137757254	2.9954067886581153	2.7801785858738497	1.0939141463230009	2.84175491127674	2.4284475894432505	2.2464275329677816	2.3299103659856364	3.0937510825753645	2.24592650273464	2.479822709680502	3.0935203449247886	2.8648588828165904	2.6834714739921424	2.9581268373155547	1.4653790170611865	2.9242885957682243	2.6644388325304624	3.1108814535676883	3.166257025520808	3.214879786642247	1.3621605446502925	2.6796993673411698	2.6164233022281573	2.07777401994667	2.924666183774379	3.0851226213613465	1.4425871055219233	2.905701649763984	1.2388059804062568	2.753674600348252	2.264608121414694	3.467625965799966	0.792830069519539	2.5516552185285937	1.8995969079710358	2.2833388351569117	0.4884828475976985	1.7605711764591225	0.5792406028937575	2.9064345242273983	1.9488968173570635	0.15857855923279177	1.3850864804962628	2.9633912373466305	2.6934937488026836	3.549504246185305	1.0733622982755493	1.3715309657377919	1.1374498569763327	3.518900416647394	3.7210710628138632	2.777142943840515	2.7533936214359174	2.972586400822758	1.1203656850781631	1.3081750089085227	0.47353647524461645	3.092735703645039	2.8943047107017406	1.9026210764718667	1.4851549830919923	0.8137765043545493	0.9781368960934135	3.5680649425014885	3.0294835662313813	2.3612787370057746	0.917083163152665	2.2145525536577337	3.2566168220493914	3.1665143750494753	3.538979556341914	1.3976322073957965	2.394013290473054	2.470699412474518	2.965133738068347	2.865234216746866	2.647295577892374	1.9279558229970457	0.7835629049887011	1.7531049539522447	2.9412257100858596	2.805520012959333	3.326998148571349	3.7598264604619267	3.52155596359515	3.1352446383853065	0.5935137689079196	1.3021079549884507	2.3471182418966796	2.7516447949014284	1.693629715004557	2.762475275539487	1.690140722713024	3.54302366120559	0.6356344195977989	1.6330968651310354	2.574844133183598	3.02149079075697	0.7901351669919805	2.726064416983207	2.314543797721235	2.030850707220851	2.3963610645570026	2.485117529327117	2.7744332017811315	0.9496227160974918	2.584535962632004	2.900930912591593	2.56396153498453	1.901186233161869	1.5882171784626837	2.6855732577515528	2.992156065755804
IL17DTT27	0.860770438808918	3.011867389167339	0.7096958415727742	0.3581637295533142	1.0421220883930769	2.6607068326145864	1.8400462642884627	0.5284345094104944	0.31862913952808275	2.0238467949162104	0.24532014781118555	2.641905435575799	0.0	1.4993394704810923	0.6778068877593866	2.3661025293492126	1.7598269015991492	0.715200587588762	2.4411868447969343	0.8094457373698438	0.37831889186325035	1.6009155690844954	2.5385314544769857	0.382286151047236	0.4295790404943654	0.1830499160532885	1.5651053054840356	0.22352969702776126	0.9057441861813994	1.3380891785295819	2.5640370753849475	0.500450102296768	2.0790780364248524	2.165232031021446	1.0496197573373238	0.35018401019215634	1.5855863693667063	0.630235269064533	2.037706714054331	0.5010980654753276	0.0945295536510998	1.7874969609591842	0.637028596928467	2.202964311042715	1.599633564945978	1.099355161799031	1.0768622720888696	1.0107918951207548	2.5080186323801437	0.5195262095260997	1.9674930691309025	0.9328089597068228	1.6461293425635148	0.3274355645132645	0.5608949542134786	2.8904318498711197	2.435713543787997	0.44921653907754877	2.7776341573088503	0.6642615997464504	2.534291116921282	2.0641088355943795	3.0735431636247843	0.8334226326083949	1.0255272515214433	2.4872431691903865	1.710257056139846	2.9244203170582965	0.44002327701436683	2.2298433266217357	2.669767989582883	2.106040390937252	3.2745107186493416	1.879552129023689	3.2114742834695504	0.6321463910545585	1.9062427287056096	1.2769733103992107	2.2100410858381987	2.4083151654769366	2.526146135587618	1.2027841489302018	1.7470248780484479	1.249926624437037	2.1066144948692127	1.9884253794807651	1.9172113558002015	2.1833984852939983	1.7879035671468992	1.0512341509686478	3.0715861877182395	0.7357672717675053	1.936091275998507	2.8798755103254132	2.7690054444586667	1.4809589482201644	0.4476164178204879	0.26356159078759755	0.5003538851377122	0.4954215556118443	0.2310513451283707	0.8474279558152168	2.161375786097759	1.968527365690901	1.0375444169526273	0.9905613692897683	1.4851454530515094	3.0473908757193455	3.1077475476688416	2.9361783014312373	2.0780605944462978	1.806448025795317	0.4868111326843688	3.093098482653074	3.1148741376236204	0.23206837741689937	2.8561506843558413	1.8951590226889818	2.562286687311124	1.2090100992438166	0.5856177207374254	0.8583028380440346	2.5952451807993255	1.3451639577721197	1.2359180177484028	1.3074788791926921	0.7332025243363375	0.2219163447097161	0.5387134487959682	3.2524113103504413	0.8173363571082674	0.4638127220513024	0.41224090124565704	1.0035106114734238	2.0565425449641364	0.6818814143942302	3.1808915690472195
IL17DTT144	1.57952943635412	1.6129785656551685	1.7033251341558044	1.7505660832083387	2.0691650226738427	1.9305665117842778	2.1765059936049282	2.0273456554279266	1.3843897479047331	0.6348974372881934	1.5494347844537457	1.1909717621576195	1.4993394704810923	0.0	1.5889560083448424	1.0094083983996442	1.7562280305187845	1.6194382176853634	1.1482856039268823	1.7319071997729971	1.75186569215309	2.2593808812404155	1.1440784149865157	1.3364028729338062	1.8478930246652912	1.6451408584413936	0.27972547864895075	1.6965646781330626	1.4625727466541718	1.4236391506719819	2.133344651407422	1.9654046163598227	1.8374894103645225	2.0285954611550383	2.086813000666084	1.7579212377932483	1.9359466754190175	1.8888736014571323	1.3005685446772568	1.7977108911686643	1.5300128397318566	2.293616992602522	2.0439309902260074	2.5278519912820046	0.6220640818661013	1.6820612759899187	1.6647575290196126	1.1099594999600102	2.4810222196345264	1.9514080811398942	1.1761488728700735	1.8819357470128883	0.8230413892744733	1.6397328459308407	1.2377706000013091	3.0011269291642892	1.2687634221240043	1.4708685170422129	1.9871583105643507	1.2971123495631953	1.2385185624840498	1.4837050656509645	1.6615750248505325	1.8769829146496437	1.0317589816855253	1.0325767253745386	0.812929219991173	2.7343926674410044	1.6303481124194452	2.7920905852203504	1.5323314227723572	1.2698865527080114	1.9312512600352667	2.6540744471196667	3.3156784638868158	1.707106009842669	2.148577271166885	2.0397567768372786	1.205731656939435	1.4557362558220854	1.2133418477880833	2.1079207454543942	2.1708716557031935	1.0662732622376458	1.3352159171985156	0.8032835326961162	0.8237988998629062	2.780101278431642	2.232144221560027	1.4622202052720317	1.727054533347502	1.2044064101593297	2.4830955315046634	2.8392358276837766	3.0117461471850273	0.801236404756947	1.3365791904787434	1.3730205135830926	1.869242781510913	1.7668904866942696	1.550205541266937	0.9007597310332935	0.9486893765075911	1.3889701186747092	1.955849329681121	1.8325218650198953	2.3635768760056135	3.261083972328494	3.1420216986752507	2.830280568089429	0.7248857541859002	0.880862274806454	1.2947585640621695	2.672329179591905	2.1051708239066276	1.6433905618612428	1.9317394575344062	2.6894628070578976	1.308933255716299	0.754735539747603	1.5071097459194245	1.977382534297996	1.357853029529619	1.8448459350988324	1.4706521140298698	1.2456495123732243	1.3621668970061176	1.3706755570463496	1.7102860916395157	1.861936139658833	1.570390716103637	1.806581999955415	1.4844347492736796	0.9283238404351283	1.2680690653331437	1.6424852439283257	2.86187770985553
IL17DTT219	0.2114411935078328	2.8817853722466786	0.2881149188817679	0.497795643890807	1.6976899134186898	3.072052280681594	2.460527776787557	0.9140407909870711	0.5304502390098974	1.9438665097277263	0.5075279816974475	2.65184941835428	0.6778068877593866	1.5889560083448424	0.0	2.244017457894246	2.2535044462738894	0.08460902531985702	2.3015892415177595	0.21761071672684926	0.5115737747882121	2.2609190117298534	2.423615849412061	0.4567846633864067	0.6076714048366549	0.8101681720538276	1.693628812102394	0.6352310843296515	1.4923139364699587	1.9034059886492705	3.0563262768804798	1.016736081704358	2.573599096396659	2.7065246057875276	1.6775557933747556	0.9167493984888581	2.1725865570642307	1.2211356531108228	2.3408462726141557	0.4142593703921373	0.5962315589291013	2.444563499355038	1.1992827583610226	2.8498216309547764	1.914954920502701	0.4748991567055765	1.7120865510441399	1.5298795851911198	3.094679340679789	1.0837919579006021	2.3133341393267406	1.5895898795079313	1.7326765874290873	0.41192688264451	0.9083709646457625	3.5118598781510775	2.545991490046954	1.0656265925707382	3.1881167512313704	1.0438090920335898	2.50347912968524	2.4716753304476216	3.152521017897361	1.4653909663144007	0.7496344577351117	2.505644711050124	2.0565317277634687	3.457794847088619	0.9849666586246513	2.8798218641273783	2.9011572196726028	1.8032974572842113	3.478872187142663	2.5232012337784178	3.8253997318661783	1.285678030784398	2.4484893624967103	1.9222908260689227	2.4441662296799627	2.102050442483259	2.4650051659107204	1.857910871411414	2.335963994926771	1.715309066172322	2.444088967586124	1.9495653482458637	2.086293578574288	2.8407403419690787	2.439811722484755	1.6040971377865105	3.2542155114269065	0.4834932309888235	2.574324778363923	3.4412844264986373	3.3893187640462417	1.390542701219567	0.5505371900254846	0.7155445804849792	1.0696438943553543	0.358899036185959	0.6579181661843181	0.7447255225387535	2.317732084969248	2.396621801477581	1.6724336914589946	1.6152620534672892	2.1460219243202143	3.679560395196554	3.712685963763411	3.5052070934538166	2.109636988381945	2.1268736610577226	0.9419588923612429	3.6012668405788237	3.4463845418413976	0.5458766223882164	3.216280629179259	2.524079640494376	2.652869569715605	1.0359925481952756	0.13328918143306615	1.489440860919775	2.416276861277474	1.9830832820001103	1.797914661979588	1.7983919695135395	0.2627521467871514	0.7707684210687717	1.1419917523322045	3.410326573559804	1.4499779833470605	1.0516090723703424	0.355991910802302	0.758577723640244	2.46747627392244	1.3165635020062207	3.7123249456410408
