	TL1a_FP_162	TL1a_FP_88	TL1a_FP_230	TL1a_FP_89	TL1a_FP_234	TL1a_FP_128	TL1a_FP_129	TL1a_FP_287	TL1a_FP_86	TL1a_FP_198	TL1a_FP_161	TL1a_FP_266	TL1a_FP_197	TL1a_FP_159	TL1a_FP_132	TL1a_FP_130	TL1a_FP_90	TL1a_FP_195	TL1a_FP_158	TL1a_FP_231	TL1a_FP_284	TL1a_FP_267	TL1a_FP_269	TL1a_FP_288	TL1a_FP_87	TL1a_FP_196	TL1a_FP_131	TL1a_FP_270	TL1a_FP_160	TL1a_FP_194	TL1a_FP_286	TL1a_FP_232	TL1a_FP_233	TL1a_FP_268	TL1a_FP_285	TL1a_FP_85	TL1a_FP_127	TL1a_FP_193	TL1a_FP_265	TL1a_FP_157	TL1a_FP_283	TL1a_FP_229	TL1A_FP_626	TL1A_FP_677	TL1A_FP_674	TL1A_FP_678	TL1A_FP_625	TL1A_FP_630	TL1A_FP_673	TL1A_FP_675	TL1A_FP_627
TL1a_FP_162	0.0	3.9666042216265445	4.2347810338297025	1.3830884319633714	3.7184991441745683	4.025647607909422	3.834282845005012	2.899589779231213	4.309794625350772	1.6235728571654975	0.6319270080196239	3.13090959804888	2.0672507240043996	4.039574865121512	3.6312037898189056	1.288676269034778	2.331445619286106	3.579988526239427	3.328492396237153	4.230100017298133	3.74696572112522	3.422017315935261	1.6675658875783819	2.897041187850166	4.5083692745582296	3.3505558209487574	3.1689212211507516	1.3637218372252442	2.311777069245021	3.161922754026745	3.031942959068278	2.944522661226325	2.743380336643999	2.3683748562624607	4.043497665856062	3.939201996155087	4.089703201983759	3.135178317774205	2.9216334571963083	3.543259272933086	4.166011914564434	4.271484217299246	3.26803188621183	2.1918972719583745	3.3272222606921265	2.6123720032520596	3.3916982454233615	2.6826233571937554	3.740771508140063	3.6227046441626314	3.3264958984224173
TL1a_FP_88	3.9666042216265445	0.0	0.44429472487540916	3.809628531280288	1.6244791444106539	2.540921669817709	2.1430166320457404	1.4898656230811675	0.3679705854750928	2.6924638178630853	3.361297296495439	1.8969663404387618	2.254405935531323	2.306532819860207	2.4767687579722786	2.7282133121939176	1.7360910066002941	2.5914800090700947	2.1964113150478553	0.3183280074129495	0.8366642097957088	1.7905049299721976	2.624955015012938	1.1250994965698444	0.6791592136996993	2.0644657259439017	1.1456231166860633	2.64071361715884	2.1889222319654307	1.9622899659860398	1.0016513315772897	1.0289152830677977	1.735728038474011	2.5012021516792564	0.32039111336784176	0.23033317195762162	1.9309454678203624	1.9821213082342075	1.9614739142778406	1.8547949500559162	0.7626340163943345	0.6493658403385014	0.8598976656977753	2.035492386307549	0.8530134122335891	1.5663264611252714	1.1309304575049755	1.7997481627877927	1.0243997033179666	0.38687418330649437	0.7882791456620408
TL1a_FP_230	4.2347810338297025	0.44429472487540916	0.0	3.9681346752164672	1.6050785733396535	2.851885402311419	2.4721122827572684	1.9112632724415326	0.3401323952445515	3.0502537010873976	3.616189217863831	2.3138346087704167	2.6249500357905995	2.596774481219799	2.8400857157561785	2.973720652479738	1.957683287530308	2.9687745008952144	2.566724879218386	0.3076771844223284	1.0441924316011255	2.181406959503321	2.933529682738011	1.441532664540322	0.2878273586524087	2.459440210692713	1.4818770398084358	2.945817718834054	2.5882606475417074	2.404345892314873	1.3758178130288485	1.308332852966042	1.8993915979827074	2.908824206408325	0.3978702822214162	0.3286948555364778	2.2467102081191843	2.4242587894208856	2.3945010847960155	2.2196351093322613	0.9210789002677253	0.49425821601359526	1.0161716211608398	2.1830671859793007	1.0687196677289656	1.7068737930178928	1.1960771922439066	1.943612078517301	0.9712581816715843	0.6322513451565055	0.9383823196270165
TL1a_FP_89	1.3830884319633714	3.809628531280288	3.9681346752164672	0.0	3.691171658099962	3.9555922483932973	3.7841421121741123	3.105702509670091	4.093209834975456	2.347577782446175	1.2675649097987172	3.3406041513809734	2.6329370872904923	3.904956064507903	3.7080974663362714	1.5523599814646272	2.3264196238404886	3.725292707752268	3.387872344607051	4.000908103143542	3.799362797695367	3.5015359696933244	2.3297859251148534	2.94640081412439	4.234474988079711	3.4895996985504625	3.025360564098817	1.8341973009836008	2.6975107319845106	3.558327652757081	3.0225008972117453	2.826358241527346	2.826153907412814	2.8252280365781135	3.783886074724555	3.7378913404366196	4.030510810652365	3.5438841586559673	3.2797053849617535	3.5511940529023467	3.9039259125309704	4.113590849081882	3.11014702603705	1.8739989453782802	3.2883058353891186	2.353246361299485	3.2929880830178515	2.712268836352756	3.5789114513678233	3.43395762501435	3.1447125687568835
TL1a_FP_234	3.7184991441745683	1.6244791444106539	1.6050785733396535	3.691171658099962	0.0	3.9399613067657486	3.5289100647977945	2.29178291251471	1.8439452859571972	2.713412175701197	3.1132823954135507	2.9346719322363355	2.3342823669171406	3.744706613589384	3.738528690006337	2.476920674048904	1.555192250545032	3.804687773116475	3.3880971784517686	1.8157832526831073	1.0095398548285948	3.018989374769054	2.3013651840464076	1.4318757304203769	1.683114982944041	3.234504728921384	2.270726925541323	2.5997689079569684	2.751989640771037	2.808413209731284	1.8189984996487067	1.5979690723727555	0.9899945699256889	3.1353999318240175	1.8224587280438758	1.4670198590948094	3.4045478398338433	2.8066920634774317	2.777064512272964	3.155970655306244	2.3608392620710887	1.250223597524627	1.1388762078949737	1.8910432013824874	1.0221100363207074	1.5182222542478634	0.6583406951031635	1.0438196965286195	0.664230752984941	1.4805849567112312	1.1970592194161045
TL1a_FP_128	4.025647607909422	2.540921669817709	2.851885402311419	3.9555922483932973	3.9399613067657486	0.0	0.4169692358875082	1.8930435661585066	2.6113086160121686	2.9315179998418612	3.659621888405267	1.319724684878281	2.7536802315133078	0.29428858001302516	0.5228201095579983	3.347817828369105	3.014679023758136	0.6879831967360519	0.7798733204730627	2.5805022645164395	3.0821960947853784	1.0201262516010905	3.3540729413373516	2.6247451144825864	3.050877008136403	0.9520441660665254	1.7219526559678686	3.0049455735332935	2.0342514786394	1.7841331818884436	2.165833790473275	2.4491415275598385	3.477971524053316	1.9308432834324385	2.4602614195043793	2.7135438033677843	0.6901561221067118	1.813069062327945	1.7331203340220402	0.8172562820990026	1.975996384600909	3.18545551328285	2.863765939229522	3.1351290617513796	2.920214233327178	2.9881650571621776	3.3194202841917035	3.51780545527313	3.409887009271992	2.5509688909432073	2.8142338957255753
TL1a_FP_129	3.834282845005012	2.1430166320457404	2.4721122827572684	3.7841421121741123	3.5289100647977945	0.4169692358875082	0.0	1.5106535529849046	2.234594236279346	2.653091555830891	3.4248933164941433	0.9861821706574981	2.4293066813964446	0.3250470022124058	0.4876465193930115	3.0604497415066367	2.650391048439149	0.6757334160503378	0.5443096512500709	2.202201574021688	2.6658250018618426	0.6380142087268261	3.0349996739927936	2.224318146288449	2.678901825437587	0.6519681329025836	1.3366299717913919	2.7268628181594576	1.7467132977817312	1.459650815511397	1.7636900788162568	2.059096823510011	3.086556462804802	1.7059284082241226	2.0815586891143107	2.3180439418127565	0.3923772878348081	1.490859159753564	1.4101020318693502	0.41972119442511613	1.6240719245813473	2.7877400359381426	2.4644652366257223	2.8082901062292898	2.510236011912004	2.6279505471972646	2.9139489558572595	3.1317854434097643	3.00518785370767	2.1513660654806164	2.416110680115562
TL1a_FP_287	2.899589779231213	1.4898656230811675	1.9112632724415326	3.105702509670091	2.29178291251471	1.8930435661585066	1.5106535529849046	0.0	1.7989740130992562	1.4409364416277024	2.3932700461620673	0.6654644009489451	1.055383209841056	1.8060287628917415	1.5448713971414567	1.8961446010181011	1.3575498925775382	1.5664032497177793	1.1976483555400896	1.7495151286567647	1.5432724086506533	0.8871503407038908	1.6586386405371538	0.9055313270748417	2.1679646606274705	1.0116807377531516	0.7775383211456524	1.5727196692224121	0.7381238812271288	0.6761534266893626	0.6256447422410175	0.9677841813239332	1.703868477151873	1.0271671201940946	1.6229025119801974	1.6092973373725719	1.5441498328753365	0.680566306018022	0.5375784772393577	1.0912014156579373	1.5914994302638055	2.0058330728720755	1.3918144893484008	1.7423239395537478	1.3359762662795533	1.5282251677218996	1.7370540183230057	1.7763945120583549	1.951683610035756	1.346671585856884	1.3967620155704645
TL1a_FP_86	4.309794625350772	0.3679705854750928	0.3401323952445515	4.093209834975456	1.8439452859571972	2.6113086160121686	2.234594236279346	1.7989740130992562	0.0	3.0492863381972932	3.7039793595703308	2.1318495682056318	2.6134662869759318	2.358717267698042	2.614813232050273	3.073545528923021	2.0821107461055015	2.744691952120657	2.3700677505878684	0.09529289374901988	1.1139765180392371	1.9701312701419271	2.991959624725763	1.490858048720333	0.4578788505721329	2.2518602754548502	1.388852414003533	2.9918620169639727	2.506271505618114	2.2258617314919076	1.33899158357588	1.3665595496806655	2.0699143272161575	2.7997185178839086	0.327342662528168	0.44834346117011764	1.9784843385575286	2.2493535663406323	2.241342574643737	2.0011012576707383	0.6855632706595834	0.6773983913911127	1.1794267866210766	2.340534055323993	1.1940324792073038	1.8726600991932423	1.4131691558355595	2.128141610136348	1.2319526685057163	0.7046178517718708	1.1009181185770327
TL1a_FP_198	1.6235728571654975	2.6924638178630853	3.0502537010873976	2.347577782446175	2.713412175701197	2.9315179998418612	2.653091555830891	1.4409364416277024	3.0492863381972932	0.0	1.2369751824816733	1.7507111947003726	0.4917361707962103	2.931257987572505	2.47763195467127	1.0121747986386755	1.3966739407542894	2.418371598253439	2.1542565575603714	2.987069981179798	2.4245860520384954	2.1029671140166246	0.6079593006753113	1.6276720222326972	3.3155738421888477	2.0605553515755	1.9730087652084414	0.5629713464554646	0.9107229992470656	1.6245153394143683	1.730872075011334	1.793726669135557	1.7782811443089697	1.077732317749334	2.8405160173711383	2.7252585707169157	2.827447367945599	1.5940537170936393	1.431306435038374	2.2873364288449403	2.9372065863824917	3.0421126868036614	2.161357247162433	1.668566966020911	2.1172899822940603	1.8114759131526514	2.3241379131002793	1.804031057556906	2.666907296113986	2.4258743138430874	2.2186806245942465
TL1a_FP_161	0.6319270080196239	3.361297296495439	3.616189217863831	1.2675649097987172	3.1132823954135507	3.659621888405267	3.4248933164941433	2.3932700461620673	3.7039793595703308	1.2369751824816733	0.0	2.705400591945151	1.6023725312358834	3.637394733717322	3.2825263529534525	0.6610860776365837	1.70579825552253	3.2540526076532683	2.944248655129517	3.6235598496390535	3.1451777519520907	2.980181521973662	1.1887155651794163	2.2962532943160294	3.8874293583567123	2.9500685073413093	2.6202655501814736	0.8329493400410966	1.8959752165460737	2.744701234427476	2.4538291263215095	2.3375166291741976	2.1371058379909647	2.0400510193189967	3.4385430850831837	3.323754057401459	3.644902717963065	2.7205023963652697	2.500558173363852	3.106121182581311	3.5928303544719413	3.6503308081547186	2.6432317474062117	1.5689766925408535	2.710939379480471	1.9824842958836564	2.767331875617424	2.0715366617008404	3.113689582883145	3.010460271740049	2.702359778235526
TL1a_FP_266	3.13090959804888	1.8969663404387618	2.3138346087704167	3.3406041513809734	2.9346719322363355	1.319724684878281	0.9861821706574981	0.6654644009489451	2.1318495682056318	1.7507111947003726	2.705400591945151	0.0	1.4879974392351178	1.3038753001018697	0.9079245185189193	2.3180713409487153	1.954622903314615	0.90836450552419	0.6092856727766708	2.0910873265258245	2.118308912745908	0.3947504235377688	2.1315500521151107	1.550513492426594	2.5569918862037198	0.37451136048739325	1.0235929406921584	1.9299829529619739	0.8531987734082336	0.5519621172164931	1.1819492259943238	1.52811832278983	2.360929354119776	0.8825384673156041	1.9670843890183427	2.0559112890150986	1.1120922889291311	0.5740027051070143	0.4267863479034937	0.6115749037912848	1.738613222090799	2.486723609759924	1.9763975946274202	2.2454021921715706	1.9499060635497636	2.0860985343053575	2.362989018844196	2.4249488072200633	2.543496407958765	1.8225488004386678	1.9627311214814098
TL1a_FP_197	2.0672507240043996	2.254405935531323	2.6249500357905995	2.6329370872904923	2.3342823669171406	2.7536802315133078	2.4293066813964446	1.055383209841056	2.6134662869759318	0.4917361707962103	1.6023725312358834	1.4879974392351178	0.0	2.7224914805062665	2.317911829727092	1.1896181925885887	1.1487788221193234	2.277288289706939	1.9789481293408266	2.5571596421089366	1.9577666497767228	1.8298146318721193	0.6714808576380631	1.2093596241529954	2.881512087681647	1.8383231102842603	1.6486932731984019	0.8099795384889505	0.7595712931374983	1.2998420190468745	1.3308075204267338	1.4297218631937363	1.4660350039067969	1.0487714171181217	2.4284742456399995	2.2968787732062257	2.544845239444207	1.2715092611246606	1.1399234821691564	2.0324850686125027	2.548482160127961	2.592992298148444	1.7731309572390934	1.5606923708231488	1.6911718901576223	1.5696521192943982	1.9338881250563331	1.523028471988673	2.263177526358517	2.013419018904186	1.830126538412101
TL1a_FP_159	4.039574865121512	2.306532819860207	2.596774481219799	3.904956064507903	3.744706613589384	0.29428858001302516	0.3250470022124058	1.8060287628917415	2.358717267698042	2.931257987572505	3.637394733717322	1.3038753001018697	2.7224914805062665	0.0	0.6837362320581554	3.284861785962176	2.8788493792131864	0.874901545681445	0.8112855966965815	2.327084599620604	2.8940289541508637	0.9524925663424836	3.311570623954564	2.469495512172546	2.791389773400384	0.9671674992995956	1.5348002684455022	2.9710487288240612	2.0329469617607963	1.7846643807272489	2.002363445798571	2.269975625593549	3.3272870041348743	1.9854499339022573	2.2054796890895143	2.4747790788959585	0.5125516151740227	1.8158537470156562	1.7295407370610194	0.7234731005174957	1.7082792702691627	2.949709227953145	2.6609037255933745	2.9910502081093866	2.730332950212866	2.8165428449274867	3.121288460625568	3.3644955042422815	3.192039303453742	2.324545825423279	2.6053391548875795
TL1a_FP_132	3.6312037898189056	2.4767687579722786	2.8400857157561785	3.7080974663362714	3.738528690006337	0.5228201095579983	0.4876465193930115	1.5448713971414567	2.614813232050273	2.47763195467127	3.2825263529534525	0.9079245185189193	2.317911829727092	0.6837362320581554	0.0	2.991591431953673	2.729662545951716	0.1974690199549957	0.3936826039476911	2.5795784966217443	2.892722763774952	0.7302568130169392	2.9330292166775584	2.364911867330907	3.061653634827786	0.5404543455197082	1.5696676677453523	2.6081900118963994	1.5860720383298967	1.3518230708959007	1.9360759824074354	2.2457563955219495	3.1967600758462393	1.4426744499464415	2.4533553656372664	2.6491532778758455	0.8262234959594909	1.375973342882555	1.2874453360392433	0.6230000850446102	2.0454203379214064	3.1152035438942898	2.6963427720182445	2.898262645758049	2.722637005844454	2.7781509352706446	3.1317145531216544	3.243842938036869	3.268208413933442	2.450061024734301	2.6619807929773693
TL1a_FP_130	1.288676269034778	2.7282133121939176	2.973720652479738	1.5523599814646272	2.476920674048904	3.347817828369105	3.0604497415066367	1.8961446010181011	3.073545528923021	1.0121747986386755	0.6610860776365837	2.3180713409487153	1.1896181925885887	3.284861785962176	2.991591431953673	0.0	1.0457705366063326	2.987249263564512	2.621083135853328	2.9941196648591717	2.497730773001835	2.571971755920242	0.8094514205372166	1.6610680743620265	3.2407081755712226	2.5954216891478303	2.0883243445941058	0.493933630407315	1.559660342016914	2.3463403664302085	1.861572166209329	1.712323666557536	1.4984226621901544	1.8130906331117884	2.8165013654486657	2.681017834096584	3.2268634276367267	2.3255537742294363	2.113083545282191	2.707771595190405	3.0156406575046653	2.992990291485586	1.9885212671937804	0.9786052979482	2.055097845130706	1.346147720541471	2.107540698124323	1.4338544391726271	2.4538640936910974	2.3742749587815952	2.050765365763987
TL1a_FP_90	2.331445619286106	1.7360910066002941	1.957683287530308	2.3264196238404886	1.555192250545032	3.014679023758136	2.650391048439149	1.3575498925775382	2.0821107461055015	1.3966739407542894	1.70579825552253	1.954622903314615	1.1487788221193234	2.8788493792131864	2.729662545951716	1.0457705366063326	0.0	2.7713124701458702	2.3384014918878595	2.005942932866005	1.4954338075572913	2.1255496312458657	1.1254034028308049	0.7167337489417749	2.2146226234426396	2.2570831277955468	1.4086689555711072	1.12642006892997	1.4858100073842637	1.9679381320405585	1.0404701493357076	0.7889756117320446	0.6559786729051877	1.8643089068235654	1.8489748759235864	1.6661979227299168	2.6974079299344926	1.958254625166464	1.7929209631333187	2.264498796156792	2.148715130293781	1.9492431111051765	0.9519662564545841	0.5885615777573783	1.0212712146634197	0.47228689753392733	1.0829671540142936	0.6170852743037696	1.4235916066564982	1.3804691898265347	1.0220180558137748
TL1a_FP_195	3.579988526239427	2.5914800090700947	2.9687745008952144	3.725292707752268	3.804687773116475	0.6879831967360519	0.6757334160503378	1.5664032497177793	2.744691952120657	2.418371598253439	3.2540526076532683	0.90836450552419	2.277288289706939	0.874901545681445	0.1974690199549957	2.987249263564512	2.7713124701458702	0.0	0.47680946426874987	2.7102921204289907	2.9606462814172145	0.8107381311608095	2.897573587191165	2.4192692971995418	3.1926993561640646	0.5715147301485786	1.6788414676783137	2.5831947591905235	1.5432539891884536	1.302898814129448	2.0082012600401438	2.326096201475074	3.2365544206566574	1.3591909385091192	2.5870435074288918	2.7651886333550544	0.9885612173199461	1.3238013095686314	1.2459822188202136	0.7538194431595213	2.1982382539411955	3.222443217544333	2.784362591274156	2.9563451821296223	2.796677903194911	2.851100598009049	3.208147419867815	3.2871018210886738	3.358900826954637	2.559668250253189	2.755564383997295
TL1a_FP_158	3.328492396237153	2.1964113150478553	2.566724879218386	3.387872344607051	3.3880971784517686	0.7798733204730627	0.5443096512500709	1.1976483555400896	2.3700677505878684	2.1542565575603714	2.944248655129517	0.6092856727766708	1.9789481293408266	0.8112855966965815	0.3936826039476911	2.621083135853328	2.3384014918878595	0.47680946426874987	0.0	2.325838885959789	2.5813068103703625	0.461883475139529	2.5809638611647454	1.9964901046411792	2.8058645797218573	0.29374886350778984	1.2166753323477948	2.252637583498175	1.2544031906454784	1.1301276738802355	1.5741110005811398	1.8722509045464715	2.8174667057688856	1.1751171512451655	2.1823946144146324	2.3536637291211675	0.8561030834736125	1.1526078257054633	1.0077736473038459	0.4058631421030632	1.8314125534902712	2.831459028778907	2.338469261601091	2.5067999711759286	2.3736129382769815	2.3892247828881943	2.7748192675217465	2.859965269331275	2.9285037976556003	2.1288701699558263	2.3083574003879095
TL1a_FP_231	4.230100017298133	0.3183280074129495	0.3076771844223284	4.000908103143542	1.8157832526831073	2.5805022645164395	2.202201574021688	1.7495151286567647	0.09529289374901988	2.987069981179798	3.6235598496390535	2.0910873265258245	2.5571596421089366	2.327084599620604	2.5795784966217443	2.9941196648591717	2.005942932866005	2.7102921204289907	2.325838885959789	0.0	1.1001333159582496	1.9325327571430764	2.929388309714704	1.4270311333653678	0.4824451319192141	2.2138878852393793	1.3174648285223183	2.9176775724255952	2.4483991343050264	2.1977684466081246	1.2722325635542182	1.2870465047278405	2.0107571209518054	2.745586706159697	0.23457363336465895	0.38563045443449107	1.9589114551506746	2.220770353751076	2.2017008596604297	1.9630906407714144	0.6529270511036857	0.6877157284044542	1.1069679171244229	2.2531549794483077	1.1392311595515148	1.7876536873698348	1.3609612515408473	2.0646919540100357	1.1913955307584656	0.6257228881963887	1.0257378268570825
TL1a_FP_284	3.74696572112522	0.8366642097957088	1.0441924316011255	3.799362797695367	1.0095398548285948	3.0821960947853784	2.6658250018618426	1.5432724086506533	1.1139765180392371	2.4245860520384954	3.1451777519520907	2.118308912745908	1.9577666497767228	2.8940289541508637	2.892722763774952	2.497730773001835	1.4954338075572913	2.9606462814172145	2.5813068103703625	1.1001333159582496	0.0	2.16277665816223	2.2199359925561106	0.9271202761981688	1.180208199096215	2.394546675163454	1.567680178992858	2.436021707459831	2.1676264553493327	1.982685895185396	1.1339649938585505	1.1140305201953629	1.221867829917012	2.5178757635039943	1.1349162260447725	0.8091941853902481	2.497874331900559	1.9891395260083315	2.0064964450903346	2.3029945095051896	1.5727520673791495	0.741703129473783	0.798204382807282	1.9537839838654727	0.5291508454231387	1.4968713027379867	0.7182532245054914	1.3343252296924866	0.7189429702970845	0.830978321125202	0.8165808496064078
TL1a_FP_267	3.422017315935261	1.7905049299721976	2.181406959503321	3.5015359696933244	3.018989374769054	1.0201262516010905	0.6380142087268261	0.8871503407038908	1.9701312701419271	2.1029671140166246	2.980181521973662	0.3947504235377688	1.8298146318721193	0.9524925663424836	0.7302568130169392	2.571971755920242	2.1255496312458657	0.8107381311608095	0.461883475139529	1.9325327571430764	2.16277665816223	0.0	2.4540454815453745	1.6733962293309612	2.4125989478748804	0.28326305032215054	0.9399179070982967	2.221626831460278	1.2022245418144724	0.8701628639111598	1.2403271721403295	1.579045016011895	2.5300204584450334	1.237449706937506	1.809607689252916	1.9631305846426603	0.7287668968945274	0.9008534935109741	0.806439886437351	0.2352950048916968	1.4863338143109437	2.416686440724468	2.0030835747075932	2.371786496870634	2.0066056188408004	2.1752492954680633	2.4236803313965023	2.5882794699234597	2.5572814948972664	1.7590687535412992	1.9711229431636481
TL1a_FP_269	1.6675658875783819	2.624955015012938	2.933529682738011	2.3297859251148534	2.3013651840464076	3.3540729413373516	3.0349996739927936	1.6586386405371538	2.991959624725763	0.6079593006753113	1.1887155651794163	2.1315500521151107	0.6714808576380631	3.311570623954564	2.9330292166775584	0.8094514205372166	1.1254034028308049	2.897573587191165	2.5809638611647454	2.929388309714704	2.2199359925561106	2.4540454815453745	0.0	1.502995197856165	3.18361369571374	2.4706393010366416	2.1186981081071	0.6552590186635282	1.3545137648102668	1.9700430985755837	1.7626857691074715	1.7231229291230241	1.3526694509326584	1.6151003832945103	2.7956904877442774	2.6138096363925785	3.1585406554200435	1.9418678362292783	1.8060679401659632	2.642190640900998	3.006693917435662	2.855803045901216	1.9663793418626252	1.4404869399894027	1.9086991172963035	1.584074326426737	2.0146349959773113	1.3694232736234393	2.3737634255008033	2.3338246971612953	2.0416469262297228
TL1a_FP_288	2.897041187850166	1.1250994965698444	1.441532664540322	2.94640081412439	1.4318757304203769	2.6247451144825864	2.224318146288449	0.9055313270748417	1.490858048720333	1.6276720222326972	2.2962532943160294	1.550513492426594	1.2093596241529954	2.469495512172546	2.364911867330907	1.6610680743620265	0.7167337489417749	2.4192692971995418	1.9964901046411792	1.4270311333653678	0.9271202761981688	1.6733962293309612	1.502995197856165	0.0	1.6994191165016919	1.8577300434094215	0.985681610459437	1.5639554379037548	1.3751509981617398	1.5212758333709804	0.4701574888828192	0.38914797004652113	0.8798320991936839	1.7554727267858903	1.3010752528444207	1.1171795975358854	2.189845522702156	1.520621045055235	1.4195444049706538	1.8255468496583043	1.584493958508463	1.428457947913056	0.58523771655119	1.197929731840731	0.5244228620056588	0.8270038785085059	0.8575826037907033	0.9507966192245141	1.1290884417347815	0.8386309623640246	0.6343696000500277
TL1a_FP_87	4.5083692745582296	0.6791592136996993	0.2878273586524087	4.234474988079711	1.683114982944041	3.050877008136403	2.678901825437587	2.1679646606274705	0.4578788505721329	3.3155738421888477	3.8874293583567123	2.5569918862037198	2.881512087681647	2.791389773400384	3.061653634827786	3.2407081755712226	2.2146226234426396	3.1926993561640646	2.8058645797218573	0.4824451319192141	1.180208199096215	2.4125989478748804	3.18361369571374	1.6994191165016919	0.0	2.6931689910644434	1.7559972249289522	3.2200868224632995	2.8579174281976485	2.62959509319548	1.6502866917908314	1.5887966022061173	2.103457244004563	3.175074407844791	0.6442052874005249	0.5932662037793123	2.4270646634876862	2.650355929727604	2.6387618738460343	2.445325038609089	1.0893892432104308	0.49309110653443516	1.264297687060555	2.4417663784167623	1.2914673560140943	1.9632977203055175	1.3714407708359762	2.150821051808067	1.0938046733248734	0.9125363354187565	1.193202410540551
TL1a_FP_196	3.3505558209487574	2.0644657259439017	2.459440210692713	3.4895996985504625	3.234504728921384	0.9520441660665254	0.6519681329025836	1.0116807377531516	2.2518602754548502	2.0605553515755	2.9500685073413093	0.37451136048739325	1.8383231102842603	0.9671674992995956	0.5404543455197082	2.5954216891478303	2.2570831277955468	0.5715147301485786	0.29374886350778984	2.2138878852393793	2.394546675163454	0.28326305032215054	2.4706393010366416	1.8577300434094215	2.6931689910644434	0.0	1.1656340116379298	2.21216324073797	1.1511406701063196	0.8603266753429308	1.447653097124485	1.7812103634225154	2.6888931791727244	1.097885087522817	2.088667713669739	2.233760693784619	0.851016226934547	0.8860694151161069	0.7811423215298213	0.37483193715259966	1.765807121398038	2.6850199736507987	2.2292969220674785	2.4922202954675203	2.2291256068870986	2.34085602656403	2.643543325746522	2.7454830599292985	2.797990532727211	2.018492486268622	2.2036260571309874
TL1a_FP_131	3.1689212211507516	1.1456231166860633	1.4818770398084358	3.025360564098817	2.270726925541323	1.7219526559678686	1.3366299717913919	0.7775383211456524	1.388852414003533	1.9730087652084414	2.6202655501814736	1.0235929406921584	1.6486932731984019	1.5348002684455022	1.5696676677453523	2.0883243445941058	1.4086689555711072	1.6788414676783137	1.2166753323477948	1.3174648285223183	1.567680178992858	0.9399179070982967	2.1186981081071	0.985681610459437	1.7559972249289522	1.1656340116379298	0.0	1.8942118352372521	1.287345139341876	1.3358544545039537	0.536222493942881	0.7360914756197778	1.8155523192588494	1.5503542893726416	1.1258761720293529	1.2386935652261468	1.329850388125972	1.35420061733681	1.1924559571349773	0.9961943722189746	1.0269602517290306	1.7490774959453204	1.159774326000525	1.5960577300527015	1.2596713980323018	1.322662396807814	1.6266778768192298	1.8456463645176016	1.7574976375576066	0.9651251580524157	1.117827811096654
TL1a_FP_270	1.3637218372252442	2.64071361715884	2.945817718834054	1.8341973009836008	2.5997689079569684	3.0049455735332935	2.7268628181594576	1.5727196692224121	2.9918620169639727	0.5629713464554646	0.8329493400410966	1.9299829529619739	0.8099795384889505	2.9710487288240612	2.6081900118963994	0.493933630407315	1.12642006892997	2.5831947591905235	2.252637583498175	2.9176775724255952	2.436021707459831	2.221626831460278	0.6552590186635282	1.5639554379037548	3.2200868224632995	2.21216324073797	1.8942118352372521	0.0	1.1195543048737795	1.9346353993073393	1.6895389042279167	1.6436670478649442	1.6185486145837213	1.3434774162633007	2.744872329173588	2.6353410642493227	2.910751036808173	1.9111929405385677	1.698610338439846	2.3723412588606836	2.8757408610476625	2.9771726717129257	2.0043178485768425	1.2229916178106324	2.0337134396160557	1.4824469381077883	2.180788071568639	1.5965525368135385	2.5270811916563085	2.319733413232829	2.060463182004162
TL1a_FP_160	2.311777069245021	2.1889222319654307	2.5882606475417074	2.6975107319845106	2.751989640771037	2.0342514786394	1.7467132977817312	0.7381238812271288	2.506271505618114	0.9107229992470656	1.8959752165460737	0.8531987734082336	0.7595712931374983	2.0329469617607963	1.5860720383298967	1.559660342016914	1.4858100073842637	1.5432539891884536	1.2544031906454784	2.4483991343050264	2.1676264553493327	1.2022245418144724	1.3545137648102668	1.3751509981617398	2.8579174281976485	1.1511406701063196	1.287345139341876	1.1195543048737795	0.0	0.883622840096187	1.2207478130247906	1.437320241199383	1.9561050342898558	0.38964949767650037	2.2971220783886634	2.280033557548057	1.9269208550847283	0.8642541174611762	0.6172221067269199	1.3842566909835268	2.247847143255951	2.682440766767701	1.9113944917128276	1.7701673410188765	1.8882045677222439	1.75803688674859	2.2246184446146344	2.001210980306761	2.502517069861052	1.984755135714184	1.9341677158421922
TL1a_FP_194	3.161922754026745	1.9622899659860398	2.404345892314873	3.558327652757081	2.808413209731284	1.7841331818884436	1.459650815511397	0.6761534266893626	2.2258617314919076	1.6245153394143683	2.744701234427476	0.5519621172164931	1.2998420190468745	1.7846643807272489	1.3518230708959007	2.3463403664302085	1.9679381320405585	1.302898814129448	1.1301276738802355	2.1977684466081246	1.982685895185396	0.8701628639111598	1.9700430985755837	1.5212758333709804	2.62959509319548	0.8603266753429308	1.3358544545039537	1.9346353993073393	0.883622840096187	0.0	1.2730836306086197	1.63406610007826	2.258433953830856	0.9387742004007652	2.113825632145791	2.1248854987768264	1.5051507208431567	0.037928584029655085	0.2888936233558893	1.1013940511263014	1.979288937529707	2.4702166529737313	2.015893676208091	2.373639587329965	1.907713427070229	2.1914332429508803	2.317510852377603	2.3499270640133476	2.5144825822601744	1.915245533333158	2.0204478772708394
TL1a_FP_286	3.031942959068278	1.0016513315772897	1.3758178130288485	3.0225008972117453	1.8189984996487067	2.165833790473275	1.7636900788162568	0.6256447422410175	1.33899158357588	1.730872075011334	2.4538291263215095	1.1819492259943238	1.3308075204267338	2.002363445798571	1.9360759824074354	1.861572166209329	1.0404701493357076	2.0082012600401438	1.5741110005811398	1.2722325635542182	1.1339649938585505	1.2403271721403295	1.7626857691074715	0.4701574888828192	1.6502866917908314	1.447653097124485	0.536222493942881	1.6895389042279167	1.2207478130247906	1.2730836306086197	0.0	0.3858225992629412	1.3405976468706327	1.5635703804579275	1.1174098632969254	1.0649849671114502	1.7282328620158642	1.2819031060154975	1.1606235505842417	1.373874077425208	1.2450429468398772	1.4958202795683089	0.7955974192652693	1.396454740472712	0.8100166429258532	1.0564008850909115	1.203289077883603	1.3961051846441133	1.3913087145054848	0.7640955145522942	0.7875469561436245
TL1a_FP_232	2.944522661226325	1.0289152830677977	1.308332852966042	2.826358241527346	1.5979690723727555	2.4491415275598385	2.059096823510011	0.9677841813239332	1.3665595496806655	1.793726669135557	2.3375166291741976	1.52811832278983	1.4297218631937363	2.269975625593549	2.2457563955219495	1.712323666557536	0.7889756117320446	2.326096201475074	1.8722509045464715	1.2870465047278405	1.1140305201953629	1.579045016011895	1.7231229291230241	0.38914797004652113	1.5887966022061173	1.7812103634225154	0.7360914756197778	1.6436670478649442	1.437320241199383	1.63406610007826	0.3858225992629412	0.0	1.0996643507390538	1.8024203622823316	1.1120125210355256	1.0066410473658414	2.033381351477985	1.6394397805808438	1.4983513144960028	1.689180834634816	1.3617984510191499	1.4220569763710191	0.5203002833485697	1.0892370302310492	0.6502897015764475	0.6948710287604984	0.9529441374841346	1.124453657328914	1.1663011670014036	0.6823051772815245	0.5234541334746439
TL1a_FP_233	2.743380336643999	1.735728038474011	1.8993915979827074	2.826153907412814	0.9899945699256889	3.477971524053316	3.086556462804802	1.703868477151873	2.0699143272161575	1.7782811443089697	2.1371058379909647	2.360929354119776	1.4660350039067969	3.3272870041348743	3.1967600758462393	1.4984226621901544	0.6559786729051877	3.2365544206566574	2.8174667057688856	2.0107571209518054	1.221867829917012	2.5300204584450334	1.3526694509326584	0.8798320991936839	2.103457244004563	2.6888931791727244	1.8155523192588494	1.6185486145837213	1.9561050342898558	2.258433953830856	1.3405976468706327	1.0996643507390538	0.0	2.3401963249326156	1.9159699638148786	1.6315260389956643	3.0676840315387732	2.2481926030019994	2.152955278117	2.6868013396872734	2.3341615065493913	1.731507825613156	0.9452430471832546	1.0938337347565013	0.8866758867566331	0.8556605751227718	0.754911993496784	0.15480526387787424	1.1056548828763562	1.4389448645685283	1.039236619086115
TL1a_FP_268	2.3683748562624607	2.5012021516792564	2.908824206408325	2.8252280365781135	3.1353999318240175	1.9308432834324385	1.7059284082241226	1.0271671201940946	2.7997185178839086	1.077732317749334	2.0400510193189967	0.8825384673156041	1.0487714171181217	1.9854499339022573	1.4426744499464415	1.8130906331117884	1.8643089068235654	1.3591909385091192	1.1751171512451655	2.745586706159697	2.5178757635039943	1.237449706937506	1.6151003832945103	1.7554727267858903	3.175074407844791	1.097885087522817	1.5503542893726416	1.3434774162633007	0.38964949767650037	0.9387742004007652	1.5635703804579275	1.8024203622823316	2.3401963249326156	0.0	2.596984948141884	2.609646205203218	1.9368918019592225	0.9189758192428225	0.7015696748953798	1.4010982568366188	2.482562980853766	3.0216955248730235	2.2853971715294317	2.1107113655097574	2.262004380462762	2.1288979758459163	2.6088144940247666	2.3848434164922	2.8793349869260623	2.322139883214844	2.3031084429193713
TL1a_FP_285	4.043497665856062	0.32039111336784176	0.3978702822214162	3.783886074724555	1.8224587280438758	2.4602614195043793	2.0815586891143107	1.6229025119801974	0.327342662528168	2.8405160173711383	3.4385430850831837	1.9670843890183427	2.4284742456399995	2.2054796890895143	2.4533553656372664	2.8165013654486657	1.8489748759235864	2.5870435074288918	2.1823946144146324	0.23457363336465895	1.1349162260447725	1.809607689252916	2.7956904877442774	1.3010752528444207	0.6442052874005249	2.088667713669739	1.1258761720293529	2.744872329173588	2.2971220783886634	2.113825632145791	1.1174098632969254	1.1120125210355256	1.9159699638148786	2.596984948141884	0.0	0.3621851851114302	1.8695627983283694	2.136186769390491	2.0895479547402873	1.834914913557259	0.5662210476372993	0.8146982424999399	0.9839729058690542	2.06394597918761	1.0654639400696497	1.6110564951262758	1.3044000447946116	1.958870454350267	1.1786093116218186	0.48559020606989695	0.8957965268748839
TL1a_FP_85	3.939201996155087	0.23033317195762162	0.3286948555364778	3.7378913404366196	1.4670198590948094	2.7135438033677843	2.3180439418127565	1.6092973373725719	0.44834346117011764	2.7252585707169157	3.323754057401459	2.0559112890150986	2.2968787732062257	2.4747790788959585	2.6491532778758455	2.681017834096584	1.6661979227299168	2.7651886333550544	2.3536637291211675	0.38563045443449107	0.8091941853902481	1.9631305846426603	2.6138096363925785	1.1171795975358854	0.5932662037793123	2.233760693784619	1.2386935652261468	2.6353410642493227	2.280033557548057	2.1248854987768264	1.0649849671114502	1.0066410473658414	1.6315260389956643	2.609646205203218	0.3621851851114302	0.0	2.1226472100287577	2.1423735369136474	2.10562093106734	2.02630232832016	0.9054538874911043	0.5327048113863081	0.7390127117467739	1.9369937831038957	0.7718207453554848	1.4575549648839796	0.9774661912494633	1.6841091100069514	0.8363887580951079	0.32931381258957143	0.6636455500694205
TL1a_FP_127	4.089703201983759	1.9309454678203624	2.2467102081191843	4.030510810652365	3.4045478398338433	0.6901561221067118	0.3923772878348081	1.5441498328753365	1.9784843385575286	2.827447367945599	3.644902717963065	1.1120922889291311	2.544845239444207	0.5125516151740227	0.8262234959594909	3.2268634276367267	2.6974079299344926	0.9885612173199461	0.8561030834736125	1.9589114551506746	2.497874331900559	0.7287668968945274	3.1585406554200435	2.189845522702156	2.4270646634876862	0.851016226934547	1.329850388125972	2.910751036808173	1.9269208550847283	1.5051507208431567	1.7282328620158642	2.033381351477985	3.0676840315387732	1.9368918019592225	1.8695627983283694	2.1226472100287577	0.0	1.5408106562929802	1.511305049860616	0.5532383894223794	1.377357473713444	2.5609708608434736	2.376989753964698	2.895065621202878	2.404960111852899	2.6524643302074824	2.8113556135103583	3.123162288711891	2.8620249194177196	2.004077519293922	2.321216633869797
TL1a_FP_193	3.135178317774205	1.9821213082342075	2.4242587894208856	3.5438841586559673	2.8066920634774317	1.813069062327945	1.490859159753564	0.680566306018022	2.2493535663406323	1.5940537170936393	2.7205023963652697	0.5740027051070143	1.2715092611246606	1.8158537470156562	1.375973342882555	2.3255537742294363	1.958254625166464	1.3238013095686314	1.1526078257054633	2.220770353751076	1.9891395260083315	0.9008534935109741	1.9418678362292783	1.520621045055235	2.650355929727604	0.8860694151161069	1.35420061733681	1.9111929405385677	0.8642541174611762	0.037928584029655085	1.2819031060154975	1.6394397805808438	2.2481926030019994	0.9189758192428225	2.136186769390491	2.1423735369136474	1.5408106562929802	0.0	0.2825187597873815	1.1321941706904042	2.008518631617618	2.4854360237161983	2.021828515955987	2.3663932838942667	1.911932010587364	2.189093530474419	2.319202757712148	2.339847490762496	2.520473945606667	1.9304600193783417	2.0280905492079153
TL1a_FP_265	2.9216334571963083	1.9614739142778406	2.3945010847960155	3.2797053849617535	2.777064512272964	1.7331203340220402	1.4101020318693502	0.5375784772393577	2.241342574643737	1.431306435038374	2.500558173363852	0.4267863479034937	1.1399234821691564	1.7295407370610194	1.2874453360392433	2.113083545282191	1.7929209631333187	1.2459822188202136	1.0077736473038459	2.2017008596604297	2.0064964450903346	0.806439886437351	1.8060679401659632	1.4195444049706538	2.6387618738460343	0.7811423215298213	1.1924559571349773	1.698610338439846	0.6172221067269199	0.2888936233558893	1.1606235505842417	1.4983513144960028	2.152955278117	0.7015696748953798	2.0895479547402873	2.10562093106734	1.511305049860616	0.2825187597873815	0.0	1.0331932965353252	1.9636051401168177	2.4882117998294317	1.9274720276054587	2.157077254649343	1.8545882971337286	2.0137844114124572	2.2541416558407215	2.229395223701561	2.4726449698672086	1.8625690013514737	1.9336249348509709
TL1a_FP_157	3.543259272933086	1.8547949500559162	2.2196351093322613	3.5511940529023467	3.155970655306244	0.8172562820990026	0.41972119442511613	1.0912014156579373	2.0011012576707383	2.2873364288449403	3.106121182581311	0.6115749037912848	2.0324850686125027	0.7234731005174957	0.6230000850446102	2.707771595190405	2.264498796156792	0.7538194431595213	0.4058631421030632	1.9630906407714144	2.3029945095051896	0.2352950048916968	2.642190640900998	1.8255468496583043	2.445325038609089	0.37483193715259966	0.9961943722189746	2.3723412588606836	1.3842566909835268	1.1013940511263014	1.373874077425208	1.689180834634816	2.6868013396872734	1.4010982568366188	1.834914913557259	2.02630232832016	0.5532383894223794	1.1321941706904042	1.0331932965353252	0.0	1.455338129619746	2.495120424822411	2.1082382004032962	2.467040181834054	2.136722844477376	2.2743501527805976	2.5467467835425333	2.7373889491592087	2.662134870456493	1.833190533943765	2.068080888440666
TL1a_FP_283	4.166011914564434	0.7626340163943345	0.9210789002677253	3.9039259125309704	2.3608392620710887	1.975996384600909	1.6240719245813473	1.5914994302638055	0.6855632706595834	2.9372065863824917	3.5928303544719413	1.738613222090799	2.548482160127961	1.7082792702691627	2.0454203379214064	3.0156406575046653	2.148715130293781	2.1982382539411955	1.8314125534902712	0.6529270511036857	1.5727520673791495	1.4863338143109437	3.006693917435662	1.584493958508463	1.0893892432104308	1.765807121398038	1.0269602517290306	2.8757408610476625	2.247847143255951	1.979288937529707	1.2450429468398772	1.3617984510191499	2.3341615065493913	2.482562980853766	0.5662210476372993	0.9054538874911043	1.377357473713444	2.008518631617618	1.9636051401168177	1.455338129619746	0.0	1.332098499197648	1.4239728666193894	2.3358932072506122	1.5029658084672255	1.9376159701453814	1.8100748894619387	2.3782017174266024	1.729056432400269	0.9245105311598798	1.3386409325461162
