	Mouse5A.FP28	Mouse3A.FP16	Mouse5A.FP26	Mouse7A.FP40	Mouse1A.FP05	Mouse6A.FP32	Mouse3A.FP17	Mouse7A.FP38	Mouse1A.FP02	Mouse2A.FP11	Mouse3A.FP18	Mouse6A.FP31	Mouse4A.FP22	Mouse1A.FP03	Mouse4A.FP23	Mouse1A.FP01	Mouse6A.FP35	Mouse2A.FP07	Mouse3A.FP13	Mouse1A.FP06	Mouse1A.FP04	Mouse2A.FP12	Mouse2A.FP10	Mouse7A.FP42	Mouse7A.FP41	Mouse3A.FP15	Mouse4A.FP20	Mouse5A.FP29	Mouse6A.FP34	Mouse6A.FP36	Mouse2A.FP09	Mouse5A.FP25	Mouse5A.FP30	Mouse7A.FP39	Mouse4A.FP24	Mouse3A.FP14	Mouse4A.FP21	Mouse2A.FP08	Mouse7A.FP37	Mouse6A.FP33	Mouse4A.FP19	Mouse5A.FP27	Mouse10A.FP110	Mouse10A.FP109	Mouse10A.FP111	Mouse9A.FP97	Mouse9A.FP98	Mouse8A.FP87	Mouse8A.FP85	Mouse10A.FP113	Mouse9A.FP102	Mouse9A.FP101	Mouse10A.FP112	Mouse8A.FP90	Mouse10A.FP114	Mouse8A.FP86	Mouse9A.FP99	Mouse8A.FP89	Mouse9A.FP100	Mouse8A.FP88
Mouse5A.FP28	0.0	0.772767751597045	1.7670437280804312	1.3457056327464492	1.0280778040628917	2.2053865208323815	1.3633796349634548	2.087622527595925	2.5499505574049053	0.77294999486225	1.3107985439580394	2.2535016072781535	0.8565728656897255	1.8430024932155615	0.5409092473854278	2.643502975494058	1.1761789023857365	2.1720461111851126	2.102772660512201	0.4510926101581634	0.7772892626313621	0.9049240014215594	0.7610902517202592	0.7496933431374239	0.5086452619934965	2.103670244154532	2.436042052840338	1.6354326827146042	0.9124669312475533	0.7216597371053171	2.535030099602727	1.2395028257436849	0.8398798687133066	2.282654450672941	0.5330297597575109	2.0452191798683197	2.520520463060864	2.3854441412387306	1.5668708995622271	2.2967811774335094	2.528155227662313	0.4483686998836731	2.109839565755169	2.2373907109596782	2.3844844955933913	3.75907921879064	3.4117186695465964	3.7079604055990583	3.735150627517973	2.203252005802644	3.7492665807664842	3.8066836761737104	1.9988174070873588	2.823954052825756	2.3393538905625983	3.7847950208366568	4.059724288236832	3.1925965419040376	3.240143548619761	2.522522884933001
Mouse3A.FP16	0.772767751597045	0.0	1.3896209345727688	0.5920550178470223	0.4180283220769476	1.7532825721842427	0.6930409757160972	1.6079524157660452	2.004163008612281	0.6713882109549066	0.6897057725331477	1.7636579605334295	1.008339783019329	1.2979053135374976	0.7684909257695228	2.142089006706601	0.5635165784205327	1.5655110717975997	1.5440417510860298	0.36890650193305086	0.3205733445970578	0.5499047073503565	0.5013777776785606	0.5016347787062759	0.3777367846175395	1.5284523196487871	2.0079284726640387	1.278761532304828	0.5220861937903573	0.6085450447419033	1.9316900116084437	0.715526404385961	0.6105832159650831	1.806279595002945	0.6466456992363219	1.489937616134564	2.1018408405823115	1.802050828180015	0.9827811222866529	1.8394216161271775	2.03782262592178	0.5281466313152287	1.4305146601932481	1.5401576428136432	1.7601921259039444	3.0595381254070744	2.7120424573847597	3.0274320944095074	3.0913364422792555	1.825541184374129	3.1669973787146004	3.233006973868981	1.357070311996414	2.3274113434669363	1.7515217612060134	3.1070559027969327	3.3851841165699454	2.4711121559141773	2.7239321430339127	1.9697536702955996
Mouse5A.FP26	1.7670437280804312	1.3896209345727688	0.0	1.1572186489226133	1.6375346687645649	0.4958340839125432	1.4259325092074164	0.40392718475614864	0.999415183801956	2.0477360239072016	1.0672088031804847	0.5744226064799511	1.1397475214300912	0.9037362943826306	1.4081719415720535	1.1324966124596514	1.7760146148792817	0.7705573463183584	0.6060051181100827	1.5656466356797283	1.6573830066941388	1.9078285359743072	1.8707931677311909	1.8686665294078557	1.698054472184465	0.6579909653330294	0.7281014463337737	0.1686130749254932	1.8195086881167457	1.9198890786384823	1.1943799701298454	0.6839926776881715	1.993854183418021	0.6087923467894091	1.2558032487703588	0.5564194621747496	0.8364522224815765	0.9038297985653574	0.5733411393290273	0.6168815695861505	0.890641006386574	1.3876677413613756	1.014788425844235	1.1308680866170615	0.975048277707816	2.8940503431138755	2.5212220202637035	2.7094967493938698	2.651465462521508	3.029015304645518	3.809034501835977	3.9359647613744975	0.7704110635397751	3.3145961882346056	2.659381839718686	2.7642285477681185	3.077647733605511	2.708039505451727	3.6410959295504406	2.8900119948067893
Mouse7A.FP40	1.3457056327464492	0.5920550178470223	1.1572186489226133	0.0	0.6331986749185718	1.3949511179463858	0.47820342141867395	1.238564864485765	1.543683892245582	1.1601485424626479	0.4349471392884009	1.368543729846255	1.2960725204433696	0.9224147721356833	1.1908676605157444	1.717299970869174	0.6898720926910515	1.0721263515360109	1.1000425210269917	0.9360979478896383	0.7761659634771764	0.9443015783599599	0.9766461449600984	0.9817548594345645	0.9601441746781397	1.0690188343771574	1.6503129442514695	1.0941706781861187	0.883034678777448	1.0886838638624081	1.4320793293368435	0.5477699560525572	1.0617982235443584	1.4199366078010947	1.0603136093456602	1.0548118330448564	1.746107638002057	1.3175190538362072	0.6054588176530051	1.4680324776169844	1.6232214503240752	1.0064654589236859	0.8780673006411335	0.9694494917190999	1.2408673473156997	2.5414739772432813	2.186898857528711	2.5022896652454465	2.580750144131962	1.8970679125687187	2.8950803132609138	2.9809308160344963	0.8430461753160455	2.2224541323163294	1.575954624607077	2.5811968708549076	2.868137631742905	2.0018184495932103	2.5746032221895323	1.816393745706244
Mouse1A.FP05	1.0280778040628917	0.4180283220769476	1.6375346687645649	0.6331986749185718	0.0	1.9210536649122973	0.4671219549207848	1.7809319656760754	2.0676597972489934	0.5957491490133706	0.6836745838479534	1.9117267171117145	1.2928555510101523	1.3001147787113536	0.9980106814485353	2.1920300030060056	0.204373558382817	1.6421204804394696	1.6571224993977942	0.5879089817177667	0.2568379479141016	0.34563560541560967	0.4123683690072478	0.418323995202931	0.5572240410194289	1.6262008975251738	2.1640228798546017	1.5571015553064715	0.25843384319022233	0.5043946213415118	1.9215693098206459	0.9686575060002952	0.49584727013062213	1.9491546907779442	0.9671025859588822	1.613557497008826	2.2471298743795622	1.861600720116375	1.1653746894322874	1.9862651271356826	2.1426541581085368	0.8016890468294138	1.4299188519981936	1.5258432719908677	1.803208337512705	2.8236992116942434	2.496000722378821	2.8268918244277734	2.915125069150465	1.4568457764148708	2.7732800071351686	2.837746797263402	1.435634178594015	1.9288333506855666	1.3629177728270827	2.9097939190184654	3.1685511260580648	2.180608078396884	2.3259047079074557	1.5711362052762905
Mouse6A.FP32	2.2053865208323815	1.7532825721842427	0.4958340839125432	1.3949511179463858	1.9210536649122973	0.0	1.6075246023827505	0.17274423076973736	0.5476331069403136	2.4043107659852123	1.2729697699218951	0.12606613654708868	1.5524043829909293	0.8572554415428356	1.8059377817529092	0.6824239646607039	2.040692477225076	0.548439680354718	0.3852016771600007	1.9557364379043696	1.9919098455280928	2.229251039887193	2.2157508727110593	2.214760123322985	2.0874619501885263	0.4481051557061532	0.270216859908078	0.6596364993217368	2.1251209139420784	2.261589864446485	0.8319946305111837	1.0486354228047485	2.3377143414615857	0.12686616508261916	1.686984835280923	0.39282300054894986	0.38759806243241474	0.5349386216774964	0.8186369722970211	0.1328787047853584	0.4027426652013861	1.7954152773669476	0.8914641339836644	0.9755191570737506	0.6638041023206707	2.5859183745759085	2.2239579844947706	2.36106121327673	2.2696254728430185	3.2182398514297006	3.736851980599887	3.883582105380889	0.7052286717534918	3.3963760338479516	2.7421425863934132	2.4059632833642826	2.718192981636596	2.5506280103065118	3.6832393474021146	2.963009702298793
Mouse3A.FP17	1.3633796349634548	0.6930409757160972	1.4259325092074164	0.47820342141867395	0.4671219549207848	1.6075246023827505	0.0	1.4792633648061513	1.6675762034356216	1.055770219706879	0.37317795095348744	1.5809795834667346	1.3445134196613076	0.8947049507986293	1.154078608383507	1.7821373065781554	0.5380360644892381	1.2729408399099127	1.3100018137296365	0.9168509684002997	0.679515492139516	0.8041230340831013	0.8691436312827927	0.8728879384920538	0.9608992102646233	1.2688448037509847	1.8321502701239583	1.3897499713270196	0.682213693141858	0.9184390022909202	1.4851109442463442	0.8462193313562902	0.9602085175753136	1.611944970341867	1.127114571706399	1.2778166030329439	1.904757470122239	1.4671137821911815	0.9350586089126754	1.6514123034121915	1.7689654587377233	1.0135788371949732	1.0323392979253463	1.1303447337828796	1.407806811427724	2.404631012830189	2.0657578315089076	2.3828971783234714	2.4561942340029854	1.636852487442926	2.595091900854605	2.6924054076949853	1.0901020793712983	1.9341101133531435	1.308813462032838	2.4640261952117117	2.7294259548925255	1.8497385686523196	2.291478348776501	1.525294310033954
Mouse7A.FP38	2.087622527595925	1.6079524157660452	0.40392718475614864	1.238564864485765	1.7809319656760754	0.17274423076973736	1.4792633648061513	0.0	0.6128645698972784	2.2646206028995826	1.1487748189867435	0.18407782855887886	1.4802774312073248	0.7938877870030021	1.711707055603058	0.7874209332230155	1.8953169192907722	0.45538038279263643	0.28295260912918235	1.826974474335714	1.8539574709524402	2.088462935619476	2.0767138613096363	2.0762811267225847	1.949599567596771	0.34944595154613317	0.44050823821808455	0.5523154686582228	1.9906165144918033	2.131853223014125	0.8411639091826225	0.9022055188323136	2.1953109154029553	0.24408868528803968	1.5791458028887904	0.26694963370657554	0.557909390778725	0.5264052098941712	0.6558133696268191	0.28489524758901724	0.5263064553537555	1.6812798068582882	0.7826139980896946	0.8728821802612831	0.6168283494581502	2.568352454952684	2.2011811605310845	2.364588777811081	2.2986159089716622	3.0805206954486346	3.6510046008674797	3.790311390802304	0.567032442853707	3.273975015635838	2.6160716762974654	2.4145123845743734	2.7292402267114304	2.47260153827393	3.5673767122886955	2.841717654253564
Mouse1A.FP02	2.5499505574049053	2.004163008612281	0.999415183801956	1.543683892245582	2.0676597972489934	0.5476331069403136	1.6675762034356216	0.6128645698972784	0.0	2.6167674461202513	1.404277142523066	0.4509336117611467	1.9446657191329946	0.8437813784571387	2.134769717195802	0.28166382016439245	2.157759815751706	0.5035954832903015	0.5043419356480513	2.234310358867601	2.195315628312213	2.404146671594259	2.4209497742108668	2.4216030704240348	2.3552596426119146	0.5050191640868744	0.5110586236582843	1.1520700546543639	2.287663650473881	2.4648740613049482	0.3703931553454924	1.367286003517135	2.5357075566328033	0.42119453226834896	2.0478090606872072	0.5670508271309292	0.5172080755372744	0.24563174714374997	1.0907876587964105	0.44600925611467934	0.2417749454432169	2.1150487314873656	0.7682862723254753	0.7972042943967791	0.4036994256296289	2.0917191385155376	1.7434517733649242	1.841423420821372	1.7342300727269642	3.1993939422955955	3.4264303286818563	3.5906089320754324	0.7480236397597224	3.252347504981055	2.619656932420436	1.880297214492219	2.189710687035068	2.191377389088002	3.490673263453714	2.8214539707383204
Mouse2A.FP11	0.77294999486225	0.6713882109549066	2.0477360239072016	1.1601485424626479	0.5957491490133706	2.4043107659852123	1.055770219706879	2.2646206028995826	2.6167674461202513	0.0	1.2235852919082753	2.4130338908229167	1.4142114415739913	1.844656948920581	1.031574956496473	2.7347456779716333	0.6255398540033205	2.1894770504390113	2.1829283437338707	0.5518311397934919	0.42210178339558946	0.2663480123734704	0.1965165518949303	0.19640201310371694	0.39389980874257136	2.1608051433100917	2.6512282785160317	1.9370002810427147	0.38968828061003247	0.2554707845465096	2.4983768660578454	1.3812610160549916	0.1217877818919788	2.450638002594104	1.0357114044668456	2.132989737230837	2.737553935197949	2.416048026725996	1.643115591047288	2.4819688049783943	2.6662484820651087	0.8423843220868882	2.0058093631213425	2.1041038810384123	2.3669255339938866	3.3829284224479497	3.067540189927463	3.4037000838940776	3.495844688283269	1.4368520491318268	3.085672354000463	3.1177005943290887	1.9800798788992122	2.085675768390624	1.6507430622599824	3.487425961997654	3.7369215920978327	2.6843468648430586	2.5058305985705682	1.8184056972662843
Mouse3A.FP18	1.3107985439580394	0.6897057725331477	1.0672088031804847	0.4349471392884009	0.6836745838479534	1.2729697699218951	0.37317795095348744	1.1487748189867435	1.404277142523066	1.2235852919082753	0.0	1.262197747620568	1.0835733533816851	0.6282577229436331	0.9995557703077428	1.515138749142607	0.8166506751539817	1.0189842418294748	1.0164007474394747	0.9067299877179098	0.8037028664450246	1.0104307831229453	1.0271669329182214	1.027458355062747	1.009202415172449	0.9864063312922974	1.501102414102663	1.037045495457182	0.8857213328272933	1.0650529705557046	1.2873897059140607	0.535893693109469	1.1455085034455819	1.2903011381737899	0.9435492340157926	0.9778458702121948	1.5765469013186038	1.2155058337397344	0.6327715530323911	1.3241552836258923	1.4703470834862007	0.8942405246097169	0.8660754358748509	0.9969469063546718	1.1874634307325571	2.4862450940690306	2.1267091108810354	2.4103881054827445	2.4389086858352518	2.0032782582414854	2.9048958121225135	3.0157179962361993	0.8541599070362594	2.301665068972808	1.6693649191381854	2.485669495330707	2.7700820447003203	2.047705919566936	2.6506647053254495	1.8873688688725325
Mouse6A.FP31	2.2535016072781535	1.7636579605334295	0.5744226064799511	1.368543729846255	1.9117267171117145	0.12606613654708868	1.5809795834667346	0.18407782855887886	0.4509336117611467	2.4130338908229167	1.262197747620568	0.0	1.6293557235732086	0.8275353295780347	1.8616770318164604	0.6264153990737283	2.0213068009703217	0.44625734833984815	0.3024954101902978	1.983587259453754	1.9978332309443538	2.2280384387976997	2.222517486748999	2.2222502398297848	2.1080356588167195	0.3614837284990181	0.30757869682778194	0.7302684626198238	2.124543073018314	2.273914776862606	0.7292549819276885	1.0675835277804426	2.3411725422047103	0.08472437429129442	1.7417693424078406	0.3258916985845092	0.416765480574086	0.4188233242929792	0.8092295515001099	0.14877965112626693	0.3473136805450568	1.8392054849274735	0.7982598928751048	0.871184206678967	0.5435915812364972	2.474049380747282	2.11273173847682	2.252017760076998	2.1691390819357608	3.175518130397059	3.648616700577461	3.795811293287068	0.626487007234219	3.330949542124524	2.6770796513155313	2.297349959106123	2.610729130655948	2.444243937366423	3.6092801775027783	2.8973110740697146
Mouse4A.FP22	0.8565728656897255	1.008339783019329	1.1397475214300912	1.2960725204433696	1.2928555510101523	1.5524043829909293	1.3445134196613076	1.4802774312073248	1.9446657191329946	1.4142114415739913	1.0835733533816851	1.6293557235732086	0.0	1.349979743587107	0.41719874164717424	1.9887946928245666	1.4920561297080333	1.6824488825440949	1.5625626853351473	0.8713530270266522	1.1525650913544974	1.3955200074447365	1.293129474302002	1.2831678891862919	1.0634078911379041	1.5807583601367596	1.7381841435609322	1.046033415447494	1.3086352104191286	1.24871537878793	2.0094623256513917	0.900599781782966	1.426689495849798	1.6373717023873755	0.4062875986663446	1.5108235036856539	1.8048960639924096	1.838899487566034	1.1833602356319077	1.6314396831495799	1.8692681573236782	0.5739038144004558	1.7393704043160447	1.8876530832331648	1.8950960589036971	3.4866945497507835	3.1223230433561775	3.3554845647635285	3.3087248138297003	2.697574990462798	3.891822707471037	3.996195683345012	1.5888448923612237	3.1716014130625525	2.6014103779001836	3.421056662218279	3.710247916009506	3.1252566111928175	3.558570593572521	2.8010282267377984
Mouse1A.FP03	1.8430024932155615	1.2979053135374976	0.9037362943826306	0.9224147721356833	1.3001147787113536	0.8572554415428356	0.8947049507986293	0.7938877870030021	0.8437813784571387	1.844656948920581	0.6282577229436331	0.8275353295780347	1.349979743587107	0.0	1.42264582090626	0.9065781291418229	1.4134933850315463	0.6255406449474554	0.6187970365319568	1.488911698155645	1.4267504466937844	1.6303769516708717	1.6490614642496404	1.6486016770544782	1.6177385122031898	0.5832200533899957	1.0184656116094082	0.977368753382856	1.4954128067311758	1.6675935091699492	0.7282990847197359	0.828115050109779	1.7695080289888385	0.8270261975936076	1.3833712692640079	0.6149310653546965	1.0643262285714412	0.7088678570840142	0.6990283584094322	0.8533413689963235	0.92569602251793	1.397495950913471	0.5902989657271188	0.7317238876441932	0.7400722190764454	2.1725914249934872	1.8037451227799042	2.0161934495696627	1.9747987528859237	2.4836157427494965	3.003431210125663	3.151711079399457	0.6204996498332059	2.63567066347709	2.0041092317417775	2.0797659926555805	2.3765105168369196	1.9817727270817576	2.9292117192801723	2.205931785106908
Mouse4A.FP23	0.5409092473854278	0.7684909257695228	1.4081719415720535	1.1908676605157444	0.9980106814485353	1.8059377817529092	1.154078608383507	1.711707055603058	2.134769717195802	1.031574956496473	0.9995557703077428	1.8616770318164604	0.41719874164717424	1.42264582090626	0.0	2.1915396390078787	1.195434950778352	1.8197057561618877	1.7336520394095347	0.5233981266736829	0.8200984942743827	1.0367318537642434	0.9263617750239118	0.9147885112672888	0.7216201388195974	1.7370429594894956	2.012681560817504	1.3081415827070089	0.9543672607176266	0.8551028076758478	2.1318148317366563	0.9669381235145462	1.057072846287044	1.8764281155443157	0.25928401066674955	1.6817176528095916	2.0827444035658096	1.9989552333271683	1.281723254087567	1.8815341796179956	2.101514102842892	0.25414756869821636	1.7943237621749097	1.9373416545369735	2.026582514134155	3.4462435328675576	3.0923615112922413	3.355638361518371	3.342480171728556	2.3337572637233794	3.64115473267911	3.7308192725411664	1.6869891149503713	2.850168876318604	2.3160961633235146	3.4272299848118575	3.7048864228467586	2.99263220147111	3.2484691793720777	2.5037610301134383
Mouse1A.FP01	2.643502975494058	2.142089006706601	1.1324966124596514	1.717299970869174	2.1920300030060056	0.6824239646607039	1.7821373065781554	0.7874209332230155	0.28166382016439245	2.7347456779716333	1.515138749142607	0.6264153990737283	1.9887946928245666	0.9065781291418229	2.1915396390078787	0.0	2.29433814954022	0.7436628765062118	0.7196511484840322	2.3395617092509484	2.313313487835158	2.5251912831595753	2.53885738123636	2.538388644325744	2.4760403270662272	0.7230006787271027	0.5647085637813221	1.2933240325363191	2.3964632636959373	2.563040730570818	0.47858629301892275	1.5190509094041715	2.6596419495560157	0.5648491882721921	2.1331119605070343	0.7765012033919693	0.5100840203575246	0.4988399871028729	1.277345575804301	0.5553970074093572	0.32051663841189804	2.2017819287984826	0.9768636677880895	1.0189251756714364	0.6583683181075273	2.1158050023836523	1.7810548960584314	1.837122056203058	1.6792568281106295	3.318402745829388	3.487610162834651	3.663540103550964	0.9780326911407886	3.357299341539806	2.7396083587139297	1.8687963137836543	2.166322475550038	2.2941802356649728	3.5897860685985474	2.929210680115011
Mouse6A.FP35	1.1761789023857365	0.5635165784205327	1.7760146148792817	0.6898720926910515	0.204373558382817	2.040692477225076	0.5380360644892381	1.8953169192907722	2.157759815751706	0.6255398540033205	0.8166506751539817	2.0213068009703217	1.4920561297080333	1.4134933850315463	1.195434950778352	2.29433814954022	0.0	1.7196370046837821	1.7529913058846462	0.7544565470830457	0.40630575625941795	0.36578316100328734	0.48061533845506577	0.4911228445706698	0.6792148728814291	1.7174737391092054	2.2858517777945946	1.697263893855674	0.34779971766550266	0.6011988522369718	1.990260512734909	1.106270439550673	0.508430850001215	2.0627622617976793	1.1562411499071101	1.7117764836080187	2.3708074766486904	1.9424767322647642	1.270460135701265	2.1045906584715994	2.2492153886136985	0.9909798093272356	1.4774881312990853	1.5565772720068416	1.8673091856631214	2.7787550691715666	2.4624767697936307	2.80746783358249	2.920536209194508	1.289932192521272	2.640554464387582	2.693395564501612	1.504053977384062	1.7641154023515566	1.201122309327377	2.892318376167086	3.1436613602223438	2.082560028005336	2.1623787333386812	1.4134596314525805
Mouse2A.FP07	2.1720461111851126	1.5655110717975997	0.7705573463183584	1.0721263515360109	1.6421204804394696	0.548439680354718	1.2729408399099127	0.45538038279263643	0.5035954832903015	2.1894770504390113	1.0189842418294748	0.44625734833984815	1.6824488825440949	0.6255406449474554	1.8197057561618877	0.7436628765062118	1.7196370046837821	0.0	0.18080704423077315	1.8346258170469383	1.774053835478434	1.976229109499573	1.9961834981741196	1.9981949253426032	1.9320013131474505	0.12620905768698937	0.7291773320979175	0.8745044225381903	1.8766875495708133	2.0639599467006553	0.5263761929978695	0.9502238231149046	2.1024125378218725	0.49474029198275055	1.7011141913094507	0.2160594202163079	0.8114629316332724	0.26715354686140114	0.6408598160199415	0.5605345824201783	0.6120401828507663	1.7523107032891074	0.3570805981931223	0.42709074928403834	0.22791984853299052	2.146581204774417	1.7766731680130416	1.9707006425978706	1.9484389861760738	2.802641481818573	3.2318763383319213	3.372286433997261	0.24569524399209414	2.9185281282664928	2.2651893374188314	2.027315679079189	2.343300943214068	2.022423923407831	3.1864748956528093	2.48597252357498
Mouse3A.FP13	2.102772660512201	1.5440417510860298	0.6060051181100827	1.1000425210269917	1.6571224993977942	0.3852016771600007	1.3100018137296365	0.28295260912918235	0.5043419356480513	2.1829283437338707	1.0164007474394747	0.3024954101902978	1.5625626853351473	0.6187970365319568	1.7336520394095347	0.7196511484840322	1.7529913058846462	0.18080704423077315	0.0	1.7915794669194565	1.7657638417978336	1.9831587623054692	1.9902262033204667	1.9911090223850345	1.901996119853437	0.06693822777120129	0.5970517149968669	0.7250405166053346	1.8813887543136125	2.0504357605392056	0.6202217363345488	0.8848203254268863	2.1031872792548993	0.3545443808924371	1.6131361231595132	0.06452176713637532	0.6903552501008169	0.32318779284725674	0.5932833103798527	0.4176652376904152	0.5394605550015396	1.6825837398399266	0.5079510043960943	0.5989788493681685	0.37163804864771716	2.3048439943588486	1.934902132826867	2.1170063981413247	2.0739591004444207	2.883506002139676	3.3768241855242955	3.5175685038176403	0.3332003457580193	3.033834611615288	2.378316204764231	2.171323946195028	2.4866756228142783	2.189861748732804	3.3142681753109686	2.6005986025515875
Mouse1A.FP06	0.4510926101581634	0.36890650193305086	1.5656466356797283	0.9360979478896383	0.5879089817177667	1.9557364379043696	0.9168509684002997	1.826974474335714	2.234310358867601	0.5518311397934919	0.9067299877179098	1.983587259453754	0.8713530270266522	1.488911698155645	0.5233981266736829	2.3395617092509484	0.7544565470830457	1.8346258170469383	1.7915794669194565	0.0	0.3528388214785911	0.5535089666136889	0.4331370116180241	0.42340094796501426	0.20648307692674894	1.7814466390631443	2.196099367522	1.4510235048342728	0.5212091392089152	0.434376813491822	2.175150181901458	0.9468904483311625	0.5589843196069032	2.01592279781734	0.488347332978887	1.7375098897132422	2.281369573197321	2.053279732227432	1.253354904685958	2.038785442743595	2.2467539332823985	0.29822643204161026	1.7252291542763085	1.8471953942570631	2.03448117429233	3.3188441485409315	2.974779823908667	3.28010910565957	3.3240568030592805	1.8950157260198637	3.3363569389703316	3.401047708017631	1.6480680190214567	2.4562786539362613	1.9314526259081473	3.3586772091981074	3.630678732338326	2.741631367583728	2.8650686270063064	2.1261984192363435
Mouse1A.FP04	0.7772892626313621	0.3205733445970578	1.6573830066941388	0.7761659634771764	0.2568379479141016	1.9919098455280928	0.679515492139516	1.8539574709524402	2.195315628312213	0.42210178339558946	0.8037028664450246	1.9978332309443538	1.1525650913544974	1.4267504466937844	0.8200984942743827	2.313313487835158	0.40630575625941795	1.774053835478434	1.7657638417978336	0.3528388214785911	0.0	0.2625839783429537	0.22680806580742474	0.22658298007946778	0.3087416671226072	1.7431139359592667	2.23693694602493	1.5591968274961132	0.21056603941428198	0.31717516408026214	2.08266843022988	0.9884740813976745	0.3559447649688872	2.0340969229411416	0.7935896651478495	1.7169483133406702	2.3220326807269545	1.9968772658842828	1.2404490164939947	2.0659068934721327	2.245530463443455	0.6101587498285277	1.6003442447773095	1.7066942768249822	1.952906022481957	3.0685009845682347	2.7365271365700012	3.060335512045514	3.134393772543877	1.5764011945785634	2.999786727151669	3.0589899643147254	1.5710705994101282	2.1136876633804733	1.5811931970620932	3.1420723174095984	3.40430932814791	2.4372552919577157	2.5205283998129437	1.7790419466092044
Mouse2A.FP12	0.9049240014215594	0.5499047073503565	1.9078285359743072	0.9443015783599599	0.34563560541560967	2.229251039887193	0.8041230340831013	2.088462935619476	2.404146671594259	0.2663480123734704	1.0104307831229453	2.2280384387976997	1.3955200074447365	1.6303769516708717	1.0367318537642434	2.5251912831595753	0.36578316100328734	1.976229109499573	1.9831587623054692	0.5535089666136889	0.2625839783429537	0.0	0.14494220467523053	0.1562565843394792	0.4346179834993461	1.9558289106173545	2.4748580661961013	1.810426699767349	0.16922736192929902	0.27502955129302575	2.265807227562114	1.2319243956644543	0.1626719131961412	2.26584607835464	1.0301287516073772	1.9365983827383861	2.559531063407539	2.1995538976529354	1.4644191684039167	2.3004972156642545	2.469329926224219	0.83739217698311	1.7716011447095397	1.86555722095382	2.1431929574892807	3.1176038666198207	2.801713876863175	3.1391982132518943	3.2359095552644357	1.3456897135613712	2.8826489491296186	2.925334647378251	1.7663475723155417	1.931467594974581	1.4452883064938247	3.223161332023892	3.472827789695271	2.426426067712923	2.346241977266925	1.6285584881911817
Mouse2A.FP10	0.7610902517202592	0.5013777776785606	1.8707931677311909	0.9766461449600984	0.4123683690072478	2.2157508727110593	0.8691436312827927	2.0767138613096363	2.4209497742108668	0.1965165518949303	1.0271669329182214	2.222517486748999	1.293129474302002	1.6490614642496404	0.9263617750239118	2.53885738123636	0.48061533845506577	1.9961834981741196	1.9902262033204667	0.4331370116180241	0.22680806580742474	0.14494220467523053	0.0	0.014079008324274268	0.30353691959815104	1.9673753309281226	2.4617318998779916	1.7660231669063144	0.22839633018573766	0.19303874495666354	2.302589886648232	1.201632040874878	0.1432869107355162	2.259522809070685	0.9193628985814618	1.9410556786719133	2.5473134469710113	2.2208647868639537	1.4577678308161357	2.29129236431626	2.472235021318926	0.7251311809645671	1.814056292335373	1.9151222598748976	2.1731460163620997	3.2234517076827234	2.901263261325862	3.2328407132755133	3.318156633834524	1.4734493880263944	3.0231771311001365	3.0676138569010694	1.7892228479959003	2.072267534976137	1.5896640751629916	3.315850913346436	3.5704401983250564	2.5515939192938615	2.4879443939353103	1.7721085938076706
Mouse7A.FP42	0.7496933431374239	0.5016347787062759	1.8686665294078557	0.9817548594345645	0.418323995202931	2.214760123322985	0.8728879384920538	2.0762811267225847	2.4216030704240348	0.19640201310371694	1.027458355062747	2.2222502398297848	1.2831678891862919	1.6486016770544782	0.9147885112672888	2.538388644325744	0.4911228445706698	1.9981949253426032	1.9911090223850345	0.42340094796501426	0.22658298007946778	0.1562565843394792	0.014079008324274268	0.0	0.29649255430834687	1.9685573707994297	2.460313834587866	1.7637873573196365	0.23120700771378905	0.18182381902169226	2.3044027677355414	1.2008540900327294	0.1518569101677593	2.2588967350973843	0.9100149432716588	1.9418610718656615	2.545636998597946	2.2223401614370943	1.4589005119581235	2.290278084004916	2.471815874664963	0.714995604231547	1.817828766267939	1.9197230321318817	2.175724609752018	3.2299400150298476	2.9073862323679127	3.2381481963072054	3.3220615164688696	1.483095299184987	3.0319258397757287	3.0768904841577838	1.792073877492538	2.082096996696335	1.6001111333186195	3.3210467067028353	3.5757967517057847	2.5605903494172932	2.4978139838845905	1.7820074465723952
Mouse7A.FP41	0.5086452619934965	0.3777367846175395	1.698054472184465	0.9601441746781397	0.5572240410194289	2.0874619501885263	0.9608992102646233	1.949599567596771	2.3552596426119146	0.39389980874257136	1.009202415172449	2.1080356588167195	1.0634078911379041	1.6177385122031898	0.7216201388195974	2.4760403270662272	0.6792148728814291	1.9320013131474505	1.901996119853437	0.20648307692674894	0.3087416671226072	0.4346179834993461	0.30353691959815104	0.29649255430834687	0.0	1.8887962192844738	2.335857492312787	1.5777466956215045	0.4663850442644352	0.37260013638922107	2.2828559947627696	1.052879033566464	0.39981718440689423	2.1460368066274755	0.6669393543370064	1.8474872399905327	2.425847523279376	2.1618306972438703	1.3445231378717448	2.1737208292195414	2.378984022499837	0.4938505046900531	1.7991134024770994	1.9104343703252558	2.1279068026539267	3.3587369046596893	3.0208696450905377	3.3404543119807757	3.4053414941085816	1.7703615536471062	3.291057933366349	3.3422183560814385	1.7298534933699898	2.3637384644240145	1.8561071326614544	3.421169701597269	3.689707111735247	2.7321712656964356	2.7769561190185956	2.0502873719016956
Mouse3A.FP15	2.103670244154532	1.5284523196487871	0.6579909653330294	1.0690188343771574	1.6262008975251738	0.4481051557061532	1.2688448037509847	0.34944595154613317	0.5050191640868744	2.1608051433100917	0.9864063312922974	0.3614837284990181	1.5807583601367596	0.5832200533899957	1.7370429594894956	0.7230006787271027	1.7174737391092054	0.12620905768698937	0.06693822777120129	1.7814466390631443	1.7431139359592667	1.9558289106173545	1.9673753309281226	1.9685573707994297	1.8887962192844738	0.0	0.6496741127952327	0.770290482383714	1.8531931908944217	2.0284229566116645	0.5799415728111655	0.8861561609352793	2.078813862530747	0.4085454985504931	1.6200159833012888	0.10432795914139834	0.7372816062503312	0.30164833660753215	0.590562557457288	0.4711109401529304	0.5684775364588059	1.6814438625098287	0.44351670927581566	0.5366959633230285	0.32940580845405115	2.2462267618957505	1.8754309165012457	2.0633977977293343	2.0267690484770102	2.8334414096023077	3.310479481776025	3.451436964380388	0.2883916498777323	2.9740923074103973	2.3194299318093123	2.1190533893537578	2.434289544723317	2.123516540696663	3.25181037892711	2.540767898316459
Mouse4A.FP20	2.436042052840338	2.0079284726640387	0.7281014463337737	1.6503129442514695	2.1640228798546017	0.270216859908078	1.8321502701239583	0.44050823821808455	0.5110586236582843	2.6512282785160317	1.501102414102663	0.30757869682778194	1.7381841435609322	1.0184656116094082	2.012681560817504	0.5647085637813221	2.2858517777945946	0.7291773320979175	0.5970517149968669	2.196099367522	2.23693694602493	2.4748580661961013	2.4617318998779916	2.460313834587866	2.335857492312787	0.6496741127952327	0.0	0.894864956843937	2.3639272664042816	2.498289406501966	0.8586278476331766	1.3082214327773685	2.586342150379948	0.24265094855835861	1.9100917253253953	0.6241698343235701	0.12590602152173871	0.6151085184623105	1.0850406990809922	0.18537062040162833	0.2808519686996834	2.0232417135722964	1.0749775854388415	1.1429820365852217	0.7741465400713257	2.6018955943616278	2.252562990280398	2.3463751225584977	2.2183920150219048	3.4430139302036618	3.866752397180024	4.023973973675698	0.9278868834111442	3.5902862530021737	2.942599227975234	2.38251743527919	2.688516008166472	2.66291080995296	3.8633136864283153	3.156356355443468
Mouse5A.FP29	1.6354326827146042	1.278761532304828	0.1686130749254932	1.0941706781861187	1.5571015553064715	0.6596364993217368	1.3897499713270196	0.5523154686582228	1.1520700546543639	1.9370002810427147	1.037045495457182	0.7302684626198238	1.046033415447494	0.977368753382856	1.3081415827070089	1.2933240325363191	1.697263893855674	0.8745044225381903	0.7250405166053346	1.4510235048342728	1.5591968274961132	1.810426699767349	1.7660231669063144	1.7637873573196365	1.5777466956215045	0.770290482383714	0.894864956843937	0.0	1.7319265668473673	1.8207096293836722	1.3253584321576892	0.5913504196183121	1.8867227879551953	0.7707260713685052	1.1360631386065871	0.6684862881168065	1.0041433640353392	1.037372243595569	0.5416429560736258	0.7827198934858357	1.0545829177010948	1.2744830431653291	1.0803221961229423	1.1979363449406373	1.0898983904505455	2.991905465928862	2.6176297095335364	2.822343064417534	2.7785531094933464	2.9667045329295045	3.8307673540544065	3.949477528531675	0.8303082894614346	3.286459665513154	2.6335743797540876	2.880039427329927	3.193444556235655	2.756108652258905	3.623987520701638	2.8672480310470387
Mouse6A.FP34	0.9124669312475533	0.5220861937903573	1.8195086881167457	0.883034678777448	0.25843384319022233	2.1251209139420784	0.682213693141858	1.9906165144918033	2.287663650473881	0.38968828061003247	0.8857213328272933	2.124543073018314	1.3086352104191286	1.4954128067311758	0.9543672607176266	2.3964632636959373	0.34779971766550266	1.8766875495708133	1.8813887543136125	0.5212091392089152	0.21056603941428198	0.16922736192929902	0.22839633018573766	0.23120700771378905	0.4663850442644352	1.8531931908944217	2.3639272664042816	1.7319265668473673	0.0	0.2667655565769876	2.1452051614747614	1.1551811564763603	0.31429455668677175	2.157893086869209	0.9691776855470209	1.8368798116622536	2.443732388839901	2.0901529766221763	1.3850091139210052	2.190419182509233	2.3532005124506674	0.7742264716820011	1.6748372958291828	1.775186244063494	2.041267908680404	3.0175389075906685	2.698336517172665	3.027499566379432	3.111681610883541	1.3949121516791454	2.8404070490595705	2.896096938482011	1.677029048215378	1.936972957806545	1.4308822291925807	3.1104387644992095	3.360819024993745	2.3598265886895735	2.346650953968141	1.6146984958743975
Mouse6A.FP36	0.7216597371053171	0.6085450447419033	1.9198890786384823	1.0886838638624081	0.5043946213415118	2.261589864446485	0.9184390022909202	2.131853223014125	2.4648740613049482	0.2554707845465096	1.0650529705557046	2.273914776862606	1.24871537878793	1.6675935091699492	0.8551028076758478	2.563040730570818	0.6011988522369718	2.0639599467006553	2.0504357605392056	0.434376813491822	0.31717516408026214	0.27502955129302575	0.19303874495666354	0.18182381902169226	0.37260013638922107	2.0284229566116645	2.498289406501966	1.8207096293836722	0.2667655565769876	0.0	2.345895016873098	1.2709231458973198	0.2769933916524062	2.3045757567554723	0.9016264817723213	2.0027156814606513	2.577430049393518	2.2762626637317447	1.538093989096306	2.3317267916063913	2.5106500072381976	0.6953175965833576	1.8902890567572048	1.9990165705106333	2.2404314934060188	3.269414282317863	2.9493333711857277	3.2719452518082917	3.3434701567042073	1.5114860167916635	3.0490217705103606	3.099246190800189	1.8700674456843236	2.1096558054852372	1.64972638006908	3.3539109996095724	3.6042713233279824	2.620380856887323	2.525368243843231	1.817122627122201
Mouse2A.FP09	2.535030099602727	1.9316900116084437	1.1943799701298454	1.4320793293368435	1.9215693098206459	0.8319946305111837	1.4851109442463442	0.8411639091826225	0.3703931553454924	2.4983768660578454	1.2873897059140607	0.7292549819276885	2.0094623256513917	0.7282990847197359	2.1318148317366563	0.47858629301892275	1.990260512734909	0.5263761929978695	0.6202217363345488	2.175150181901458	2.08266843022988	2.265807227562114	2.302589886648232	2.3044027677355414	2.2828559947627696	0.5799415728111655	0.8586278476331766	1.3253584321576892	2.1452051614747614	2.345895016873098	0.0	1.3829361283078585	2.4093052107677173	0.7175232040716073	2.0639596514712637	0.6781220019298199	0.8673213960602203	0.33722214174981485	1.1120799536377903	0.7538144982126057	0.6015915434098088	2.0952013886669407	0.6017155137454118	0.6089145474378703	0.3668685963743974	1.7620644453734569	1.40372722835712	1.534707970330439	1.4605343764261312	2.935041850971055	3.061068843115344	3.2286793630000745	0.7150737346477068	2.933171340825058	2.315960129537975	1.5827534073929685	1.8950035027943126	1.8368665171688703	3.1540421056030925	2.506586157798114
Mouse5A.FP25	1.2395028257436849	0.715526404385961	0.6839926776881715	0.5477699560525572	0.9686575060002952	1.0486354228047485	0.8462193313562902	0.9022055188323136	1.367286003517135	1.3812610160549916	0.535893693109469	1.0675835277804426	0.900599781782966	0.828115050109779	0.9669381235145462	1.5190509094041715	1.106270439550673	0.9502238231149046	0.8848203254268863	0.9468904483311625	0.9884740813976745	1.2319243956644543	1.201632040874878	1.2008540900327294	1.052879033566464	0.8861561609352793	1.3082214327773685	0.5913504196183121	1.1551811564763603	1.2709231458973198	1.3829361283078585	0.0	1.3191191397408843	1.112978960292876	0.7935870973748087	0.8245471689059408	1.4093810430703049	1.181418046417448	0.32994298899045416	1.14493686762436	1.3654601480133122	0.8515173706811365	0.9477184226436223	1.077303398063133	1.1707400815710587	2.8211726826690335	2.449862759723091	2.7147281158795376	2.726561039760228	2.381591399147793	3.377992256076051	3.4798759876768592	0.7796385701950449	2.739362739220569	2.0975222589618316	2.784767970840238	3.087553174284573	2.4241403408525013	3.095263433902797	2.3309788025566087
Mouse5A.FP30	0.8398798687133066	0.6105832159650831	1.993854183418021	1.0617982235443584	0.49584727013062213	2.3377143414615857	0.9602085175753136	2.1953109154029553	2.5357075566328033	0.1217877818919788	1.1455085034455819	2.3411725422047103	1.426689495849798	1.7695080289888385	1.057072846287044	2.6596419495560157	0.508430850001215	2.1024125378218725	2.1031872792548993	0.5589843196069032	0.3559447649688872	0.1626719131961412	0.1432869107355162	0.1518569101677593	0.39981718440689423	2.078813862530747	2.586342150379948	1.8867227879551953	0.31429455668677175	0.2769933916524062	2.4093052107677173	1.3191191397408843	0.0	2.380436115318556	1.0464882169091758	2.0542416782628825	2.673576873647914	2.3306754557683584	1.5667673084547025	2.4141981374436794	2.5928199929727276	0.8550710569040619	1.9081489350227159	2.00233757850425	2.2755638308176276	3.2750093179443045	2.9598704525399713	3.299059039815792	3.3971733164471245	1.3814725143278657	2.998149094265384	3.0317981076992004	1.8895610050078737	2.0102483881494195	1.5539637805595352	3.3831681243685745	3.633078245919788	2.5713108252814663	2.4286697997129596	1.7300754381338606
Mouse7A.FP39	2.282654450672941	1.806279595002945	0.6087923467894091	1.4199366078010947	1.9491546907779442	0.12686616508261916	1.611944970341867	0.24408868528803968	0.42119453226834896	2.450638002594104	1.2903011381737899	0.08472437429129442	1.6373717023873755	0.8270261975936076	1.8764281155443157	0.5648491882721921	2.0627622617976793	0.49474029198275055	0.3545443808924371	2.01592279781734	2.0340969229411416	2.26584607835464	2.259522809070685	2.2588967350973843	2.1460368066274755	0.4085454985504931	0.24265094855835861	0.7707260713685052	2.157893086869209	2.3045757567554723	0.7175232040716073	1.112978960292876	2.380436115318556	0.0	1.7660029795666483	0.38250666628254787	0.34320086410861445	0.4301798226128215	0.8662402837908403	0.07048429657656967	0.28657293457586125	1.8645227017059824	0.8411981409406799	0.9163958953335944	0.5750069857116931	2.4731571174261253	2.113775639943638	2.2421917023900604	2.1463257652955425	3.2130628723501466	3.6662238910304836	3.81725807817651	0.6859682256626223	3.3629698944191304	2.7119620702701197	2.285702622798952	2.597295167975784	2.4676519806866013	3.6394421695100005	2.929049600725533
