	Lyz2.02B.FP222.S70	Itg.22.FP518.S21	Vil1.06B.DTT70	Vil1.07B.FP82	Vil1.10B.FP115	Itg.24.DTT530.S25	Vil1.04B.FP46	Vil1.14B.FP163	Lyz2.04B.DTT246.S87	Vil1.02B.FP22	Lyz2.01B.FP210.S58	Lyz2.06B.DTT270.S112	Itg.16.DTT482.S77	Vil1.05B.FP58	Vil1.04B.DTT46	Lyz2.07B.FP282.S80	Lyz2.03B.FP234.S82	Vil1.09B.DTT106	Itg.24.FP530.S33	Itg.06.DTT434.S27	Itg.04.FP422.S22	Itg.22.DTT518.S13	Itg.20.FP506.S9	Vil1.03B.DTT34	Itg.06.FP434.S35	Lyz2.01B.DTT210.S50	Vil1.05B.DTT58	Itg.02.FP410.S10	Itg.12.DTT470.S64	Itg.02.DTT410.S2	Vil1.03B.FP34	Itg.08.DTT446.S39	Itg.26.FP542.S46	Vil1.01B.DTT10	Itg.26.DTT542.S38	Itg.16.FP482.S85	Vil1.010B.DTT118	Lyz2.05B.DTT258.S99	Lyz2.08B.FP294.S92	Itg.04.DTT422.S14	Lyz2.04B.FP246.S43	Lyz2.06B.FP270.S68	Lyz2.07B.DTT282.S124	Vil1.13B.FP151	Vil1.01B.FP10	Itg.08.FP446.S47	Lyz2.02B.DTT222.S62	Vil1.02B.DTT22	Itg.10.DTT458.S52	Itg.12.FP470.S72	Itg.10.FP458.S60	Vil1.08B.DTT94	Lyz2.05B.FP258.S55	Itg.20.DTT506.S1	Lyz2.03B.DTT234.S74	Vil1.07B.DTT82	Vil1.08B.FP91	Vil1.013B.DTT154	Vil1.06B.FP70	Itg.18.DTT494.S89	Itg.18.FP494.S97	Lyz2.08B.DTT294.S136	Vil1.09B.FP103	LYZdtt342	SLCFP070	SLCdtt022	LYZdtt366	SLCdtt070	LYZdtt354	SLCFP022	LYZdtt330	LYZFP354	SLCFP112	LYZFP306	LYZdtt306	SLCFP004	SLCdtt004	SLCdtt112	SLCFP094	SLCdtt076	SLCFP052	SLCFP076	LYZFP330	LYZdtt318	SLCdtt052	LYZFP342	SLCdtt130	LYZFP318	SLCFP148	SLCFP166	SLCdtt148	SLCdtt166
Lyz2.02B.FP222.S70	0.0	0.5806069512539521	2.146953342870707	2.450206046845382	0.5175063032893062	2.719166897506701	1.5673938144054642	3.4094608343916972	2.272539858019484	1.7922304468308283	1.0778649940576457	1.8045952148950823	0.7777490384297048	1.9132538019591352	0.49167540931344766	1.0758290446984318	0.7095375087516075	1.5677731075547985	1.695047186279038	1.0619099046033693	1.4684010320716552	2.6824161474084818	2.922083515652556	2.60298637252761	1.2774109110204062	2.1587954559417413	1.9369991115328704	0.22205285488650628	1.0680828059095098	0.5080963630542714	1.311008110937834	1.1232193243055377	0.32461936590534074	0.9742056324260646	1.6717505673788033	1.6411332368566316	1.7513717116285041	0.9618692924074884	1.7711833472298089	2.220925705422946	1.770272340023695	0.31807833455599377	2.3720010897656323	2.149424015916039	1.3916959673974123	0.7750132050088074	0.74936707465554	1.2432500733334246	1.4422931576869031	0.7581576619971703	1.3903685953820688	1.9538262976002538	1.0430472281656482	2.3541980962882914	1.8023827078530958	1.9788366605696808	3.363633350203656	2.641295474913984	2.9835662365470013	2.4304501797349496	1.2483867064219913	1.9030093466770386	1.379202764056743	2.224311093340544	0.5282512429756057	2.2403828515223436	1.103613177569139	1.39320900020547	2.217690163998945	0.6397263130732009	1.6766910847432326	1.1430995405132403	1.262263667298687	2.0402650146622037	1.7241630686764953	1.0332350480285224	1.4814515009797267	1.8326441645493476	1.687498486653652	2.671955062892155	0.6922151090002425	1.0542302833291364	0.8787653572675249	2.6519019146014355	0.584212943818981	1.2685954467224754	1.1675435413755908	3.187852405668701	4.080647633750584	1.2730088267622646	4.087421058537648	0.7782578323198318
Itg.22.FP518.S21	0.5806069512539521	0.0	2.06419691554169	3.0058403814576105	0.9668808972976566	2.6528557597100635	2.094038179015994	3.828912060265989	2.2361173315346776	2.2851469096840415	0.6953210159485002	1.7379120852008039	1.028926706484263	1.9341394885340177	0.8451243810340083	1.6322509055922736	1.1901826160580373	1.384919905637114	1.3647678535579624	1.3462069426695091	1.021460766874266	2.663404863611415	3.2029170274188417	2.9164685310804823	1.844864080558931	2.160055673056453	1.8416640199256553	0.5090601941521447	1.1270085905769922	0.6745442680972186	1.55633646733132	0.7197695144303454	0.8817167840080339	1.0372910410756757	1.5598022391616044	2.164986040640707	1.576528998993509	1.4386108229032217	2.34697765758405	2.2947013651692636	1.58532882280727	0.474558572431777	2.714639749954705	1.8000605661175502	1.9464898638641688	0.27308079320061024	0.813988513364283	0.806407897726909	0.9462301929453549	0.7912821989770016	0.8530822786394445	1.811311468019468	1.5847857463008972	2.360554658076337	1.8551337558459626	1.8762950582470985	3.720839151791617	2.371838406969811	3.338322484493671	2.532116045017488	1.1418404775758346	2.1720818305162912	1.7787158695653704	2.2133712204067377	1.1033457664910866	2.4738835997855593	1.4833119872004965	1.3477135392854624	1.9210082399673925	0.7748288677776063	1.8270043030915122	1.141146302143271	1.8205426451377191	2.6093706240246735	1.6009177150673193	0.8026164769946139	1.1980408809983054	1.6281704510237205	1.9106848586135563	2.708424063630652	1.2670383110091712	1.0661521951907156	1.4496179329787577	2.8257733809110985	0.9485951066169177	1.2784642478095767	1.1911257194978144	3.50042396940177	4.41899230745801	1.7281837723651445	4.543496726940529	1.2463529782920335
Vil1.06B.DTT70	2.146953342870707	2.06419691554169	0.0	4.033756212901951	2.0357915967900295	1.3268137877358714	3.419549130265774	3.3647897074895736	1.048772579344484	2.6740575814700276	1.46674446446798	1.1629889255114167	1.652982520323645	1.049574323779651	1.9021776154462728	2.7742883208053954	2.085463578452479	0.9193368362809106	1.158504334806932	1.7087772027462835	1.5290490628229283	1.4685610462750585	2.414629137446729	2.2608767726187717	3.0010329472685635	1.1745148033296058	0.23653834875211882	2.163413577754256	1.4477078445042995	1.9061998295312323	1.6166355749398629	1.4826636249626892	2.219865052932978	1.3668374211623893	1.1505501156655007	3.4776676184415676	0.910118176246806	2.243057102352513	3.2746500884505005	1.385577993209164	0.8425345001038819	2.0198734769633355	2.308142657482071	1.0663317005161712	3.1612074092114923	2.021263260465028	1.5732059368598654	1.4929788931855685	1.6344301772730905	2.6928847717357987	1.829471849521592	0.32042810595557253	2.2955392587394057	1.3132817728252488	1.2098015499601753	0.19301998342471013	2.9739924074312007	0.889740792366031	2.640409574844875	1.4936683832332585	1.2054653243830118	1.6643032847426114	2.038737611535028	1.2642276714039729	2.251100980073364	1.8208589912422959	1.97863941027516	0.9220244553695119	0.8835309393434858	1.5110397827052102	1.4950846867926333	1.33246429866836	2.4659072295218913	3.344468652740059	1.0187513385367848	1.524776519954165	0.9884962013755187	0.5668799731550839	1.297129197418473	1.4747041253381987	2.317875195760151	1.1431470862651796	2.5711044689660696	1.9065779241484873	1.8332893090063016	1.0072758409352383	1.014167880369771	2.6743588807554537	3.505990461552451	3.2245744569504526	4.058780067350018	2.8451440163640025
Vil1.07B.FP82	2.450206046845382	3.0058403814576105	4.033756212901951	0.0	2.357608433771977	4.5095937209629335	0.9588529316142418	3.2584071728563515	4.084356633578846	1.9910804765836816	3.4864226829085005	3.7757466249732428	2.7093240815633926	3.6985194681107307	2.532016746710846	1.4151288635757306	2.221615868416339	3.7572030326035644	4.02476593030752	2.7002329060315526	3.842324673777517	4.370611577777489	3.6234797113413726	3.2848042557947306	1.2267362157045083	3.917099074196879	3.8848383196923533	2.5255769394062173	3.0981280329247363	2.735735262523229	2.8654642951270626	3.5387410891016295	2.21692863946051	3.049276956466673	3.7450704608958523	0.8958720967072898	3.898730381264234	2.1350831203094502	0.7758557423186648	3.796792639645844	3.926622468757275	2.6329068663012114	3.018494552503717	4.413001309372647	1.0637037790592152	3.161071853376929	2.9379770880456464	3.659401440979505	3.880372745229493	2.57156932557282	3.8181705171206644	3.9749382157136264	1.8609714913691526	4.053336828773189	3.555214270428345	3.9360035533497406	3.587156332504752	4.766319170065196	3.341978555501504	3.8777346958719554	3.4231993185538356	3.0636676586681153	2.4267153034276925	3.9905560413750516	2.007630190856152	3.359161706881783	2.4541057603995027	3.445705554288351	4.454510533570925	2.804082715319505	3.258907147347706	3.2246559597418396	1.6492919232377876	1.1098080632417593	3.8047507791527937	3.2632164488523565	3.7691758464751572	3.967503910518158	3.0925706686021583	4.229729907471698	1.8799014025671263	3.150485022873389	1.695026749231893	3.8210445257590577	2.5124902763519272	3.2845383539454844	3.1952129482060814	3.676119804151581	4.225638297440844	1.4448676419208668	3.522424299180784	1.874784629662266
Vil1.10B.FP115	0.5175063032893062	0.9668808972976566	2.0357915967900295	2.357608433771977	0.0	2.4293164775485057	1.573106886218289	2.9078083257185434	1.984445212415592	1.319575405468946	1.2475596358440906	1.5447207934171447	0.4256371192952384	1.601049809670195	0.18287060670353422	1.084453690330802	0.22638608322033582	1.4701184186199447	1.702777881560066	0.6031881431712269	1.7221883877691937	2.3502272755034	2.4303422030609854	2.1096385036176857	1.1448837389553561	1.8369581317594275	1.8602861426594774	0.7278590189261214	0.7956589001123785	0.4109939998191682	0.8606838922015146	1.2954509122728755	0.30380898082314717	0.7539479168887424	1.4611086978279766	1.6581450241085587	1.6159106351055823	0.4778674068779456	1.6192072739412084	1.8413565007749915	1.652729151958366	0.7664820192596677	1.8656687560407614	2.2620183324913943	1.343198791254989	1.1858289716388608	0.5952512120009302	1.442364687105476	1.6546914030008275	1.2564303187462778	1.6828129840107204	1.9077922142807988	0.6652143704735126	2.0159145364619944	1.4596751544753825	1.891371508716517	2.865425358617965	2.6550238695519366	2.489146375643118	2.032614962073553	1.1030442738209387	1.4399611089624975	0.8682031759974629	1.900746807531837	0.4424091537387668	1.7713257613296591	0.5891980517930919	1.2194448427525084	2.19959273541122	0.665955894414063	1.2606625045605253	0.9171320784224628	0.9280516123254091	1.7298055888021653	1.5316461238874135	1.315227271772597	1.5477980471962385	1.8339813527262583	1.2915090415143564	2.3101570947595467	0.517920904930335	0.9254519903629698	0.6666110292062486	2.2017907092512154	0.2039514408782816	1.07779385499398	1.0304675080613588	2.6936013026249905	3.5826264814945894	1.4601520373159709	3.602183353391904	0.8591706996333506
Itg.24.DTT530.S25	2.719166897506701	2.6528557597100635	1.3268137877358714	4.5095937209629335	2.4293164775485057	0.0	3.9274719063683508	2.9790689364783467	0.4597078200693336	2.7071961788570555	2.107945246133732	0.9395623534582869	2.011926372965268	0.8422365387060639	2.3120076394511444	3.383741133237971	2.442849348421322	1.3265415381745895	1.549888217508134	1.8932638883664412	2.3485624634153193	0.2725334702614336	1.8281198539763885	1.8527597694236992	3.4311662429994887	0.60479584681414	1.4566674636091241	2.8241489044376378	1.6706855393938205	2.2802619387531475	1.682345994518198	2.108889557746286	2.705735882769319	1.746105346840301	1.1025928542633259	4.007071411502615	1.1273274821361055	2.479714984168244	3.742987392617826	0.7571535709411419	1.1551174445759844	2.7271807113625335	1.9672518415098244	1.95915639774427	3.6613845079663747	2.7167655971003235	1.9749552621559638	2.1624726857380003	2.230262393002107	3.3829818644213456	2.4941568979054156	1.48743164607009	2.6779003015597396	0.4803135563545552	0.9846280704056264	1.382887931251396	2.508132968935565	1.707024944330395	2.255404701098732	0.7862342349645502	1.5157440742477415	1.5253557289922528	2.11824891938918	0.5531321956432967	2.792319679456496	1.3880014797132016	2.125145070961786	1.380900853180884	1.3708154178196101	2.1977558777239827	1.2889354914996778	1.5827189360849487	2.8646908762547545	3.5796188706020304	1.0543372831982478	2.468411650326807	1.7717914501878835	1.5815870346219552	1.4445151605953124	0.48261612767556905	2.8285247842213077	1.729350862412411	2.985694282495281	1.1726390603462198	2.249477617755424	1.5004816579446183	1.6708837382220338	2.134255139358073	2.9128447058139244	3.860724643663905	3.725247694745039	3.2719177995617006
Vil1.04B.FP46	1.5673938144054642	2.094038179015994	3.419549130265774	0.9588529316142418	1.573106886218289	3.9274719063683508	0.0	3.3383320183715943	3.4841073278925334	1.7180198722184874	2.637701007149984	3.0962238705866985	1.9746214272155262	3.0913490683498908	1.735830447454033	0.6683382876191148	1.4990037203369668	3.011974494720983	3.222754174908802	2.0436751112854026	2.991625262011907	3.8168418121192493	3.39477079499883	3.0425869422892555	0.5228015602129898	3.3245017935393957	3.2409990408373472	1.634050226379068	2.3632153793466752	1.9009313364506668	2.2591507024877444	2.685860150146117	1.3712726630290446	2.3083694853673093	3.028759723777347	0.10372635260415168	3.1707841493114683	1.4828606692625577	0.6405544351504145	3.260237133166998	3.1984033091631443	1.7612868748778272	2.7551424632348294	3.6405358579444345	0.284224742888416	2.255964683518303	2.1496552859344216	2.8027915849987393	3.0049468852482324	1.6382001101543517	2.9247577015540296	3.3052311604503375	1.2810999715589007	3.4848172499780645	2.945573344088497	3.291129353881409	3.5488944987129942	4.067987606174997	3.2360038745668795	3.3945967280715053	2.6657402986747782	2.6277658646291737	1.9204370077093085	3.3938191488386735	1.2129541732389817	2.955823222347116	1.837145447463919	2.7420715130912083	3.705629225778152	2.02776929670788	2.6787832152034237	2.485381751073808	1.1859218537228136	1.160425149532316	3.093930756763313	2.4518653783092033	2.985149821352158	3.251714435371501	2.5857786547215453	3.7232434240008923	1.1287130886420906	2.419255581172313	0.9470184961330422	3.4292978865062467	1.74999710803904	2.586347937943076	2.491286079233672	3.5382285761108836	4.251488247494466	0.5674826565219654	3.796200128333893	0.9482780726314898
Vil1.14B.FP163	3.4094608343916972	3.828912060265989	3.3647897074895736	3.2584071728563515	2.9078083257185434	2.9790689364783467	3.3383320183715943	0.0	2.830904273029738	1.735582719797682	3.782361384971553	2.932153684844703	2.818016615519311	2.664584550504524	2.9911710957161963	3.1421883437575344	2.7046516823591653	3.3522695092344317	3.7614169398507227	2.5057129596565573	4.23161598400593	2.737155402368723	1.1630843124863435	1.1644243088364068	2.9057689161302322	2.669093371017078	3.404793037547596	3.5988228066706953	2.8911752286014387	3.173829499557491	2.3531841802173346	3.824035555337463	3.12862562286636	2.9619232803682434	3.085633727671237	3.389035171190634	3.3130789073745954	2.487108407148901	2.812227626255483	2.367526376270285	3.3649313770368736	3.6064049408733303	1.203310338013278	4.278120399477777	3.1144999347278937	4.020289327199111	3.0925583055680352	3.961948054760824	4.166597556832405	4.111978646191904	4.3192391918944075	3.5415430460877233	2.4645830924462766	2.6218292473780562	2.5685205963417537	3.397602661891386	0.5925753319673935	4.21476234670173	0.756416892234712	2.2193689183068805	3.1639306040799906	1.8481826279302287	2.052895045435166	2.694746731612711	3.015807600845158	1.7168094984024764	2.3539767812809185	3.0510328633932082	3.916124982144916	3.222826826102362	2.3164084066023594	2.9740438971205188	2.3819176506580266	2.253674226223847	3.1329118498772184	3.8836143071652787	3.7301139648888437	3.673696702113691	2.2121505740996263	2.4996885115694534	2.888951428059496	3.0861945215041042	2.821324978838302	1.8142957204166084	2.886831447831454	2.976898085222455	3.0557659842563702	0.9179661502995519	1.0131004451726726	3.6936875728759926	0.802180558423431	3.352500677255752
Lyz2.04B.DTT246.S87	2.272539858019484	2.2361173315346776	1.048772579344484	4.084356633578846	1.984445212415592	0.4597078200693336	3.4841073278925334	2.830904273029738	0.0	2.343459631459372	1.719303047079185	0.5477741765547541	1.5637388330952338	0.39296347278720245	1.8666127450476298	2.930497573853103	2.00041015870101	0.9452326318558012	1.2498703187458935	1.4593174603079486	2.0042614718775447	0.48448831825078087	1.7340919083544082	1.6690606996869837	2.993959190901055	0.22166427707489844	1.129161159880514	2.37815516523798	1.2344862146745275	1.8470672546122493	1.2602227385328768	1.7278578132773892	2.2573492388181795	1.2985136478602985	0.7189180753727292	3.562422250129688	0.7707699841459456	2.053851211998697	3.3132873476332065	0.49200319975602547	0.8065737011700171	2.281609861922361	1.7288977387512725	1.7253762343333097	3.218378673051997	2.3071111002516886	1.5345780514782161	1.7971083824826044	1.9004117980476325	2.946469357519177	2.151843604681527	1.1765912207409583	2.24216305798714	0.28891739319372506	0.5602940095645533	1.0653928420919159	2.4125431256899805	1.5928711268939024	2.108396854565145	0.6388538671292767	1.0950606653144106	1.1846543978904691	1.719172710489489	0.2534635425407944	2.338420972494745	1.1468543982647486	1.7053843153889052	0.938221882452957	1.1908014744442241	1.7447688096942517	0.8997041207980876	1.147272381566654	2.43548872025486	3.187992672621069	0.6672351453256565	2.055724228152329	1.4112357678067042	1.2612976140551533	1.0355407708864521	0.5579325491551932	2.3772861619029264	1.2793660928382495	2.5445109236133323	1.0941005760403133	1.80031643653363	1.0479528435853467	1.2204240864453189	2.0568582904549246	2.912534167734612	3.406106695331477	3.5928881045586967	2.833986051670143
Vil1.02B.FP22	1.7922304468308283	2.2851469096840415	2.6740575814700276	1.9910804765836816	1.319575405468946	2.7071961788570555	1.7180198722184874	1.735582719797682	2.343459631459372	0.0	2.4605579312867274	2.118946142056905	1.4157008683170318	1.991924344123313	1.4558327636994586	1.5069168321181758	1.1017085123048516	2.349185633706241	2.704734563723739	1.1798860943424678	2.9442552582633827	2.5180916262693294	1.7216075568685394	1.3915040117825783	1.2317511963408583	2.1445672875577197	2.591212312499813	1.9899468705490426	1.6598328212495361	1.663031230184188	1.2033462317633834	2.5078995826485952	1.479600548732738	1.7021356927995248	2.167902977783101	1.7897223764598285	2.406818113803333	0.8483772736398877	1.345632774782013	1.9528396795854273	2.460183589901937	2.0389432516499832	1.0832977291109676	3.286784340250209	1.478259583716657	2.502930753419645	1.7155269292850355	2.658687344830972	2.874661367344428	2.4354138759245973	2.954095558934046	2.698236305812208	0.8288050928634807	2.231337040345978	1.8261360931350314	2.6086811953997158	1.8873666385344658	3.4860466938104087	1.5781395201479984	2.003441604868619	2.024782290146253	1.2234159014243624	0.6898941588054842	2.1968365552408375	1.3682664905640833	1.4367376369292566	0.9034232290336941	2.0213665806622205	3.075693834580073	1.8203070585125505	1.4773342969435497	1.7913193138257473	0.7790966818165914	0.9186849660871395	2.2452630163327565	2.5187948376216776	2.60435735053033	2.7318190326731133	1.4262157420428572	2.365467481046753	1.2319549247704886	1.8808331045841722	1.1077833650859192	1.8825407981547697	1.3778508097652291	1.8901933544729692	1.9127165202414254	1.8594754142482481	2.59563660762026	2.017710087392604	2.3633641802485488	1.6190657884078516
Lyz2.01B.FP210.S58	1.0778649940576457	0.6953210159485002	1.46674446446798	3.4864226829085005	1.2475596358440906	2.107945246133732	2.637701007149984	3.782361384971553	1.719303047079185	2.4605579312867274	0.0	1.2750009394541038	1.045985964365936	1.4897877196618365	1.0704979059200372	2.0855758817185586	1.4393670017755442	0.7864292916449588	0.7065580604962689	1.3273240984561532	0.5255863716768875	2.1706792068770477	2.986536847821088	2.742315719893285	2.311107413444758	1.6979074628280242	1.2518187616544534	1.0441889591672013	0.9270488705579915	0.9068185430140038	1.4442183227106429	0.058726761040734675	1.3090633227192525	0.8238024248181423	1.0770235211336951	2.708045162396061	0.9834299691942247	1.6804485941052487	2.7671303679921784	1.900567574165108	0.9701837795806096	0.9208774624431589	2.6084040846493295	1.1420307843729633	2.445088780916005	0.6444768719791047	0.7538376958105499	0.1987818501102905	0.4371288596727495	1.4420053014484084	0.5413477397892853	1.1903911552222644	1.8397462426394249	1.9000603376933078	1.4724432753881593	1.2746415476408894	3.5689719433563836	1.691802232802401	3.189564705322727	2.1405611722002886	0.7121482212285399	1.9769159349746896	1.8305699649608949	1.7523258871724496	1.4881343280099704	2.2382387808471798	1.5735811981502863	0.8738077001454558	1.2284752426314478	0.7545892448834033	1.5773194692075867	0.8493322980255396	2.085717606435379	2.9600052598785176	1.0730117363341014	0.6057384183141711	0.521552964713991	0.9785627668197342	1.6525864113160555	2.245727227132631	1.6330275786412796	0.7272218831417028	1.862454694833618	2.509255969680044	1.1141848645014172	0.8768424551180533	0.8145050619810356	3.3005257254245297	4.226636681073736	2.3124948548511366	4.526011577874617	1.8303316925790984
Lyz2.06B.DTT270.S112	1.8045952148950823	1.7379120852008039	1.1629889255114167	3.7757466249732428	1.5447207934171447	0.9395623534582869	3.0962238705866985	2.932153684844703	0.5477741765547541	2.118946142056905	1.2750009394541038	0.0	1.1330776352857799	0.3683013514849558	1.410836646682184	2.5635370249744516	1.5983182923447763	0.5867901554929367	0.9011653088176941	1.0810375206675575	1.6413622880769834	0.9283248725307451	1.9300833680073668	1.7897091544518509	2.62208767757779	0.4649193488089345	1.1291650296823805	1.9163151147387152	0.7562975169452639	1.3505080331105608	0.9406108298034823	1.2831985684869724	1.8094470095945245	0.8488792569168376	0.20747491966837847	3.179627552769363	0.45995709991357564	1.6769686365500753	3.005402799391311	0.6898917815537833	0.5413541165480659	1.83179057177425	1.7465867562815933	1.5868108400552827	2.8451472032713965	1.8337330476245843	1.0552466114545085	1.3750939958901378	1.482020667140983	2.464591903078276	1.72357660168568	1.1498885487171495	1.9155550806099928	0.647269880813446	0.3775061143942592	1.0851799254807655	2.6036064406674093	1.6759339176658188	2.2647300389774365	0.9420614826769258	0.6092972835712467	1.1501802914659172	1.4503832651541595	0.491412303415421	1.9334811612782419	1.2238553808239419	1.3518779300211436	0.5862538473718454	1.120423843854096	1.3399928003267032	0.6739407875089022	0.6620225280164602	2.143507253008227	2.9220877336157502	0.25419550862502166	1.6894471027390623	1.0972117253004163	1.1351679799009569	0.9623175876720987	1.011293772406886	1.9921040909093175	0.8927136681110162	2.153669325161601	1.3412980256764364	1.3681890842917568	0.6937784310523448	0.8906562900348949	2.273268932261071	3.1796664466720825	2.9874710286082227	3.716575424342163	2.370027069368005
Itg.16.DTT482.S77	0.7777490384297048	1.028926706484263	1.652982520323645	2.7093240815633926	0.4256371192952384	2.011926372965268	1.9746214272155262	2.818016615519311	1.5637388330952338	1.4157008683170318	1.045985964365936	1.1330776352857799	0.0	1.1831763721894455	0.3151870210677205	1.4427845111442392	0.5015347404260789	1.081712208173965	1.3662088353218929	0.33017533017997974	1.5397627302065515	1.9450515506686081	2.1890359394069985	1.8912338794467993	1.5238576468722458	1.4248270961714713	1.4919708457843541	0.9439646418268685	0.39858381545937177	0.42826470766798685	0.5491217840549382	1.092865806424951	0.6955004181162939	0.35265734114981995	1.0564127179814236	2.0563725816878007	1.2130505930865532	0.684205424077416	1.9477117680555192	1.4537755046493488	1.252383938021674	0.9109790463974357	1.6907368124057345	1.9549587261913144	1.729785799317076	1.211355263660068	0.30805299953908105	1.2436776504599514	1.4617263628246635	1.527942442398175	1.5528074985837812	1.5427560433334344	0.8910036479035758	1.6109636564378316	1.0524620723082965	1.5139534306440563	2.6919671929551083	2.291984325110369	2.3094802982526716	1.6568869777335586	0.7198505966662574	1.1583861645187505	0.7965246867143521	1.4927174784264317	0.8027770351495658	1.479743914405808	0.5331937850720714	0.8090813638880155	1.8254189867995736	0.5241192792497663	0.9022653651920063	0.5171834427483062	1.1506367701099387	1.9953892062534988	1.1201675545169896	1.2086092908124932	1.2389692450995966	1.483478314790185	0.9513859666919334	1.9136238075149763	0.8682545110365556	0.5588529895941593	1.0467643364372985	1.8771966079947922	0.23795434852803105	0.6699130696305485	0.661420472593309	2.476591086566451	3.3915628177042567	1.859271437918099	3.548203926246294	1.2808573133546906
Vil1.05B.FP58	1.9132538019591352	1.9341394885340177	1.049574323779651	3.6985194681107307	1.601049809670195	0.8422365387060639	3.0913490683498908	2.664584550504524	0.39296347278720245	1.991924344123313	1.4897877196618365	0.3683013514849558	1.1831763721894455	0.0	1.4912759625233563	2.542196533325892	1.6093828850404364	0.7859059935989285	1.168743319010243	1.0694693197627196	1.8432763333982989	0.792313296947035	1.6485376084929177	1.5069290170105474	2.601159567382472	0.26850096508889765	1.0605304364348027	2.031164188557251	0.8790322162209738	1.4931379909077662	0.874599227677034	1.5083321507486185	1.878149908152621	0.9440490030081384	0.5341556964127839	3.1698636799701405	0.6783749398208538	1.6644333261526547	2.9265443996928817	0.43471998415992197	0.7293906008590111	1.9434568177195939	1.504680337412842	1.7209920994037557	2.8257000244259753	2.0279957951248395	1.1859181627417494	1.6023233474296146	1.7439357399762991	2.611392637036653	1.9737300966902651	1.127684474424086	1.8513122817891965	0.4713529925598804	0.19944972446243783	1.0181565148704905	2.307336923293633	1.7146711641745127	1.9678742342547404	0.6583689029942669	0.8138928205208834	0.8918568902392541	1.3460058811415294	0.36974821165273797	1.9521845751330011	0.9577859749901676	1.3189842569932027	0.6530221719131929	1.2726192205647624	1.4026756740760558	0.5522133642280949	0.8107606093606866	2.0496333115421974	2.8164701717723775	0.5185397695637006	1.8019178814917858	1.2590739614831832	1.1906313955294796	0.6977494101284336	0.7831963380251957	1.9870298480253268	0.9548680487501789	2.151904590304382	1.072286085921886	1.4186950838543253	0.7248683057754675	0.9063049314025133	1.9774319363583452	2.8795389121249886	3.021366310066107	3.4349690021944235	2.45324943199344
Vil1.04B.DTT46	0.49167540931344766	0.8451243810340083	1.9021776154462728	2.532016746710846	0.18287060670353422	2.3120076394511444	1.735830447454033	2.9911710957161963	1.8666127450476298	1.4558327636994586	1.0704979059200372	1.410836646682184	0.3151870210677205	1.4912759625233563	0.0	1.2295030192860679	0.3820784297272907	1.3023083789199357	1.5225167296502373	0.5743042882126785	1.5539844894311179	2.2480288739645773	2.4454963346998024	2.1359770303115337	1.3211624797894175	1.7296684138164884	1.7214693216115302	0.6863994944271946	0.6549749840910616	0.2574866252260835	0.8249276763922144	1.1178164010324303	0.3991001517115647	0.6010645314154933	1.3122798703598422	1.8192694383226435	1.4539928461916882	0.6260683068924868	1.7927810745917423	1.7609618599649504	1.4891655984757326	0.6955147215346323	1.9089279626866071	2.0900786574527066	1.510615909829068	1.0587492224519233	0.41904585505415465	1.2664523016023062	1.4783529025991604	1.245383102375114	1.5173139409415024	1.759887917053635	0.823002267983483	1.9155706535863861	1.3592332228578603	1.7507620350486477	2.915078872317525	2.4925796993127944	2.535335784235708	1.9652148302778087	0.9367418177473165	1.4323103657640486	0.9394874697949224	1.7929830568545602	0.5725720642539838	1.7574184320727748	0.6486321011595007	1.0699764096538817	2.0269954181533247	0.5323217142101337	1.197384896087297	0.7653940369154651	1.0869805043779777	1.9072689934063172	1.3798677178257324	1.1788498599260395	1.373383341878109	1.6738973997124034	1.2484956672286176	2.2235843434355047	0.6721236222667907	0.7723795267745746	0.8447737819059152	2.1686234157720157	0.1310033531335579	0.9351699397819915	0.8890899891199502	2.722550545157597	3.6255686111963428	1.584416806795786	3.7009974840710878	0.9846410671973204
Lyz2.07B.FP282.S80	1.0758290446984318	1.6322509055922736	2.7742883208053954	1.4151288635757306	1.084453690330802	3.383741133237971	0.6683382876191148	3.1421883437575344	2.930497573853103	1.5069168321181758	2.0855758817185586	2.5635370249744516	1.4427845111442392	2.542196533325892	1.2295030192860679	0.0	1.0182199726163732	2.4314989619154566	2.6596925900595103	1.5500860132917444	2.427227081061307	3.297477128449851	3.022875585312372	2.663146922628555	0.48486227055698533	2.7905757536299767	2.594110688499147	1.135041685890861	1.8398940589513904	1.42507305665261	1.7683884032508468	2.1383725521898276	0.8886075518260534	1.7538150361579026	2.4906732119305173	0.7108789702469512	2.597603934008629	1.0881710055684335	0.7694044446382917	2.753248409963313	2.6159219853028124	1.226727329553373	2.4059313691988855	3.021725155761622	0.4500391566211714	1.7710979208906539	1.6165037123335828	2.252710821276672	2.477113287496445	1.3171471589405692	2.4148015540626746	2.660841275034756	0.8216854198466237	2.963253201631835	2.4175494676874365	2.6478168661257966	3.249485672879427	3.426209945687792	2.903073935175425	2.8936712616409594	2.1137287034642993	2.1537392520137106	1.506692609588647	2.870504051522758	0.6584290340793582	2.5136782246350418	1.3998934873023177	2.152731278127459	3.1016410023744734	1.4234460667442368	2.1910012216132473	1.947794643891699	0.7797224403956894	1.2696045623173893	2.538052888496182	1.8539093145593966	2.3824539662353894	2.6175361261017964	2.0390780418591397	3.206015304161677	0.5821966664924152	1.8223378528387162	0.5669938065024742	2.9829617849243597	1.2224675052790153	1.9944163781074975	1.8792366072356885	3.1915538123232494	3.9680106963299586	0.616560047030176	3.6718633700090835	0.7888386708397732
Lyz2.03B.FP234.S82	0.7095375087516075	1.1901826160580373	2.085463578452479	2.221615868416339	0.22638608322033582	2.442849348421322	1.4990037203369668	2.7046516823591653	2.00041015870101	1.1017085123048516	1.4393670017755442	1.5983182923447763	0.5015347404260789	1.6093828850404364	0.3820784297272907	1.0182199726163732	0.0	1.581825788210603	1.8529180853161489	0.5590620517905983	1.9124590260602403	2.3443698182518555	2.283556114132635	1.9521415769236214	1.0295061022669105	1.8411738569169667	1.9251997155861515	0.9124455495364735	0.8818456842650332	0.6206306356239913	0.8010103295290388	1.4887651779615816	0.43521450934961686	0.8534426673966578	1.541761588580091	1.5836734244937198	1.7132926981566214	0.2782520145257686	1.468632590614359	1.809395052048001	1.7525408146226769	0.9524145691158167	1.6979137736104806	2.4065738399386785	1.249819098183508	1.40220421966164	0.7491885830687881	1.6363119113328364	1.8553060375050974	1.425577319591166	1.89375253583039	1.9889454706837901	0.4565340020452778	2.009674583658322	1.4602379265505119	1.9558818507450229	2.6839279349709573	2.75957979504876	2.3107118409520484	1.9797247027104705	1.2193217753127714	1.3217806004434567	0.6909750013570582	1.9075683400837322	0.4442525445681596	1.659688418000472	0.45023508422817116	1.297583276253065	2.320130429277751	0.8058364268719866	1.2214174572173633	1.0126464917189597	0.725085366124052	1.5328116893549215	1.612246318783912	1.48298255146972	1.6954346455189675	1.9414697914075796	1.214616763397176	2.279980403705316	0.44214466424592197	1.025373438320908	0.5556482328909627	2.108628993409326	0.3299188168556865	1.148627016289783	1.1098906200488166	2.5307995869674866	3.4053823787677397	1.462089418950685	3.387804106456793	0.9006531594825425
Vil1.09B.DTT106	1.5677731075547985	1.384919905637114	0.9193368362809106	3.7572030326035644	1.4701184186199447	1.3265415381745895	3.011974494720983	3.3522695092344317	0.9452326318558012	2.349185633706241	0.7864292916449588	0.5867901554929367	1.081712208173965	0.7859059935989285	1.3023083789199357	2.4314989619154566	1.581825788210603	0.0	0.42867197271006946	1.1940387206198253	1.0748259867625247	1.4039359509584952	2.4101284970568826	2.2254570357513512	2.589297016239818	0.9593488378074813	0.7884102668306487	1.6168536341532573	0.7557654916397833	1.2081559665530368	1.16016465789261	0.7912525895887077	1.6680456900055667	0.7291030444495167	0.4202645530738572	3.0876445721233385	0.2122399496950082	1.7487789315222089	2.990416566712895	1.2081604127385432	0.2050438241385359	1.4993385196270426	2.1650388933947684	1.060423751969263	2.7741469231420472	1.4069457070174556	0.8906347834558741	0.8526301418386957	0.9756447006099455	2.1314463159913815	1.214616773767356	0.7534813301394028	1.9349103700901076	1.1549423178129754	0.8361665198163838	0.7652944627482068	3.0447482282014025	1.3110511400555511	2.685252926579844	1.4396415933505986	0.39283635373092146	1.506818720545661	1.6599701039064219	1.0145556245608802	1.801360870562201	1.6835420315609517	1.4933009189076731	0.36160047118395494	0.7557321940318653	1.0417499790884885	1.0828014279442395	0.6097984949347561	2.172006137822021	3.0391325312410715	0.34060474183669737	1.1795610511741141	0.5115572451063144	0.6390812461121601	1.1884875306632976	1.4894873460526084	1.8978724168907	0.6180003559251053	2.1146287836109336	1.855455802492409	1.2799232567770413	0.5084138832487051	0.6122916900463314	2.734652035999736	3.646732568067526	2.8020761756006825	4.115933073027919	2.2602321714069067
Itg.24.FP530.S33	1.695047186279038	1.3647678535579624	1.158504334806932	4.02476593030752	1.702777881560066	1.549888217508134	3.222754174908802	3.7614169398507227	1.2498703187458935	2.704734563723739	0.7065580604962689	0.9011653088176941	1.3662088353218929	1.168743319010243	1.5225167296502373	2.6596925900595103	1.8529180853161489	0.42867197271006946	0.0	1.528153812439466	0.8565196211960915	1.6667805412736048	2.805027808152616	2.6332978185378115	2.835508869548947	1.2931625615916036	1.0220934866642843	1.7083553773097842	1.0532110599271243	1.3695356225355417	1.5288206366615775	0.6793324664146324	1.857219589886044	1.0286145313206991	0.71593316818754	3.2987371370163605	0.49782586856527217	2.0400282025151304	3.272467590424101	1.566127142055562	0.4716152806200074	1.5894353900544607	2.566594972356533	0.8609879786711212	3.0056483152635263	1.3396949089092633	1.1097159220797852	0.6765127777185753	0.6864932833500373	2.1391169540765476	0.9556426374480387	0.9254647323857125	2.2441170440961935	1.4663173404824654	1.2195151421435872	0.9991029488018802	3.4546217791390665	1.24167260348772	3.099133702541882	1.8012654642363863	0.6801297109322831	1.9202666631216552	2.020918663433543	1.323355763765536	2.026964028384102	2.081205740363309	1.8196407678854136	0.7711870934530132	0.6200694686756709	1.2517574924771546	1.4631919346364344	0.9152161327501291	2.492347715374177	3.3598722563139574	0.6633045648035857	1.1887526807511317	0.4716696410747384	0.7228365828887127	1.6138435965057345	1.8012793286728537	2.145869102952614	0.9294800441954658	2.3617483061723443	2.225899926215126	1.5326258363362872	0.8950201878776642	0.9546527241748505	3.1371701073425866	4.046656022004088	2.957514770680421	4.531776452115213	2.4109775123328845
Itg.06.DTT434.S27	1.0619099046033693	1.3462069426695091	1.7087772027462835	2.7002329060315526	0.6031881431712269	1.8932638883664412	2.0436751112854026	2.5057129596565573	1.4593174603079486	1.1798860943424678	1.3273240984561532	1.0810375206675575	0.33017533017997974	1.0694693197627196	0.5743042882126785	1.5500860132917444	0.5590620517905983	1.1940387206198253	1.528153812439466	0.0	1.8231301624090184	1.786688950563855	1.8777180707445804	1.579426530256192	1.551890450780821	1.289496786363359	1.585273412156608	1.2460664793131977	0.48345795951008536	0.7028448167514851	0.2577412344517558	1.3703069378470953	0.9043414463061713	0.5311596453893099	1.0640988950693941	2.1278713244603296	1.2779725291693556	0.6036673904064618	1.9350760001849951	1.2541702684000813	1.3297034944801633	1.227015095927003	1.3685265137253175	2.15114143399196	1.7860056079342919	1.5375088351433048	0.5924815813367605	1.520510632207617	1.7280051231096862	1.8187009358239443	1.8452945790336217	1.656179021106096	0.8481890322194696	1.4528129254540985	0.9087216262852006	1.5973637869704271	2.3797344768496527	2.412978753377884	2.000771700628217	1.4356347394817883	0.8484737826816812	0.8707926408510025	0.5132544217687773	1.3530874131736925	0.9647289318807635	1.1840453019244848	0.29964898537783413	0.8924037548325798	1.9421109662877472	0.828815547366647	0.6661971767381543	0.6148839625609659	1.0889604233628172	1.8743242759650502	1.140046170978636	1.515033272928693	1.4525234793643136	1.635238393251379	0.7535597856488556	1.7268589162713683	0.9766910710637314	0.7503418852321129	1.0973909030808897	1.6017939258959688	0.481748626100223	0.7654507483568984	0.815734692889668	2.165572071659027	3.079042741255311	2.016625536052743	3.2484205640946326	1.424013782512731
Itg.04.FP422.S22	1.4684010320716552	1.021460766874266	1.5290490628229283	3.842324673777517	1.7221883877691937	2.3485624634153193	2.991625262011907	4.23161598400593	2.0042614718775447	2.9442552582633827	0.5255863716768875	1.6413622880769834	1.5397627302065515	1.8432763333982989	1.5539844894311179	2.427227081061307	1.9124590260602403	1.0748259867625247	0.8565196211960915	1.8231301624090184	0.0	2.4623049260718046	3.4055889497428127	3.171953499617256	2.7144931990464563	2.033339978015944	1.3161311693154	1.3686943431481857	1.4257405368448026	1.4064590510046382	1.9270755257285834	0.500273176374619	1.738628634994747	1.309381442475635	1.4457410860315338	3.0516075403549117	1.24990866684958	2.167701922296306	3.1463449050421346	2.2721151244110245	1.2042833397758415	1.2310870274028873	3.0650415107119415	0.8538994796336506	2.8152564836641303	0.8316770846613766	1.2638554042699666	0.35505113043040487	0.38105900809381654	1.6371218280900117	0.3752333206831703	1.211645596814994	2.2823810303831484	2.228715648680994	1.8700608713134408	1.344792858795482	3.989330187022296	1.5027260764458596	3.611542842736858	2.500622915924549	1.1576336122668738	2.410288565492047	2.3171140014654132	2.0887341061034945	1.8922596291927296	2.6662425442074937	2.072173555171019	1.240026765565425	1.1881303806370833	1.1570201746456104	2.0299893593931855	1.331206966452924	2.5111990996526212	3.4020706665070297	1.4032253830310986	0.6350378598776171	0.6087797477567359	0.9710877825772603	2.0514176111310487	2.55564568511566	2.0435182959780755	1.1461248193128981	2.29224115938447	2.90206187331235	1.5937537940364987	1.2714375044818889	1.1847037579957833	3.713557188828607	4.630331069346203	2.6021657649500387	4.96437672568318	2.226825179494293
Itg.22.DTT518.S13	2.6824161474084818	2.663404863611415	1.4685610462750585	4.370611577777489	2.3502272755034	0.2725334702614336	3.8168418121192493	2.737155402368723	0.48448831825078087	2.5180916262693294	2.1706792068770477	0.9283248725307451	1.9450515506686081	0.792313296947035	2.2480288739645773	3.297477128449851	2.3443698182518555	1.4039359509584952	1.6667805412736048	1.786688950563855	2.4623049260718046	0.0	1.5839959579592693	1.6213634023580732	3.3107062904097084	0.5287387412993307	1.5833647540354605	2.8057951183341276	1.6207717464053215	2.2316820180332178	1.5590905052533388	2.1760579015317427	2.638231359804208	1.7144567994931335	1.1188539837520894	3.898037627964827	1.2156850039957623	2.352626264563084	3.612104647054513	0.5749654512625721	1.2582216055941582	2.7208211195933965	1.7362481036959754	2.1477098601964966	3.5498141425364773	2.752642100101623	1.9426072061969197	2.246788731492511	2.3301141994064603	3.3737806740397516	2.588671225240965	1.6311802248659462	2.558570363699936	0.33609351798992804	0.8943539614814917	1.5159207093233518	2.2746934331378887	1.9384996116282758	2.026764246944206	0.5706889009711249	1.5263175652724832	1.3488811215692451	1.9613388745957903	0.4593390503939569	2.71798678307218	1.166573627172628	1.9932536816458275	1.4039144443653058	1.5703949673682425	2.190090637733883	1.1451354184894602	1.553499321685201	2.73729298489182	3.4077642710747873	1.0986978028243037	2.5343405229161156	1.8802544885428187	1.7255740518721658	1.3350289542104938	0.2698863805240845	2.7410508502375777	1.733794671335834	2.8769650774824167	0.9234184419618896	2.18082921909502	1.5033791031342656	1.683317653516046	1.8988118312736606	2.6869809980341772	3.7866629226611144	3.49023649528955	3.184180557149499
