	Lyz2.04B.FP244.S41	Vil1.05B.FP57	Itg.02.FP409.S9	Lyz2.04B.FP245.S42	Vil1.01B.FP08	Vil1.14B.FP167	Lyz2.01B.FP208.S56	Vil1.09B.FP108	Itg.24.FP528.S31	Vil1.08B.FP95	Vil1.10B.FP120	Vil1.03B.FP32	Vil1.08B.FP96	Itg.26.FP540.S44	Vil1.06B.FP68	Vil1.01B.FP09	Vil1.06B.FP69	Itg.16.FP481.S84	Vil1.03B.FP33	Itg.08.FP445.S46	Itg.24.FP529.S32	Lyz2.08B.FP292.S90	Vil1.10B.FP119	Vil1.04B.FP44	Itg.20.FP504.S7	Lyz2.06B.FP269.S67	Lyz2.07B.FP281.S79	Vil1.09B.FP107	Vil1.04B.FP45	Lyz2.05B.FP256.S53	Itg.12.FP469.S71	Itg.06.FP433.S34	Lyz2.02B.FP220.S68	Lyz2.05B.FP257.S54	Itg.02.FP408.S8	Vil1.02B.FP21	Itg.22.FP516.S19	Itg.04.FP420.S20	Itg.10.FP456.S58	Vil1.13B.FP156	Itg.18.FP492.S95	Itg.12.FP468.S70	Itg.20.FP505.S8	Itg.22.FP517.S20	Lyz2.06B.FP268.S65	Lyz2.03B.FP233.S81	Lyz2.02B.FP221.S69	Vil1.07B.FP81	Vil1.13B.FP155	Itg.08.FP444.S45	Vil1.14B.FP168	Lyz2.03B.FP232.S80	Itg.18.FP493.S96	Itg.10.FP457.S59	Itg.06.FP432.S33	Lyz2.01B.FP209.S57	Lyz2.07B.FP280.S78	Itg.16.FP480.S83	Vil1.07B.FP80	Vil1.05B.FP56	Vil1.02B.FP20	Itg.04.FP421.S21	Itg.26.FP541.S45	Lyz2.08B.FP293.S91	SLCFP021	SLCFP069	SLCFP111	LYZFP304	SLCFP051	LYZFP328	LYZFP317	SLCFP093	SLCFP128	SLCFP092	SLCFP002	LYZFP316	SLCFP075	SLCFP050	LYZFP352	LYZFP305	LYZFP340	SLCFP129	SLCFP074	SLCFP003	SLCFP068	SLCFP110	LYZFP353	SLCFP020	LYZFP329	LYZFP341	SLCFP164	SLCFP165	SLCFP146	SLCFP147
Lyz2.04B.FP244.S41	0.0	1.0139809376155762	1.0008946940451213	0.30270271782243796	0.5039088379084583	2.7998057648863237	1.323414442773177	3.0465835738243547	0.5098520033834002	2.193099923102682	1.9852795754389059	0.16135110354267576	0.5400241694409431	0.3928753099915765	1.0151867345791086	0.4193865332481855	1.2585616607640087	0.28341019170990883	0.5377941580619302	0.6421239494707256	0.7986482893050268	0.30662096175753034	2.8550843118876164	0.42043914705408253	0.6639946955515175	1.107187903299144	0.8389503527433461	2.449208143869408	0.6238631947917523	0.3551497136855223	0.49076632448028107	0.6824093398682737	0.6692964613960001	0.20233095841183035	0.9205911410878335	0.1666947890166614	0.7200625530584785	0.682698504687871	0.4026955720114938	2.492553807798625	0.8816643044388733	0.5108544519083889	1.209514351804324	1.173824353132863	1.0343432946659428	0.5687210011299735	0.5628671452725622	0.6870517797932462	2.2187158296683784	0.7137666002474577	2.571076332196741	0.8175288415322607	0.4066590428401085	0.5420466077410722	0.5867208902406577	1.2874289520362943	0.8270272784819407	0.6117024652099777	1.2883081405175543	0.8699787247393309	0.5591454983485505	1.0542962715713022	0.5772267373434139	0.9126709947416883	2.3829355859361616	2.39677857532375	2.0960747978177876	2.1163156130702308	2.1338303543185493	1.8278106850273277	1.815856756476683	2.4372047495164715	2.006758963679067	2.2275367606453873	2.604323896281438	2.118990648237192	1.4060013988216735	2.4501605382375566	1.8464065366339626	1.898325513610049	1.5595082005849554	2.243915701196662	1.2495148169067567	2.5874649628895496	2.5493891468138	2.1559445806755275	2.068295075994251	2.3359464818926066	2.33355469475928	1.862007146005772	3.267210615667107	3.051605593567735	3.1683790751175334	3.3299275187608215
Vil1.05B.FP57	1.0139809376155762	0.0	0.988211825216892	0.7146003525082679	1.300146059616586	3.730035540378444	0.6902095042568531	4.048407496234693	1.0246503467537311	3.196336002108444	2.9935228119549073	1.157724755598819	1.5529455322133316	0.8199964879371567	0.08531228092897568	0.8339618811618017	0.27372062637304884	1.2037461981295041	1.0064362626518124	1.1499393629461099	0.8492868028183311	0.7333263023316677	3.8429216058803335	1.3308273234677823	0.7402424026165071	0.8120196231912741	1.2600694203124994	3.457246815705089	1.1511479569377636	1.331700988239669	0.9755806255284779	0.9638665705706236	0.9604650890717901	0.8697946885323167	1.1357191230685573	1.0820686410369358	0.89045921461867	1.3443282120002904	1.1194615298858683	3.4173101219875517	1.5623652215939998	0.9054212936349687	0.9004010549873155	0.943408571533794	0.8736536729302176	1.3986288148545756	1.0419837132734389	1.320727533535202	3.050409357989801	1.631175240498445	3.5096049259172166	1.7585322764317994	0.8295995680421253	0.5626762919585482	1.5672824875897164	0.42582302897466845	1.6283954298173122	1.6016080582416266	2.1632404987390728	0.22405754608215858	1.4995812426131854	1.029972112971063	1.086222875128282	0.3823867313364184	2.8042883691704983	2.8297810619337915	2.2366121566932002	1.4678924203203396	2.304981166108135	1.3595279059062286	2.431331173693525	2.798568662693041	2.4439697828613336	2.559593939831321	2.805928186957766	1.614567834822893	1.5306972923751698	2.7659381781608836	1.092966469333624	2.3544723115018575	0.9041272301903726	2.538131114139445	1.2978006076874167	2.8189379302909043	3.118230543055746	2.1833742879419407	1.1293690879027858	2.824857326553159	1.6881440109811303	1.0381807209424092	3.5122687904755012	3.303746082225717	3.201509230182733	3.3033413347134357
Itg.02.FP409.S9	1.0008946940451213	0.988211825216892	0.0	0.87765496789652	1.4893143091571353	3.139905407994175	1.6499733776274763	3.60303004237612	0.5425372900461196	2.816629721091882	2.561470261603484	1.0573329541075704	1.3616458751479792	0.6273071340394486	1.055174976219468	1.201636578222447	1.2068496012538692	0.9591335648375554	0.5205436411084642	0.5341753583886584	0.22024085893279882	0.8182621809652217	3.322629414964549	0.9697033638730539	0.4489755038458471	0.2785264825720933	0.44898257457982055	3.0691417227278737	0.5395957061241301	1.081710784175161	0.5509707347897573	0.35548671824162204	1.4871541457522235	0.8113624345755198	0.23768442204809564	1.1414310604937865	0.32133515864809115	0.7004542388656126	0.7349349419296777	2.8565871175839836	1.8738310140708474	0.5170880909284109	0.35695518768119017	0.26610202982098746	0.1505178577329857	1.562642057803916	1.4571837851943388	1.6602050661572894	2.4834741032349736	1.1558876915572251	2.898543932318217	1.7686684234922274	1.199440593552413	0.6944953551862875	1.26120791717855	1.4070737966037135	1.0081079206378998	1.521992311681233	2.2593542563941056	1.0666169764231483	1.510646895221698	0.06653796956077832	0.5387930255089751	0.6073043701281684	1.8249483314794825	1.8562238613222588	1.2747421116324464	1.2390521516121866	1.3350966650899223	0.8767664703661322	1.5189694080801397	1.8166919153581484	1.4693916990530707	1.5743923466214433	1.833489271162239	1.1701277687994536	0.5565569899144057	1.7816005666029122	1.0852998339099877	1.3848167101735263	0.7986065658460297	1.5567014707527607	0.31998386181103233	1.8407900549180518	2.170884434604498	1.2652418175361	1.499095741709586	1.8552217583507098	1.4223004487049302	1.18746516581063	2.5375631886647065	2.325771826023746	2.291750769137883	2.4225720483828974
Lyz2.04B.FP245.S42	0.30270271782243796	0.7146003525082679	0.87765496789652	0.0	0.6946753648932672	3.0572756416075144	1.0849547426187136	3.3369613215039715	0.5272307840495958	2.4838601231409267	2.2818927236867803	0.45523987493685864	0.8388133653486455	0.3105226721044433	0.71988047868091	0.3617251811815749	0.9655233690113387	0.5280502024656649	0.5404613448040554	0.6863662966144596	0.6668282284585046	0.0780846475208738	3.13934941840241	0.6606736215960326	0.5168768029911316	0.9128826115129356	0.860715070219959	2.74331665249983	0.6726385301687162	0.6267787389933028	0.4900614434431467	0.6241235102749558	0.6199391826108646	0.19573027972541424	0.8708349457906192	0.4025560062747353	0.6235161690936623	0.8003329805228535	0.5256009668424688	2.7462037565329833	1.035469701069087	0.46496579138462546	1.0289665673467332	1.009200623141146	0.8697156225116596	0.7800264181607754	0.581034819711466	0.803254117820575	2.4306129179113802	0.9672776213996911	2.8335086288740285	1.0885131593406798	0.34296776909783017	0.3085314872690184	0.8754646329475347	1.009213749495138	1.017615745509535	0.904432411041284	1.5322041596228806	0.5786417747418211	0.8300300722518725	0.9351534317382572	0.61085863100295	0.6417647141159147	2.4632448961729825	2.479929160017213	2.0785981816170365	1.8913420578463755	2.1275810238358446	1.6364389906441437	1.9589245987910795	2.4976157673717356	2.0873407180262875	2.2759016877546725	2.6180488649734643	1.9282394900723026	1.3583891181330354	2.4966543634584513	1.5921915416916141	1.9844040526061373	1.3195459312758342	2.278998748177486	1.170241285808399	2.6106583883450445	2.6811937795254797	2.1035404923505516	1.7817970389049416	2.4393316594667156	2.108323250703472	1.5974256006845595	3.3045563346378724	3.088005898522199	3.140055872786396	3.2844397868196054
Vil1.01B.FP08	0.5039088379084583	1.300146059616586	1.4893143091571353	0.6946753648932672	0.0	2.8546507042654667	1.3574254457870387	2.945890002010189	0.9916356049717479	2.088628335719613	1.908328323201543	0.4819671153186403	0.5829138957462692	0.8643956767498409	1.270347108586658	0.471096874264809	1.492564107491204	0.6382304880873849	1.0088932669228263	1.0956704322102493	1.2790418347252708	0.7416152366732423	2.816583258969902	0.7572628772082682	1.1058717120744435	1.5775284605180473	1.3138667545265517	2.326915021990082	1.08479982666434	0.6497743162289664	0.963683355386728	1.1594950095861898	0.5204492705019808	0.6871745805117632	1.403646919091442	0.3495384405600186	1.189755613349225	1.1170905875273058	0.8412543287282794	2.554038595434754	0.40624669729069574	0.9822692201317954	1.6613757085702154	1.6384075799533067	1.512860259764215	0.10599939834544699	0.37980686421692655	0.2833812057143918	2.3677685345156805	0.947607218925886	2.6345320545318747	0.49104177638874846	0.4721726127174049	0.9292833445867836	0.7056560544970644	1.4397492466851067	1.174727147649946	0.44766621005816215	0.8962279910276664	1.106496480895791	0.2874073757078861	1.5394796361126528	1.0380426096204034	1.3155613328580535	2.790942518919858	2.80371204943131	2.5711679108907575	2.5458697354545183	2.602492795105099	2.2877909683867674	2.1632051369417153	2.8624068360606083	2.41834276949504	2.66251761208328	3.0551095491258233	2.569976578473147	1.8965248943316229	2.8843904964477742	2.256144280193803	2.3050222615055005	1.9773511407389484	2.689718766311087	1.7386872035219338	3.032135635595938	2.90134508711312	2.6449401671045445	2.409323365054149	2.721331606428429	2.7815221598285755	2.2393140120990496	3.6922030836896007	3.48175396579283	3.6290708534790364	3.7998737352188185
Vil1.14B.FP167	2.7998057648863237	3.730035540378444	3.139905407994175	3.0572756416075144	2.8546507042654667	0.0	4.081349273592983	0.9403347860742681	2.8036777944727467	1.0460777857189825	1.1845754065934768	2.6888801705303575	2.3189107489125504	2.973026061051286	3.7563975338096296	3.1732275246144703	3.9999943062286007	2.6328384521745622	2.8539481445909995	2.7653254426444365	3.1134791633660894	3.016313256955918	0.6040789678672833	2.483471269675542	3.1687823368355326	3.392785154817344	2.709272704358558	1.0408426154631771	2.7379033373467023	2.449464715807769	2.865465343305436	2.957637325308832	3.283881301680745	2.8995756031661877	2.9369706915331593	2.8255272001555327	3.056293125823483	2.5077700033599086	2.712787989793723	0.33137014823668204	2.9440000680800362	2.940553839438116	3.4879820041207	3.3960362048473334	3.277044689406796	2.7822566922073864	3.125219236114132	2.9935849372981904	0.8889436221611955	2.229892256579895	0.32025194374755317	2.452832429748616	3.1566978102333567	3.2434169917154616	2.3405900464846066	4.055860209656579	2.1796722330444673	2.4193408216829697	2.4544166746389	3.6187928084806322	2.598289215372214	3.1621029796022277	2.79736851339301	3.4992375642309566	2.466268727556862	2.4094062121125255	3.0214948084416524	4.308734368476646	2.981449312574699	3.892578519265959	2.059467727405656	2.6153211529915006	2.4163802842876345	2.665590655347193	3.096158131150237	4.136926298637563	2.9522951271592723	2.748633125476594	4.20568477363572	2.3963131788667167	3.935453513107744	2.7337665421728716	3.078965016726382	3.027179975265209	2.0500005568610264	3.230551173356222	4.597042674188977	2.2987644269085385	4.410191031590382	4.320281186575207	3.34849495386144	3.194761356253331	3.799967151349101	4.006404779185175
Lyz2.01B.FP208.S56	1.323414442773177	0.6902095042568531	1.6499733776274763	1.0849547426187136	1.3574254457870387	4.081349273592983	0.0	4.274260912510571	1.5487786365558696	3.411526660441848	3.2423752551567664	1.458635560801967	1.8093011398069385	1.3088001343060567	0.6108954957883482	0.9572922265920156	0.5835077629846589	1.5663549751462424	1.534779805772459	1.6856333137596988	1.4800571329606342	1.1426795435566288	4.1264812370962485	1.7218459533080805	1.3142499570615116	1.4974026459705367	1.849116040492565	3.6623144760957094	1.6864860767138083	1.6745851805233676	1.4917770146296887	1.5456698265023179	0.8697452508193624	1.2721079003376117	1.761539441393924	1.3115726351122738	1.4858214430928873	1.8613006342421627	1.5730035606260773	3.7633875377603574	1.4575646439315286	1.4338683046143688	1.5666451010563982	1.6145869326050943	1.5479158512726798	1.4477238639129655	1.0223587257472069	1.259842251289656	3.4404253603427644	2.021609208108216	3.872368926930516	1.839608847186831	0.957626429562156	1.061069611520425	1.8763400556934904	0.3341574668977336	2.10187788065086	1.772878260192143	2.1302051023425235	0.6000683244066818	1.6289209525832347	1.6936502732257825	1.6132005624830859	1.060879573403957	3.4443920197764433	3.4681680406053363	2.916087817422918	2.043970743572426	2.9813127891432587	2.0085561512238765	3.0043835425316407	3.45193031000617	3.0742323653410795	3.214875146788479	3.4804538406482637	2.234612434048955	2.2004340966127747	3.4265871579816207	1.6563518645322468	2.9769724168696414	1.5244433090251948	3.20076218171231	1.9664186488308364	3.48969902464564	3.7210067737897212	2.8714064450937262	1.5019629244461343	3.447486046358284	2.269627323923282	1.5410536649674151	4.180566030292861	3.9729580718218513	3.8800357030292307	3.9837810169890395
Vil1.09B.FP108	3.0465835738243547	4.048407496234693	3.60303004237612	3.3369613215039715	2.945890002010189	0.9403347860742681	4.274260912510571	0.0	3.170126389388923	0.8629591388784696	1.1101687149222543	2.9179505844550566	2.5109607387513693	3.297260369900412	4.055932641982444	3.352863460904563	4.301910605344167	2.89340115551723	3.2140620153996418	3.142253347753721	3.5274603529476307	3.315994062550766	0.4072495618025943	2.773399068812191	3.521629621670718	3.849896090396596	3.1609171626003993	0.6228900091130014	3.120078930690755	2.7235004721665392	3.215383233894215	3.349125045869801	3.4167562731882377	3.1911371152164625	3.3897376773630383	3.020244081000704	3.4443213971677125	2.912475173279246	3.0310031694264854	1.0578330138573286	2.9387907284318486	3.290156624126151	3.9326658720525507	3.851399156162508	3.7307360163980623	2.8555174227345206	3.258260992427743	3.0605346129671522	1.644329408522318	2.521085282538627	0.9925458126277475	2.4716653269863054	3.3427720384544117	3.5485171503864574	2.5470813252727424	4.313054474130148	2.595034983788318	2.526450308095763	2.323369894542518	3.9013185992850574	2.6849175081055865	3.629931851404796	3.1627160875409315	3.8748322544468747	3.1961036874897495	3.1570454057525974	3.705148733745401	4.822547308871795	3.6672866992271125	4.421557813682391	2.6630574398017424	3.356345694462211	3.088337669895473	3.370496513819183	3.814617377266032	4.677369064267498	3.525495281492393	3.4782938718493877	4.681910514315967	3.040751340615867	4.389262523341823	3.449807368488417	3.5985053518568946	3.743170509290108	2.806270949787916	3.919003036898292	5.028707488122743	3.0140060837478853	4.972196613470677	4.7625220579697585	4.075959144247307	3.9285485677912186	4.513684980826608	4.735778639996532
Itg.24.FP528.S31	0.5098520033834002	1.0246503467537311	0.5425372900461196	0.5272307840495958	0.9916356049717479	2.8036777944727467	1.5487786365558696	3.170126389388923	0.0	2.353991744014951	2.1032180945528474	0.5292164515221242	0.8262171486740417	0.24317214702825035	1.0610217077483786	0.8178137124248631	1.280596113475125	0.418077097075905	0.07141509563547126	0.17062696781659933	0.38050327983486754	0.4687608221177879	2.9221533988694426	0.43801429037946765	0.36540864426221203	0.7302575694643306	0.35006413800525527	2.6071318197455153	0.1488079938306133	0.5537825660645583	0.07959348190640113	0.2088518171895143	1.1164680045269757	0.36758195655101567	0.4154386496559864	0.6452035043517231	0.28952876854810244	0.3270233441167999	0.1992873029123391	2.5105429557913492	1.3848493700877424	0.1425663553990427	0.8120256688270129	0.7519786193687176	0.6213146786642474	1.0532474799264826	1.0438275179969276	1.1950094385281604	2.1974517833033564	0.6759082725959682	2.5577494845819757	1.229618854309049	0.8156576155570006	0.5029651105501344	0.73198322744029	1.4027080123985285	0.632548653497051	0.9806317640738796	1.725567371231215	0.9862354249189147	0.9763589698216097	0.5869438366069244	0.10531578947227672	0.7452453228415752	1.9531201829665308	1.9757121244183102	1.6025820394565642	1.7445019992751918	1.642189621603402	1.4068060024524345	1.4566317263251927	1.9910843968667893	1.5731716493228647	1.7670855523960525	2.117341579757351	1.694192201461949	0.9090984064915972	1.9890421512342573	1.541912459873137	1.4669229634745904	1.2406137495413434	1.777718740083756	0.7506175392363366	2.1050987870372846	2.1868395463682355	1.6601618882378144	1.8718989707648652	1.9288620826576974	1.9497993750186462	1.599031905855475	2.790350376881696	2.5758733267861924	2.6622949647263483	2.8220965554017177
Vil1.08B.FP95	2.193099923102682	3.196336002108444	2.816629721091882	2.4838601231409267	2.088628335719613	1.0460777857189825	3.411526660441848	0.8629591388784696	2.353991744014951	0.0	0.40418677791789365	2.067696717935166	1.6567510040201145	2.4624168685421988	3.2011222469563885	2.492801130793805	3.446918069934941	2.055373602566611	2.399450763068401	2.3430161527014177	2.7207814013104565	2.466120971818271	0.7850989656208923	1.9447099792552853	2.6989694932523642	3.050238953357883	2.3856541413298165	0.27864932574506446	2.3192116301374184	1.8791049015412444	2.395606211945259	2.5431619275432924	2.5556390952602484	2.344765028063532	2.6120329027858173	2.163711690316042	2.6357954443651086	2.121856429191399	2.2076522671924783	0.8824797224159323	2.0962676188139024	2.4683777223039693	3.140580097404882	3.063972948688034	2.9352074395327525	1.9989889933723186	2.3967214642055077	2.2050688654175667	1.2491125683210496	1.7153503644919885	0.9183459722309808	1.6203847097041748	2.4817612171856025	2.7055558923055796	1.7148734064102586	3.452238124621744	1.8163621944521087	1.6699172835494	1.5165777042845414	3.0437568766328176	1.830911005246757	2.849144713405595	2.3549017901684843	3.0402110650603555	2.745816138714224	2.715317261355557	3.108776400224198	4.051254085337342	3.0853823140996717	3.6641010544689308	2.1206241599812823	2.8954740302355013	2.5537802267842564	2.854137038203524	3.3229806474581296	3.933614457219886	2.811822093792874	3.002233306408538	3.8811046406092995	2.4848205563864	3.5868360345531602	2.925190462522312	2.851551194540262	3.2597105673740567	2.4646481253503483	3.3029584499573748	4.202093735140801	2.577992947459515	4.215202860250171	3.949933709316659	3.7096574039176353	3.5328065302422584	4.0337691025803295	4.250730070500738
Vil1.10B.FP120	1.9852795754389059	2.9935228119549073	2.561470261603484	2.2818927236867803	1.908328323201543	1.1845754065934768	3.2423752551567664	1.1101687149222543	2.1032180945528474	0.40418677791789365	0.0	1.8453520304004691	1.4519123611659848	2.224817168502795	2.9996277241614764	2.297113009502673	3.242406813747809	1.8106847606504397	2.1411836733555676	2.0714073035404796	2.469146557669348	2.2633006876733073	0.9451150242952571	1.6950718955114146	2.4435579363167435	2.805514703052691	2.1227735146228444	0.5522004417794255	2.0532057437221454	1.6654543927626713	2.1414479776905817	2.2827287739923348	2.402143569490367	2.1268888574904032	2.3448707346743043	1.9548947918525539	2.37501474009079	1.8616756963184884	1.9510862575542596	1.0139250159633024	1.9756626247097369	2.2156170245637887	2.8740966863860185	2.7988419133157056	2.6842865805028824	1.828056993344716	2.2433379266402373	2.0682776863122463	1.3252036957010072	1.437345633095918	0.9552356915245488	1.4585317462559217	2.292159275283834	2.473508538934568	1.453617406749694	3.2632183939252646	1.564565646246989	1.4725581226962552	1.463269837637615	2.853151569765505	1.6310615751403748	2.5881543874485753	2.0896850366028406	2.816284180585073	2.488854368246674	2.46987917435686	2.8437446010053	3.78274490806984	2.816901499828276	3.395237348491753	1.8282379988516015	2.6418026297111252	2.2798408257365743	2.586864237780239	3.048738201544486	3.653929858863067	2.550709158591768	2.7401348643806034	3.6331529982875357	2.201967700940635	3.332304504923968	2.6646764635807654	2.5840191202156593	2.984393029274896	2.2347610362077823	3.0454961890695262	3.971583990393042	2.3174094318822505	3.959068035473501	3.699944934469005	3.432367341905276	3.2596425085453924	3.744869786151349	3.9682237596243666
Vil1.03B.FP32	0.16135110354267576	1.157724755598819	1.0573329541075704	0.45523987493685864	0.4819671153186403	2.6888801705303575	1.458635560801967	2.9179505844550566	0.5292164515221242	2.067696717935166	1.8453520304004691	0.0	0.4143902978762016	0.4709095008066743	1.1584519607268584	0.5232872315282463	1.3986933917439945	0.17188054661843333	0.5558448251480808	0.6276508279619237	0.8637376110006834	0.45495138087328363	2.7259325636213725	0.3086042801306654	0.7347393829266857	1.1939697437874837	0.8347737725807303	2.3192727734221004	0.6117352290072812	0.2595525861728782	0.5163314836193389	0.7178765973962828	0.7679793327264962	0.31899178461227384	0.9432076893077779	0.18089793801001755	0.7687283676629062	0.638057166535147	0.3704452407409559	2.387283328169739	0.8722834682305027	0.5542347219930852	1.2808358858077926	1.239822406624669	1.1080332734318317	0.5298996419197114	0.6459951207753912	0.7126414588444386	2.1437628555517496	0.5794972059575959	2.452306095318662	0.7195688887673792	0.5197096782297072	0.6552701431202005	0.42983849551905345	1.4291386933881511	0.7439273566521238	0.4918073616706469	1.213316645424046	1.018858218708513	0.4569952630224285	1.105645327537742	0.5743862498176322	1.0370730418347198	2.3282880859310846	2.3429792446832725	2.0896393315970836	2.2030364866602894	2.120827664771684	1.900412220487843	1.7305320893183767	2.392431603356071	1.9525556698457225	2.187805139398093	2.5762569144724305	2.1871922428922748	1.422453561142962	2.4102339168873455	1.9526689633782497	1.8406546538192317	1.6578687060142254	2.2119971219871863	1.2793008826478274	2.554692318306124	2.4724750781584492	2.1674231765090877	2.1942475815712035	2.2698155188652915	2.423860173623347	1.9720023660933086	3.222112389889766	3.009271559148903	3.1539453725107003	3.3245896843869813
Vil1.08B.FP96	0.5400241694409431	1.5529455322133316	1.3616458751479792	0.8388133653486455	0.5829138957462692	2.3189107489125504	1.8093011398069385	2.5109607387513693	0.8262171486740417	1.6567510040201145	1.4519123611659848	0.4143902978762016	0.0	0.8505024537385256	1.553850498165106	0.865074262878872	1.7973546315094406	0.44848448559665355	0.8673786159442621	0.8827406554477472	1.1983253288810993	0.8305871786750612	2.3316070629715373	0.41618700173067064	1.1123742439324873	1.5373873245821605	1.0354419779421606	1.9102482929850502	0.8594067084065946	0.28672733193254296	0.8427225831908973	1.0327914792902455	1.0166123166183072	0.7062307828763272	1.2067055709511358	0.5158239533691596	1.1055770837096908	0.7688501134947024	0.6564908121086244	2.0183555384799536	0.8573948865238822	0.9010804289206653	1.631885606770327	1.5769655896526158	1.4395142953894693	0.5500549632595759	0.8625123034600645	0.7959262617392252	1.8259691453596179	0.462548273957124	2.089490619853395	0.4739054191247246	0.8555258770275492	1.06332469604963	0.27196400132835286	1.812685174709482	0.683270224145156	0.23207387660306422	0.94202476778982	1.402625453751533	0.36768425168904884	1.40731152809911	0.8559022025213328	1.4266706769988777	2.311183127526113	2.3149517961298574	2.2126507072615427	2.5634515453544404	2.2311617120896097	2.232426188936937	1.6581192837775705	2.399118940274978	1.955791619297635	2.2239248101057005	2.653234695545957	2.5201773240025522	1.6159658708956242	2.440232954430006	2.3306157978803017	1.846618873309069	2.034958349633673	2.260687452816382	1.5281227109686	2.62067540140142	2.3669894288056104	2.3248549747242326	2.5919016456320607	2.2235568231004326	2.7684980086028643	2.3646961999433334	3.262616630104953	3.05042040332307	3.2837704372810084	3.4687806642864842
Itg.26.FP540.S44	0.3928753099915765	0.8199964879371567	0.6273071340394486	0.3105226721044433	0.8643956767498409	2.973026061051286	1.3088001343060567	3.297260369900412	0.24317214702825035	2.4624168685421988	2.224817168502795	0.4709095008066743	0.8505024537385256	0.0	0.8461253545154932	0.6040750315866201	1.0741147318149622	0.4325447247822615	0.2376976655964635	0.3892373453289028	0.41469238534964703	0.26582116774462355	3.0704597418076167	0.5311211632710587	0.277876135072188	0.7289309573850637	0.5785930311707496	2.717345869030456	0.38301555729333175	0.5933882289439368	0.18920281476924475	0.32412941294015524	0.906310811699377	0.20219473547833539	0.5808382320221144	0.5200251109020578	0.33726891508695156	0.5576738372272708	0.30032619181230547	2.6729737228481216	1.2500109464308264	0.1549704141371108	0.8179230819156289	0.7825973388187251	0.6513978162218735	0.942386853552368	0.8545132228069063	1.0403796689927192	2.3617935734803948	0.818945022886026	2.7326195590167806	1.1883475627306868	0.6030475860615357	0.27816747527867774	0.7987169215554039	1.176499832181342	0.8344094015943218	0.9617892183676826	1.674585555529419	0.758980226327395	0.9170446893013687	0.6782354155700973	0.3136872590167133	0.6010733366105488	2.190883032178057	2.213972258230334	1.8035071622166972	1.7337577224529195	1.8488163095677004	1.4386751499715047	1.6985303313745823	2.224021665636815	1.8115118239401218	1.996562104150153	2.331559302434197	1.7275533772135303	1.089851475641023	2.217489916077802	1.4858034558466586	1.7061232411469218	1.1894506949387296	2.0028743039291355	0.8986646613689062	2.3232397393638413	2.4297052909508583	1.840064667788643	1.7572802797196723	2.1703379380617576	1.9544372348574215	1.5151571522543275	3.0108399254033427	2.797587767801509	2.8508021914297683	3.001919754713567
Vil1.06B.FP68	1.0151867345791086	0.08531228092897568	1.055174976219468	0.71988047868091	1.270347108586658	3.7563975338096296	0.6108954957883482	4.055932641982444	1.0610217077483786	3.2011222469563885	2.9996277241614764	1.1584519607268584	1.553850498165106	0.8461253545154932	0.0	0.80113887800201	0.247272585555462	1.213479193029867	1.0421382460316242	1.1879569063741051	0.9068233689251434	0.7472720365070074	3.857521982443311	1.3474029148966455	0.7802164500926007	0.887315130418138	1.3116705265374193	3.460536499864915	1.18988804332327	1.3436296611484448	1.0087006899344024	1.0100401400312358	0.9117248949830773	0.8831223193167915	1.1933795812237837	1.0709153168374421	0.9383031135802821	1.3829941687225265	1.1427644254892202	3.4432311949263257	1.520177044011267	0.9397486451637779	0.9680678898676397	1.012191490408046	0.9440480548021677	1.3698283213675317	1.0027219526459872	1.2811941511305753	3.0854677341021466	1.6494654828574749	3.5355395873255357	1.7375272163278566	0.7986759069008669	0.5818905835097954	1.572451990237278	0.3587458869387187	1.662865162449161	1.5902021055782414	2.1339195034565117	0.18540921334706403	1.4805505615384738	1.0969765382987113	1.1222001258033307	0.4537680195582928	2.8695332429466447	2.8954184277696187	2.3107335111289307	1.5327587591739278	2.377933648989063	1.4328523470570969	2.482510411929874	2.866805303953834	2.5064634469629983	2.6275363429724106	2.8777702015195072	1.6836582386099854	1.6019740306843537	2.835227126185274	1.1574218982226157	2.414875236964174	0.972064653254444	2.608221450416491	1.367104117237542	2.8897149883669266	3.177410511510289	2.2611265980731043	1.1696409271773058	2.8864368666390168	1.7582183531259556	1.0913579436396081	3.581875271795619	3.3738920620301522	3.274990819535493	3.3786985946282235
Vil1.01B.FP09	0.4193865332481855	0.8339618811618017	1.201636578222447	0.3617251811815749	0.471096874264809	3.1732275246144703	0.9572922265920156	3.352863460904563	0.8178137124248631	2.492801130793805	2.297113009502673	0.5232872315282463	0.865074262878872	0.6040750315866201	0.80113887800201	0.0	1.022626378373532	0.6559396684077734	0.8194784398629761	0.951836162899823	0.9828190505089599	0.4370392446926125	3.1923150007319125	0.816550380981827	0.7855596187285748	1.2219382478584713	1.1672907176724494	2.7410738007324733	0.9464663835207283	0.759493087187904	0.7682050890069502	0.9235455746654428	0.32831428489658965	0.46917500158015296	1.1835145437393582	0.35987188556599375	0.9183276582615582	1.064562431976548	0.746635076670162	2.865099915736584	0.7671273066532209	0.7496304342952426	1.3062855426742739	1.3018333157550168	1.1851260203072032	0.5733076793866525	0.3089787794915346	0.5386814427689052	2.6044856439179327	1.098022408212602	2.948507422756824	0.9493070287601664	0.050066165680970866	0.540831924898709	0.9256427181245911	0.986155344305934	1.2415879831605294	0.8335871627702516	1.3537593046778416	0.6433871493710915	0.6991119062382897	1.2532443745603288	0.8790220367467536	0.892829684498425	2.75962015843508	2.7788465207762756	2.40710779665046	2.1369299045108345	2.451835588337212	1.91841127775805	2.207894214986311	2.804698265609688	2.3794643147677648	2.5838393309543215	2.9315436453254047	2.1964210016548886	1.6917394229397285	2.806107469632079	1.8232120655158754	2.2700658496922728	1.5595035141381888	2.595051436077456	1.4941661542751759	2.920762161174721	2.9513386891599183	2.440404651014848	1.9444725113829737	2.721676134553318	2.376140029929038	1.7923656295139212	3.602452899576398	3.3906795182223375	3.4494987654784572	3.5997405388930255
Vil1.06B.FP69	1.2585616607640087	0.27372062637304884	1.2068496012538692	0.9655233690113387	1.492564107491204	3.9999943062286007	0.5835077629846589	4.301910605344167	1.280596113475125	3.446918069934941	3.242406813747809	1.3986933917439945	1.7973546315094406	1.0741147318149622	0.247272585555462	1.022626378373532	0.0	1.4498119640502274	1.2561441533190236	1.3960675071340594	1.0846135524641753	0.9927459362821296	4.103013082977959	1.5842147196656087	0.971689107129181	1.0008411440910379	1.5096661544615801	3.7054343781884564	1.4015883961665998	1.5880284675068093	1.2266559663056094	1.2067423894042577	1.106829216192777	1.1248589157282771	1.368263187357793	1.3080383199887105	1.1259728404602911	1.6037067667019744	1.3703194216926424	3.6872807826927567	1.723575224315099	1.1543834538684352	1.05455834332977	1.1158662889829818	1.0790042848383852	1.5933423292163802	1.2143720922292744	1.4904098726355268	3.3229528635981382	1.883484799258397	3.7780545298311425	1.968166380120937	1.0238244190291221	0.8044537975497094	1.8088455651689184	0.25360348841877756	1.8935804824407831	1.827509419698256	2.355198508373449	0.4167689371259585	1.7112044710598682	1.2404205233329137	1.3343584711677596	0.6083560506889417	3.031278794623203	3.0604422786124155	2.4306811584480346	1.4641579425631035	2.5015012714465095	1.434059104610923	2.676715379529167	3.0186151997133703	2.6745484894897475	2.7761642502910053	2.9957090574920815	1.655482382957336	1.7433712337803289	2.9779570910159103	1.0760837260343328	2.58629736627774	0.9457888948999187	2.7515631703680805	1.5037904134560296	3.013084397904853	3.362526165852164	2.360943725929876	0.9922814976454326	3.058815058126931	1.6896734992783413	0.9736308685151609	3.6967829988236556	3.4938877597112037	3.3478364865935726	3.4382377081498556
Itg.16.FP481.S84	0.28341019170990883	1.2037461981295041	0.9591335648375554	0.5280502024656649	0.6382304880873849	2.6328384521745622	1.5663549751462424	2.89340115551723	0.418077097075905	2.055373602566611	1.8106847606504397	0.17188054661843333	0.44848448559665355	0.4325447247822615	1.213479193029867	0.6559396684077734	1.4498119640502274	0.0	0.4429880445189323	0.4842384238975574	0.7805519883756398	0.5090056205204668	2.682096266063521	0.1677177760046751	0.6746058299038811	1.1264550023341964	0.6946586686148691	2.3045184615963152	0.47023168848918545	0.24538792571770937	0.41412539246792995	0.6117021578908083	0.9261870546845489	0.34834779525373244	0.8178023721372811	0.3413896924636246	0.6753094489787953	0.4867808382763518	0.23152202203007577	2.3374129718071988	1.0306759578957063	0.4682535137139962	1.2002931521505116	1.1517575209431545	1.0272612361781126	0.6808820819633702	0.8119687365028334	0.8812662576169082	2.0944896766376164	0.45565611814106544	2.386181944406398	0.818755446724453	0.6569717683044137	0.6642645250167779	0.36954602009411125	1.50676841603977	0.6118434695434133	0.5702423384929456	1.3234464290445702	1.09163347501269	0.5664092760618076	1.002066639282511	0.4422398537551345	1.0310615512240897	2.169974035126345	2.187530223332193	1.9410904571421803	2.132999084741634	1.969064459631955	1.8122461471144378	1.5717914961898174	2.235173598237576	1.792578131299806	2.0292714572756885	2.417216952962837	2.0949397039609376	1.2887343714717328	2.251608774568164	1.9089139963773547	1.6789191148630374	1.6071654675644094	2.056279003329746	1.1545037956646684	2.3943495887391135	2.3212843367099416	2.027954015284766	2.186872879246056	2.1113156915986457	2.352180485696415	1.9402398970853423	3.056958539853465	2.8457743553774617	2.996749106522765	3.17147548485307
Vil1.03B.FP33	0.5377941580619302	1.0064362626518124	0.5205436411084642	0.5404613448040554	1.0088932669228263	2.8539481445909995	1.534779805772459	3.2140620153996418	0.07141509563547126	2.399450763068401	2.1411836733555676	0.5558448251480808	0.8673786159442621	0.2376976655964635	1.0421382460316242	0.8194784398629761	1.2561441533190236	0.4429880445189323	0.0	0.15364385352766208	0.35164166064668234	0.4876589539921784	2.9658352055609725	0.47456310991343315	0.31738511568089706	0.704927757058516	0.3615307364524277	2.649985713803205	0.15265835209529896	0.6024332251269758	0.05188509639291987	0.16898213074812993	1.1269107939497203	0.3891009084567893	0.3962377834782586	0.6634905400427591	0.24320190073814424	0.3659245067591513	0.21844387232335524	2.5635300321040195	1.4064938430116578	0.10344321981472326	0.77028358461476	0.7140812883256061	0.5947634449302823	1.074516214167695	1.060396540288858	1.2162266249284717	2.2577968197625062	0.7070965067692889	2.6040792018294883	1.2593687652901033	0.8212359143523195	0.47896870514423723	0.7589666220990052	1.3829601412891013	0.6791857645106987	1.0119921132588883	1.7597854382214106	0.9759563338493459	0.99903805324575	0.5608083208436552	0.0813421635994804	0.7227508378968504	1.9639139062212807	1.9898957232072088	1.6004137926737603	1.7052424968232804	1.6400803865426463	1.3718678493217067	1.4718955640972944	2.00013634516491	1.5827202840719163	1.7723578206642077	2.113164769533939	1.655407395418221	0.905918357920823	1.9938404409495811	1.5069035511631308	1.4752088831834873	1.202362209378113	1.7834417175436832	0.7336964699349009	2.1018096894546106	2.2070816557007635	1.6557155204781322	1.838434181041861	1.941681241265048	1.9183178310590205	1.559941933516092	2.7839630723815993	2.571866891595106	2.645947878765552	2.8056294446412493
Itg.08.FP445.S46	0.6421239494707256	1.1499393629461099	0.5341753583886584	0.6863662966144596	1.0956704322102493	2.7653254426444365	1.6856333137596988	3.142253347753721	0.17062696781659933	2.3430161527014177	2.0714073035404796	0.6276508279619237	0.8827406554477472	0.3892373453289028	1.1879569063741051	0.951836162899823	1.3960675071340594	0.4842384238975574	0.15364385352766208	0.0	0.4184715549930949	0.6329876775106011	2.88201481874163	0.4687440251049605	0.4348049973864699	0.7615448503845118	0.2613160862433784	2.589089856984199	0.04768997690390659	0.6298313522735156	0.20007255419079487	0.22355283077393126	1.2602978686984925	0.5210702572288158	0.3487740491471296	0.7596596181874541	0.3142527387990682	0.2664898318675673	0.2576324830845565	2.482486789767404	1.4954468789114526	0.25332551844568124	0.8074307663381517	0.7407567327523231	0.6378494727371853	1.152705180943385	1.1843798835027168	1.3195583723785898	2.1872633027845514	0.6406556242053559	2.5089528664487135	1.29673215534696	0.9550489549497759	0.6276466236653995	0.7401670065535543	1.5301316055140848	0.588800299455702	1.0419862328708314	1.8004461285330373	1.1276613337016845	1.048422583234731	0.5622086760375362	0.07599124988036392	0.8480422854430909	1.8270052741210967	1.854849734811631	1.4958474365517975	1.7350141599207438	1.52954105685599	1.3810986374182674	1.32469731051332	1.8684039986719865	1.444264951856107	1.642187213757905	1.9913475958908722	1.6567744503527375	0.8286392680114517	1.8641347528327974	1.569373777282482	1.3340352192170475	1.2640479588348223	1.6588449081422028	0.681950991659328	1.9765258815469517	2.066020021151506	1.5691420789661386	1.930750975662524	1.8000456506644336	1.9423113820965454	1.6343703571806965	2.6520883979666663	2.4412041936597624	2.537520943692713	2.7049160311521505
Itg.24.FP529.S32	0.7986482893050268	0.8492868028183311	0.22024085893279882	0.6668282284585046	1.2790418347252708	3.1134791633660894	1.4800571329606342	3.5274603529476307	0.38050327983486754	2.7207814013104565	2.469146557669348	0.8637376110006834	1.1983253288810993	0.41469238534964703	0.9068233689251434	0.9828190505089599	1.0846135524641753	0.7805519883756398	0.35164166064668234	0.4184715549930949	0.0	0.6117873032982147	3.2654645035987118	0.8183457282279266	0.2388271023009693	0.3534077596261083	0.44175533110737253	2.9747924144015774	0.4241861029934035	0.9210154826649971	0.3689953054136696	0.1979163518420269	1.2732341541190757	0.6045697754805823	0.28664126039804544	0.9337199612480285	0.13468550331991508	0.6236710297062036	0.5671533164399066	2.823029155534018	1.662972458914854	0.31895933856636727	0.4422130973129274	0.38500524453810264	0.24729739169019205	1.356110090326991	1.2434206263246708	1.448027818211626	2.4693234428807083	1.0422157705245767	2.8707529133213554	1.5818302217292666	0.9819687895776932	0.4815085539829585	1.1091728301599655	1.2620621823179468	0.9461821541702391	1.3418585425733462	2.072283462713238	0.8957798690834169	1.3163143094553338	0.2708137884524082	0.39521633536320694	0.48889957052095917	1.9711829889018164	2.0006916005076314	1.4719341161580262	1.367673381028493	1.5273037637350577	1.040412397779806	1.5946935631278103	1.9771782495775754	1.6034337464493287	1.7375271609180691	2.0213842416631316	1.332974776316197	0.748670860350889	1.9507359621462081	1.166160667693037	1.5096085564508446	0.8664815978737903	1.7285219816175734	0.5226780775887127	2.0236642195898074	2.2837139011442327	1.4769251604820672	1.5244243983473886	1.9839185405017636	1.5733003368159308	1.2354373134695962	2.7178453308543244	2.5060973805191478	2.494864841629309	2.6317014590436787
