	Vil1.03B.DTT33	Vil1.05B.DTT57	Lyz2.07B.DTT281.S123	Vil1.010B.DTT117	Lyz2.02B.DTT221.S61	Itg.10.DTT456.S50	Lyz2.06B.DTT269.S111	Lyz2.03B.DTT232.S72	Vil1.09B.DTT105	Itg.20.DTT504.S99	Itg.20.DTT505.S100	Itg.24.DTT529.S24	Itg.18.DTT492.S87	Vil1.014B.DTT164	Itg.26.DTT541.S37	Itg.02.DTT409.S1	Itg.22.DTT516.S11	Itg.06.DTT433.S26	Vil1.09B.DTT104	Vil1.02B.DTT21	Vil1.03B.DTT32	Itg.22.DTT517.S12	Vil1.02B.DTT20	Lyz2.04B.DTT244.S85	Vil1.04B.DTT44	Itg.24.DTT528.S23	Itg.08.DTT444.S37	Itg.16.DTT480.S75	Itg.12.DTT468.S62	Vil1.04B.DTT45	Lyz2.03B.DTT233.S73	Lyz2.07B.DTT280.S122	Vil1.07B.DTT81	Lyz2.01B.DTT208.S48	Itg.02.DTT408.S100	Vil1.013B.DTT152	Itg.18.DTT493.S88	Vil1.013B.DTT153	Vil1.01B.DTT08	Lyz2.05B.DTT256.S97	Itg.04.DTT421.S13	Vil1.014B.DTT165	Lyz2.08B.DTT292.S134	Vil1.06B.DTT69	Vil1.08B.DTT92	Itg.10.DTT457.S51	Lyz2.05B.DTT257.S98	Vil1.08B.DTT93	Itg.16.DTT481.S76	Itg.12.DTT469.S63	Lyz2.04B.DTT245.S86	Vil1.010B.DTT116	Itg.04.DTT420.S12	Lyz2.02B.DTT220.S60	Lyz2.08B.DTT293.S135	Vil1.07B.DTT80	Vil1.05B.DTT56	Lyz2.01B.DTT209.S49	Vil1.01B.DTT09	Lyz2.06B.DTT268.S109	Vil1.06B.DTT68	Itg.06.DTT432.S25	Itg.08.DTT445.S38	Itg.26.DTT540.S36	LYZdtt364	SLCdtt050	SLCdtt110	SLCdtt075	SLCdtt002	LYZdtt328	SLCdtt021	SLCdtt111	SLCdtt074	LYZdtt304	LYZdtt317	LYZdtt305	LYZdtt329	SLCdtt092	SLCdtt020	SLCdtt128	LYZdtt341	SLCdtt051	LYZdtt340	LYZdtt365	SLCdtt069	SLCdtt129	LYZdtt352	LYZdtt353	LYZdtt316	SLCdtt093	SLCdtt068	SLCdtt003	SLCdtt164	SLCdtt146	SLCdtt165	SLCdtt147
Vil1.03B.DTT33	0.0	0.9707728576152436	0.9838070063410467	0.04481496109149418	2.2664241611661664	2.4204228136739543	2.1560238581757325	2.097026513493284	0.4425391597812746	2.7147150363690433	2.15765346772992	1.9569984718148639	2.5433363008845746	1.408580833682061	1.7819794292535307	1.3311669313090815	2.4909769813750757	0.48705916019520323	0.5239692652290401	0.6131196673258291	1.369205766435324	1.7863631639314044	0.7528896129983871	2.5169187583458807	0.5798306933636527	2.1857530008970705	1.4214947454369158	1.075796153804614	1.8786251758452652	0.5739479392956175	1.4389366601820555	1.2994534652356347	0.5414678369106578	3.698100122243448	1.6124968152011272	1.7364126187978373	1.3085937543689785	1.393142468394371	1.1861864283077619	2.303244329492718	1.0058979014606235	0.3036346958574968	1.3675113210748624	0.5359886305282346	0.8493291757311309	1.2827822739482768	1.6478221229341623	0.7437999060151748	0.680797400476408	1.7489000490676314	1.5408141848207304	0.3254295586400907	1.5451723589253281	3.0027832913437873	1.234571474506838	0.5820564828377898	0.6835861272869113	2.7213409530717514	0.6107510831856606	3.25522405442556	0.785350908147898	1.9174147869817475	1.1538887534447801	2.7175559522292154	4.632602555840288	3.2367226136663647	2.8284212963769084	2.7457140981289245	2.8401778239488142	3.5724472356634935	1.826393410748057	2.6823174979529427	3.1409428217620077	3.453468285416979	3.691009232350671	2.7095654637533118	3.7283786675212087	3.2581815203540945	2.6213142378992176	3.0852235044756777	4.319172576131628	2.5534330415823843	4.389946622335266	3.973043819521979	2.4471242824465254	1.2803621877733637	2.5626160510057963	3.235872863814681	2.636191086194182	2.909986542354816	2.5204309647161427	1.8191514051563538	3.316076404754211	2.143460580841649	2.550314345968921	1.971989452282931
Vil1.05B.DTT57	0.9707728576152436	0.0	0.7901272209955091	0.9273086996033164	1.8236408547540635	1.9837814479469524	1.7024806816945903	1.7360470369091556	1.0882086576541072	2.256873138777445	1.840888614549152	1.6223539370689022	2.1283288985989453	1.3700617892497173	1.6496413192810355	1.222915271863058	2.025430499629169	0.9640199700165251	0.7562684464931562	1.0889902754205705	1.1182067466811143	1.5418326741014656	0.7525316308626699	2.0691113758844057	0.8240782055445252	1.7435531615157023	1.2217714501940093	1.0936536846918608	1.5230504306069605	1.1179917897186757	1.0938658010925912	0.9034239539857506	0.5353020051978169	3.1533404926511546	1.2879783177873663	0.8835069916784876	1.1732681628968795	0.4233634179039841	1.04828666648138	1.8870730927488728	0.9314148357493498	0.9251325634088814	1.2301068633248322	0.7677643186701478	0.6551737374751342	1.0669555580057954	1.4613321078560333	0.6691643967534253	0.993886039874755	1.3978734466809508	1.1216995942014225	1.0508188795497693	1.1941263698130766	2.4841175329421827	1.2849126637919766	0.642848340764575	0.3916612731356983	2.2578172907790326	0.9434603638620764	2.696045631632974	0.49008340236405057	1.5590036407185028	1.1024990636807313	2.2550039476605983	4.084716096616337	2.6998111151030733	2.3299359843582406	2.2099432572738107	2.3492691141467565	3.278140982417604	1.3668881082702122	2.152786200993398	2.6086929399180714	3.31610677828713	3.8140636578126417	2.836837592132457	3.6264339256327953	2.7176293325008856	2.080805546006254	2.5497611849464796	4.305038159688316	2.0196992335087676	3.9402598736366463	3.7244879032241687	1.9526035559854453	1.0666124438530749	2.292248181198192	2.965974696644906	2.5372026293004155	2.4467377518011335	1.9914990072198673	1.3917404134481177	2.8810872989026297	1.758211749007306	2.3562247202740836	1.8374588702755643
Lyz2.07B.DTT281.S123	0.9838070063410467	0.7901272209955091	0.0	0.9474082012801065	1.295406311192425	1.4630739753293818	1.1757770425287823	1.1341772072971237	1.2678327791315658	1.7528253862536745	1.2531561365890405	1.03425680176699	1.57274442686326	0.7913909873216738	1.1376887955212518	0.5191599977754029	1.5103939034860627	0.5927380766355741	0.7638666550952611	0.8132987915821233	0.4752047643699892	0.9567866585017748	0.246409428755678	1.5607287100377296	0.44317143168807527	1.2138117601833447	0.4946755116204944	0.3517671993115693	0.9318588563684085	1.062922398921803	0.4692550625248913	0.4481362555879597	0.9514061210519246	2.7332297455954873	0.6748108803329992	1.0126916620670794	0.40500982231656174	1.0066306175354423	0.4870646628657487	1.3324601567175676	0.26419999920461035	0.7191523986224203	0.7393586841888825	1.1236982423041637	0.2434118499370889	0.32699283147849767	0.8480605823056414	0.41826907995643514	0.5120267312496111	0.7823021247436441	0.5827237063612193	1.0999617741157357	0.5853680000602726	2.0238360483947657	0.8017960390138701	1.02272670606585	0.7078003718266405	1.7440026993335105	0.6068977609513205	2.2964653712661014	0.8796992296220257	0.9498507791310545	0.4231833954674261	1.7399503689125977	3.6689443599023903	2.331314147676249	1.95750542767328	1.7716637811091396	1.8929341819948011	2.9152624240866514	0.8783171035809861	1.768561888121012	2.1576074753950176	2.971420945652532	3.591144264077831	2.5914611751894414	3.3523587798102596	2.4444493293416305	1.7095287658639338	2.10737989777592	4.056593604530002	1.595370642580055	3.5263279311845994	3.3335582046786185	1.5063611558976862	0.4064268896561303	1.7819625405527115	2.521657330304905	2.0649879008379926	2.1530813659238905	1.5621911496534782	0.9123385637998799	2.3526226204577796	1.1737746309445505	1.8578188691132174	1.3795511691076205
Vil1.010B.DTT117	0.04481496109149418	0.9273086996033164	0.9474082012801065	0.0	2.2319719936206712	2.3856610536019494	2.120688365356031	2.063870274667372	0.45078731795513655	2.679920098114768	2.1276958635913066	1.9255041072598067	2.5101762657051605	1.3862311994613978	1.759419748679337	1.3034699197325152	2.45581900472528	0.4676207845190954	0.49186874044494594	0.6058168715418242	1.3352604166154978	1.7579895861918273	0.7173408126849632	2.482017539600724	0.5498950521627215	2.1510841954372832	1.3898763745440073	1.0492787068100775	1.8446322111930924	0.576485026270719	1.402968274332405	1.2609404239986766	0.5074660980400988	3.6618098193394633	1.5780972166693008	1.6927008664434038	1.2785439009114068	1.3494166304266535	1.1569259658565079	2.268981336430788	0.9732964098201812	0.2835166579644853	1.3414050991798105	0.5144546741879158	0.8099510836659761	1.2496635839050145	1.6206873665605814	0.7054105379558321	0.6603573974244786	1.7146060739568354	1.503407745791377	0.33094656488548035	1.5096668801245614	2.9667360934459692	1.2153283058476094	0.5554850206452296	0.6406143209413704	2.6869877269282347	0.5906048850195806	3.218070934211531	0.7470726743019724	1.8837039870917887	1.1265127696948294	2.682859535240283	4.598074609563691	3.200231446128909	2.792637679547506	2.7095267168556356	2.804509421653781	3.550213768850829	1.7891862630681743	2.6452851972450047	3.1048504166365225	3.438770252397593	3.6913828972453233	2.707622360624759	3.716907384013999	3.2220306057558785	2.5838796289284565	3.0487436324992636	4.313205059287588	2.5160830792458535	4.360369661765115	3.9530975895596856	2.410648673147823	1.2483925076335234	2.5372112984511483	3.2129910104839703	2.6195151175864697	2.8759736566040073	2.483158039885576	1.782755926013363	3.2837692796081366	2.1101901957167146	2.5285456881850656	1.9511816941398785
Lyz2.02B.DTT221.S61	2.2664241611661664	1.8236408547540635	1.295406311192425	2.2319719936206712	0.0	0.6539030087096588	0.17393168685543012	0.4674871298236286	2.5605736633340115	0.7850819450950136	0.41411929249706064	0.41489152271347446	0.3287618318680515	1.1752766749610022	1.110271455040934	1.011405005476593	0.38824230746281985	1.8321405432991902	2.0308540267744446	1.9168442770104632	1.0691794753585644	0.7302889658248262	1.5364283481910994	0.7143013446700012	1.6929584093482435	0.08255208453084502	0.9379887919909325	1.244901017208967	0.6861455081486042	2.1894205005789904	0.9037895153577231	1.1863234548328243	2.1651896494855456	1.640757381168745	0.8506882877311076	1.2283656189767	1.0012640275409528	1.733586355759171	1.1837385580675055	0.4418675529012459	1.3638692982001384	1.988270527623967	1.1779975047764206	2.3874424105449705	1.4944101624185167	1.0020131906889675	0.8407121865798552	1.6646542476873336	1.6599132096353866	0.6489883279400772	0.8706479723102156	2.3903465751905704	0.8439097912716137	0.8810412159482492	1.4125910577634138	2.2051398343021975	1.9201406975025663	0.47613083239997867	1.7574438846819638	1.2884707099025554	2.0566421970812114	0.5138055091251389	1.1810599074384756	0.5944693094163525	2.37780424638599	1.5537034169933994	1.3918200974651858	0.5065760446272423	1.006762693721066	2.167874152056826	0.7539863662286714	1.1103640267232238	0.9353480287141562	2.51120499007558	3.60344901565111	2.73179523788605	3.009089664430836	1.9387611177804551	1.0868045078238098	0.9774429964708052	3.801450159595762	0.7692109579567251	2.3613189042012572	2.5619935539689607	0.8240668918796705	1.00966733930455	1.0165262799767774	1.7157219094481484	1.646399570421582	1.8534592148499023	0.7492292272625084	0.901491649101907	1.070024459705425	0.1947292236515874	1.2707502949899412	1.2586421134986103
Itg.10.DTT456.S50	2.4204228136739543	1.9837814479469524	1.4630739753293818	2.3856610536019494	0.6539030087096588	0.0	0.5601020267032467	0.3953465101194272	2.630373623477812	0.2958016724634735	1.0106124771919835	0.9616710268595463	0.5773448681770158	1.6238624676672002	1.6721214539985807	1.345949683240502	0.34875051135615026	1.9912049196529091	2.0710081136877596	2.2058240768779003	1.0570200564129302	1.26585984166649	1.671048557145784	0.09997521332017466	1.8870736184427694	0.6609229219283477	1.0261788228130686	1.4887255102186634	0.5443796924140069	2.491752202865804	0.9942817875625258	1.1739179622852711	2.35699603488514	1.2879436666014676	0.8085021163221	1.4731405888521971	1.19171667150507	1.886487696135619	1.554467796450948	0.23022539164502057	1.4211654196034462	2.143536613736128	1.6383584269340765	2.4672034740392044	1.5961840990892682	1.18201352757337	1.3269831245156183	1.7246616282109746	1.891963263170586	0.6908447676768654	0.9023005419547149	2.459770991107593	0.8798766887791866	0.6398309849102563	1.8440245474846477	2.4427813805831042	2.011754453947545	0.6338723534530243	2.020271127709116	0.8752075426845787	2.095472861016283	0.5508826157027201	1.4958971252386597	0.4216988215837965	2.4899565473534593	0.9870582359271544	0.7665868866937396	0.8100272709935319	0.45496612738442954	2.7758910887500474	0.6281485508371495	0.5206735724142263	0.8450172174808812	3.1455901987724832	4.230293958117345	3.3385413210439783	3.652333503930587	1.3332357282341838	0.5132914403975547	0.7137839524206874	4.441477931467897	0.2803884357928769	2.754425760250249	3.1470162716531003	0.2395596705015658	1.3316252476006594	1.6363110222625479	2.3110625859955416	2.2619171644768956	1.2292337177388548	0.25744539519805676	0.6659339682424609	1.1915308651547165	0.5895765141783617	1.8912701955136604	1.8579316562927581
Lyz2.06B.DTT269.S111	2.1560238581757325	1.7024806816945903	1.1757770425287823	2.120688365356031	0.17393168685543012	0.5601020267032467	0.0	0.3395635240346187	2.432234840056251	0.7466977079943479	0.516442566214587	0.4401207535592437	0.4261887801646449	1.1587434536085772	1.1517822698448261	0.94753356055206	0.38036987914986825	1.7257268605652083	1.8936464862051874	1.843407645624778	0.9187276760583675	0.7516701473850301	1.4149744734963507	0.6350488696283152	1.5888671204443072	0.12474435550297604	0.8083030052500775	1.1571277919471368	0.5257044824479538	2.116895083228814	0.7593549366444953	1.0292902000777795	2.054554941664612	1.6600006273342154	0.6925560443142627	1.1368874473163848	0.895606134597024	1.616192737122384	1.1234657458453923	0.34951174707447885	1.2291614072544392	1.879222670196284	1.1542460469404685	2.2560034660600268	1.3620845981978607	0.8850880044040047	0.8385999434743859	1.5274018931688575	1.5704417305792042	0.49547640303060997	0.7124133281474069	2.263511785246186	0.6904627340688779	0.9053678455120779	1.386077879018052	2.1060514053439965	1.786658227275957	0.5720451935862352	1.6732123910064496	1.2752339199012623	1.9145885661189066	0.36415635166011573	1.109467161723972	0.615437694133048	2.5089214353234657	1.491428194214062	1.2875282257866905	0.6200839131318371	0.9529291485081	2.3253210127514725	0.5804258998361697	1.0092977501569225	0.9987570667340717	2.64808557783196	3.7000802036640894	2.8057599083310065	3.137668110336396	1.83811588287819	0.9780355414261949	0.9984415709070215	3.9265351650911704	0.6823863793310165	2.52969176257164	2.72463576476348	0.7103573675111521	0.929721957888646	1.1614684752378546	1.8764197127435214	1.7673639219937871	1.7263436885947363	0.6573426069156713	0.7288429040070283	1.19732276391975	0.15331677142405253	1.4018553855438252	1.3255519828250462
Lyz2.03B.DTT232.S72	2.097026513493284	1.7360470369091556	1.1341772072971237	2.063870274667372	0.4674871298236286	0.3953465101194272	0.3395635240346187	0.0	2.346643654526664	0.6549720324460531	0.7188642122184609	0.625482707854858	0.551399798045692	1.2356274504844424	1.3094787041205376	0.9581407554028705	0.4434865300140057	1.6500745979410407	1.798336841504718	1.8354517144601046	0.7695392361135063	0.9041790541004442	1.3494392646242552	0.49186961015611647	1.5436812448141846	0.4363091147887209	0.6803003921144235	1.1141520568825378	0.28239436084747715	2.1285596905513047	0.6812371309041989	0.930494104703919	2.060611134932754	1.6480852034045472	0.5235575468768429	1.3045578983935018	0.8221188690404829	1.6978531658387317	1.1799245642442657	0.22134984323800544	1.1131127850470177	1.8107440126463885	1.2617854898802505	2.200593857202649	1.2994286084666464	0.8284049846677832	0.9485528011257619	1.4421626052729295	1.5288869172136768	0.35650076913145545	0.6310308358452108	2.167104112509038	0.5780969897377615	0.9393284733461668	1.457056818608593	2.1319177095786968	1.7495507808924176	0.712349933244593	1.657731219367344	1.2518434893166623	1.8615347199136747	0.1858621549284681	1.1148410555298425	0.6376269480569364	2.6732883620663945	1.379435399007844	1.1165091219002397	0.8606019583089379	0.8484208873101327	2.5957778097004836	0.44883468755168127	0.8793109801840532	1.092519525606962	2.891620270366773	3.9009600293455438	2.987225878243178	3.385051398469813	1.6854041350454563	0.8529584458358982	1.0308453304579988	4.16167210831156	0.6219933496528747	2.7679196785197857	2.9779164912732496	0.5674743795182436	0.9602040528157932	1.3950686346036447	2.124574228594962	1.968365235835074	1.5187703209523111	0.5911956723936767	0.539739689509624	1.3148629921875554	0.3064629183167755	1.6190256650098038	1.5125691071915952
Vil1.09B.DTT105	0.4425391597812746	1.0882086576541072	1.2678327791315658	0.45078731795513655	2.5605736633340115	2.630373623477812	2.432234840056251	2.346643654526664	0.0	2.925577980508991	2.503575499335321	2.2919636586571794	2.829207605734056	1.8156209507475711	2.1927862371473283	1.6911802705552452	2.7435233293548404	0.8458551674627469	0.5623560986732251	1.055070835486233	1.583166175904811	2.157230544796621	1.0301994210132002	2.7218295521414073	0.9420974226604408	2.4787816350425285	1.6868163003276981	1.4285907230659454	2.0999194206216494	0.9837671408155113	1.6840399864572093	1.4742194332924283	0.6921048915085035	3.888344555147557	1.8332249311447129	1.9330383605913743	1.615428665415464	1.4909527363004542	1.5641502214747058	2.5445801431297865	1.2379385527342348	0.6767836219187081	1.7662231955640193	0.35721608402228877	1.0720367336665138	1.5742752427393267	2.0246336237436204	0.9145673281853015	1.0781626076419906	1.9967171600778262	1.7609533279900447	0.21723521747454996	1.7789153661640398	3.23061129349583	1.6583665373936176	0.7916492406218038	0.7606880720294149	2.998667519313098	1.031920925425462	3.43496845754965	0.7389864235841807	2.171413784171957	1.5243128913579114	2.9638538812654955	4.931662943246181	3.360405759962946	2.934514534793069	3.0277182487002263	3.0206384910314066	3.985168838100631	2.024773505712059	2.822455477200458	3.3876038514060807	3.8844970648392887	4.105140810254757	3.1322941576160415	4.156081063064651	3.3075337763935444	2.7594131304081064	3.3053797396391547	4.743544816721432	2.7418411717751394	4.757102692560895	4.393887159210234	2.6225386368318535	1.6229446721142287	2.9556417189161586	3.6452083447642885	3.066017126829284	2.9389362249087942	2.710061133122485	1.988352977614754	3.6135897581781355	2.432937697879842	2.962530536805872	2.391127202050586
Itg.20.DTT504.S99	2.7147150363690433	2.256873138777445	1.7528253862536745	2.679920098114768	0.7850819450950136	0.2958016724634735	0.7466977079943479	0.6549720324460531	2.925577980508991	0.0	1.1502914585022876	1.1508473049500783	0.5927444963451768	1.8601291090897634	1.8634822876210106	1.6067434595352532	0.4001822624038653	2.282830572340229	2.365719125064873	2.485604273733494	1.3526366636135099	1.4669556515410325	1.9644071229556945	0.20562459210886483	2.1771477795440215	0.8198606498389166	1.3144676308359893	1.7668192945058914	0.83837848381753	2.7724394247837836	1.2845324854204079	1.4657372966176154	2.6431345779350637	0.99951515149529	1.1035450916476741	1.6854036592728925	1.4722767617788766	2.1324429795246096	1.8161073454662504	0.449721713526574	1.716318203975652	2.4367911857111495	1.8779269955377995	2.758716489161804	1.8895863505756672	1.4669727024987353	1.546383407567335	2.0194601822786526	2.1765110684667994	0.9769328916107283	1.1922704644127071	2.7554853037601292	1.17214304875624	0.3825659938989827	2.090673075143989	2.7261459771132426	2.300231488489061	0.5594087226125997	2.30344536619419	0.613438607880032	2.3812469585819773	0.825249496850111	1.7648940672509732	0.28534456862852203	2.2466004385284672	0.8090866971601368	0.7263607669407267	0.7563701173896745	0.24770799592818243	2.777664454164978	0.9160297816867597	0.5029372612865219	0.6095624026842612	3.202502627229814	4.357140997045758	3.4986632076602753	3.721710240071702	1.2534068944799424	0.5321678217491077	0.44716880130913284	4.515791836563057	0.31305620879548246	2.6095560835188167	3.128992462204274	0.38295461245420503	1.5993324811902967	1.7044864066849452	2.31783217140418	2.358715123635381	1.240506063410593	0.32297324158286944	0.9526481740338425	0.9995037660793463	0.7748917437482528	1.9772334902803304	2.026176998403216
Itg.20.DTT505.S100	2.15765346772992	1.840888614549152	1.2531561365890405	2.1276958635913066	0.41411929249706064	1.0106124771919835	0.516442566214587	0.7188642122184609	2.503575499335321	1.1502914585022876	0.0	0.22671391147121844	0.6109224325117562	0.8885224543114162	0.7494023806038524	0.8340399027628355	0.7710700553136753	1.7146410134890209	2.014746342257922	1.719323183167439	1.141102672245544	0.42377691064058276	1.4820680275762217	1.0794600830894805	1.5804095440238868	0.40792461190634	0.9503969628191979	1.1040723345268706	0.8965546979385531	1.993771706922238	0.9716566310253599	1.2880803112909727	2.099541197879903	1.9862611838326598	0.9817153812479039	1.3493022590066774	0.9312011982619003	1.8178755171594347	1.0013236613357577	0.7820365402887047	1.3550433776301305	1.8769617013225606	0.9262540158400004	2.3623490796199604	1.4847517733915985	0.9670225886245466	0.5557744217937455	1.6611016193634816	1.504360681920017	0.7927214424072384	1.0009618207999174	2.3258238417097585	0.9506795611742014	1.2390813441559	1.1388380451967828	2.1098972122481454	1.923329153804247	0.7762099969295446	1.591872154657726	1.6704345353951109	2.08964248626959	0.7052546184051209	1.0095944433899147	0.9457409995188608	2.5177333686386034	1.9449033205759259	1.7716495783693285	0.7949744506937728	1.386872380281984	1.9083438020007268	0.9951473385421035	1.5014252813359878	1.2570046616223183	2.1729305490323574	3.2211856844736655	2.348594966364252	2.6676245519780926	2.3305406771374706	1.4781899428628842	1.339270540713906	3.446655692689111	1.1699640781187213	2.308881904920468	2.2981144720293543	1.202065766778944	0.8843150511959305	0.6877044964486677	1.4422955673517062	1.261552944713862	2.2157661544793332	1.147953474987117	1.1422363758319565	1.2277088121112665	0.4335757191816844	0.9035868345390737	0.88199859782047
Itg.24.DTT529.S24	1.9569984718148639	1.6223539370689022	1.03425680176699	1.9255041072598067	0.41489152271347446	0.9616710268595463	0.4401207535592437	0.625482707854858	2.2919636586571794	1.1508473049500783	0.22671391147121844	0.0	0.6892927523844695	0.7646488971989565	0.716770039484037	0.6496771935350352	0.7770780554722134	1.5186871808634417	1.796308926054463	1.5481270958010116	0.9324558661572225	0.31991549650675055	1.2676595470233218	1.04340709791657	1.3788080563118705	0.36512946051427847	0.7477656666331287	0.9129719481715404	0.7429630805446233	1.8226723684141817	0.7540261989554713	1.0679048627908128	1.8889673533532592	2.0475324351627817	0.787617829587411	1.1690944475101916	0.7281527703743659	1.6097260033503993	0.8171657352658153	0.7343372951643774	1.1415066851217093	1.677799968614617	0.7824277315195752	2.143249965405311	1.262802825764882	0.7513805760140425	0.4272628293603385	1.440227278875999	1.3175979492653331	0.6097413111971629	0.7888758866526114	2.1170727669564666	0.7429526707250733	1.2892924299568207	1.007537760487738	1.9077620927010945	1.6999016926614579	0.8644137496494695	1.4067277875988842	1.6927150392990753	1.8640795304622135	0.5589533599409321	0.8229532311902413	0.9871016727750531	2.6912014099931514	1.9226676898251305	1.704934533108904	0.8803688605059719	1.373714428229514	2.0781991357586502	0.8189243752575982	1.4370517331028425	1.3405000744639635	2.308384935736832	3.288103796380973	2.379931540638112	2.7839226745375107	2.2631688176359908	1.4042976059355416	1.3877951833944975	3.5573169493371433	1.1193087828244281	2.5135614671083766	2.481041744980549	1.1289949867320892	0.677664555480624	0.86753371704995	1.6291341855780344	1.3875546905991645	2.118399562646873	1.0931670105684015	0.9686134109042572	1.390535823870023	0.37832739686240574	1.0534508000585219	0.898604723577058
Itg.18.DTT492.S87	2.5433363008845746	2.1283288985989453	1.57274442686326	2.5101762657051605	0.3287618318680515	0.5773448681770158	0.4261887801646449	0.551399798045692	2.829207605734056	0.5927444963451768	0.6109224325117562	0.6892927523844695	0.0	1.443642254236586	1.3581449705865987	1.279507554308842	0.2639475834329949	2.0939166414765724	2.291432584326221	2.197506026976197	1.2869620656411533	0.9966883638902156	1.8063780195499892	0.6008479455104231	1.9696060717981014	0.40160712658041275	1.1619529102506154	1.5055232976953723	0.8264557237281526	2.482462107269009	1.1537223494192226	1.427364122008758	2.4700480788403887	1.3794442940682468	1.048764473747594	1.5258064790139703	1.2481408599237507	2.0328904265132053	1.4790701187372206	0.42303159533194634	1.6062188717203145	2.2571530007841347	1.4708666541098618	2.6689820931769193	1.7659916084608644	1.2634511107747861	1.1074734558713093	1.9272273925425847	1.9297084264086832	0.8542255637533969	1.1107168680648618	2.6519619689928824	1.0731340397610898	0.6378303994329171	1.691215501793399	2.516044380385068	2.204933900350001	0.20660978063723429	2.039949949549104	1.0758025268158415	2.3321123656145115	0.6850974349281268	1.4568962448158855	0.3464074094277715	2.143992190590683	1.384000522004385	1.2919377136472048	0.405586869006872	0.8320219167749305	2.2134804172913998	0.935117053111661	1.0288399622640285	0.6819626253405252	2.612264802587648	3.774101654166795	2.938126818403462	3.1316973041221225	1.8308485048667071	1.027772407270596	0.7406695063033798	3.9239173627135284	0.7021279412638831	2.2301883157655724	2.5741277763976753	0.7812549112044147	1.2992403009314055	1.111869027511543	1.744631629585	1.7703644160953413	1.7888267830285904	0.69186814637717	1.05131573301444	0.786992291056329	0.40009189065999234	1.386332303727221	1.4867382103831932
Vil1.014B.DTT164	1.408580833682061	1.3700617892497173	0.7913909873216738	1.3862311994613978	1.1752766749610022	1.6238624676672002	1.1587434536085772	1.2356274504844424	1.8156209507475711	1.8601291090897634	0.8885224543114162	0.7646488971989565	1.443642254236586	0.0	0.397585435120868	0.36471148391499064	1.5177181000632052	1.0112327027576447	1.4426890074958645	0.8749123626411495	1.0230802242533426	0.47446270747836405	0.9270239588424652	1.718454086520489	0.8861929767027116	1.114905562965153	0.8428908951621291	0.5268276582757991	1.2050111061275857	1.1390865810607544	0.9072392466739291	1.1286771248968785	1.4248182150266835	2.8004812857637456	1.0703872209645735	1.3212231430433357	0.6514777914158695	1.530122793652002	0.3321359861665465	1.4149190899605175	0.9645013455070045	1.1546587422812633	0.19143439603907675	1.7292222531364718	1.0157476584149032	0.7025307635622876	0.3391900047117867	1.1684581004582675	0.7554803008240143	1.02133692274799	1.0332775048902665	1.644363281351179	0.9865625111629811	2.0444357311973795	0.25681592143144233	1.3929123466581002	1.3883514790704374	1.6266225909488736	0.7994266344675028	2.4290201739605193	1.5920244502382834	1.0939524278790436	0.3800849234768455	1.7341699583401304	3.382876772138734	2.6014518502535355	2.312865606519845	1.6328471724811275	2.069830551373951	2.232908721628575	1.2501349195760756	2.0726265230040566	2.104941833808286	2.2194244806660333	2.871140057326366	1.8883997963532115	2.6073823335653397	2.8624670406250483	2.0289024603230517	2.142895187947524	3.307782263892929	1.798069939166107	3.018422228955411	2.6263652116319554	1.7633836286684466	0.45642944748497916	1.163173673043783	1.848816623047241	1.3001164683876754	2.6375473746700466	1.767410005581545	1.35749598722257	2.1139255324010766	1.1002547432069418	1.1542552946870355	0.6317082214796764
Itg.26.DTT541.S37	1.7819794292535307	1.6496413192810355	1.1376887955212518	1.759419748679337	1.110271455040934	1.6721214539985807	1.1517822698448261	1.3094787041205376	2.1927862371473283	1.8634822876210106	0.7494023806038524	0.716770039484037	1.3581449705865987	0.397585435120868	0.0	0.6789579570044467	1.486963889908565	1.4050146474243308	1.8212778941687235	1.2264255208396775	1.3074913701851534	0.40884929157655864	1.301553253039656	1.7566526050368707	1.2717264089574056	1.0702512211234894	1.1108837070664772	0.9042547123373949	1.35829141478233	1.4526118204914897	1.1536056438378088	1.4148016424409664	1.7479982897699085	2.7312285487699763	1.2899115531328664	1.4197404555267674	0.9536651492437777	1.7379368581589332	0.6716018864942657	1.4457582454418798	1.3198296096876783	1.5415226424135133	0.44129896943878	2.0872313009939694	1.3689314957162861	0.9990459680053408	0.3944343489115252	1.5340412248686737	1.1473288319588828	1.183910502831254	1.2533734448767124	2.029658748498656	1.2107798478285865	1.9784833973220575	0.5617592402039517	1.699138981940241	1.730074148263924	1.5199709938383206	1.1729575395225098	2.3981281749717525	1.9331783178369848	1.2049771299201482	0.7521316046102544	1.6840282310813681	3.1193272097815017	2.6392172045802664	2.4072196641135135	1.4912285049898772	2.089814703644317	1.8353557592926104	1.4129629140978497	2.144064724102989	1.9936451880520445	1.848806256304653	2.627578199272183	1.6839772361749559	2.261878624817252	2.963745827710837	2.106702797557361	2.0767769275092993	2.9909907738380936	1.8318904691567637	2.664426380011498	2.231554744823317	1.834338062935097	0.7540180780923831	0.8072179860075546	1.4580360224084392	0.9286490343287598	2.7898156188333227	1.805175696177015	1.5474894800905614	1.9269050230489437	1.0921722736677881	0.769968215282594	0.25532497772053864
Itg.02.DTT409.S1	1.3311669313090815	1.222915271863058	0.5191599977754029	1.3034699197325152	1.011405005476593	1.345949683240502	0.94753356055206	0.9581407554028705	1.6911802705552452	1.6067434595352532	0.8340399027628355	0.6496771935350352	1.279507554308842	0.36471148391499064	0.6789579570044467	0.0	1.3015343403647996	0.8831113890253633	1.2406540645859283	0.9197359999769098	0.661125116095748	0.4942449364729738	0.6997595607117127	1.4444277052487398	0.7561695167408021	0.9397355698468586	0.4791772108575459	0.2786961888276382	0.8766965777833245	1.2158107258008113	0.5573829495048259	0.7910540058479316	1.3507749566241005	2.5815579240289352	0.7160131199282752	1.1716232970127998	0.28838961184372364	1.3730849385112074	0.2768834696485996	1.157674288779301	0.6517446794027247	1.046531761652833	0.4050683210900709	1.5894274572267295	0.7600150543881571	0.34689137616370547	0.36207840553828335	0.9217758306133568	0.6720713532294396	0.6953214177973253	0.6919497589679785	1.5084252598323369	0.6358939097066412	1.8369511734438297	0.5228239734481569	1.3666719781986392	1.203757117160074	1.4690567369041925	0.7740696823311928	2.186458899849116	1.389634881487258	0.7972243245147865	0.18489188965125763	1.5251128006810128	3.339669397669418	2.311190099041105	1.994387147011322	1.5063527644275039	1.7990849007383167	2.467269225772068	0.9200098389375636	1.769954610337118	1.933119531534214	2.5263996999451863	3.2345014575696056	2.2530477620411897	2.937607360595155	2.537014611162029	1.7238655662496927	1.9328400846923286	3.6543177945145735	1.5245781493009614	3.1077762826013617	2.867505376778339	1.466541258001471	0.1755212453101522	1.3094495866032736	2.0513661054944476	1.5836517744724423	2.2920192579057255	1.4920902395686504	1.0110500348851152	2.0175882294290033	0.8957609043566572	1.372607842694209	0.9335169019401928
Itg.22.DTT516.S11	2.4909769813750757	2.025430499629169	1.5103939034860627	2.45581900472528	0.38824230746281985	0.34875051135615026	0.38036987914986825	0.4434865300140057	2.7435233293548404	0.4001822624038653	0.7710700553136753	0.7770780554722134	0.2639475834329949	1.5177181000632052	1.486963889908565	1.3015343403647996	0.0	2.0551955238882034	2.192318190960958	2.20281568324334	1.180434312839759	1.0969298078343177	1.7408617498432453	0.37058069547542244	1.930887057165089	0.43072473792747723	1.0980315913274998	1.4981587962988103	0.6874866804220948	2.4834184132477044	1.0609271874328263	1.296271002292853	2.39914086707969	1.2866524902108118	0.9304195925485206	1.419356547880254	1.2192392123525433	1.9087102218723775	1.4956536373333433	0.24578155068697224	1.5244897742458299	2.21122115982852	1.5272615914838217	2.56926533092009	1.6784683327393437	1.2148859041441	1.1912965841988818	1.8306840965997087	1.9161084883662847	0.7558219967571959	0.9886102552506197	2.572968071887637	0.9666085133044225	0.5354414042218972	1.7528120246044163	2.462032719906407	2.0999458222080616	0.31283054431402907	2.02953153748397	0.9184928908581114	2.2083589295798958	0.5910659278117845	1.4672287160162603	0.23848939503447084	2.2503503922090116	1.1763069599467575	1.0508017912051721	0.4752754618932626	0.6238996974874356	2.4401213213553654	0.7641606456846075	0.777022990538165	0.6583516705538859	2.837215586417409	3.9730011146378943	3.112254937474224	3.3479454377105804	1.5920734230961735	0.7702965436059659	0.6320434719040835	4.143339640558719	0.44214321719443067	2.4287457631446494	2.812742829465092	0.5258952468421347	1.2945784614644724	1.3367077058650088	1.9835592048062576	1.9896310184375825	1.5437232124851492	0.4300907010955992	0.8659415660724739	0.9354629509007196	0.41958607207113574	1.6070029989951695	1.6403975238289572
Itg.06.DTT433.S26	0.48705916019520323	0.9640199700165251	0.5927380766355741	0.4676207845190954	1.8321405432991902	1.9912049196529091	1.7257268605652083	1.6500745979410407	0.8458551674627469	2.282830572340229	1.7146410134890209	1.5186871808634417	2.0939166414765724	1.0112327027576447	1.4050146474243308	0.8831113890253633	2.0551955238882034	0.0	0.5442550307152731	0.4470634536449116	0.956111871823506	1.3624410395750743	0.3807019092643823	2.089436688160217	0.1997599243560511	1.7535987792118641	0.9711340260310735	0.6125526953453287	1.4476683223654396	0.6695557589199956	1.025481600563656	0.9536054753201557	0.7674712570177172	3.2772115229029213	1.1901600252914333	1.5213480533510635	0.8470926712635505	1.3365521708651587	0.797119234893063	1.8632373211077282	0.5980470015967222	0.18427987604254714	1.0035542757890312	0.857346815223096	0.5394228085013533	0.84291891329231	1.2206859680559325	0.502131450063853	0.26106496535718915	1.3139362651230098	1.1458638735782865	0.6506440708299812	1.1277995441556787	2.5740194523530917	0.8923854397228428	0.8159629194111315	0.7031496905191748	2.279722278960819	0.3219196272706361	2.847037820129252	0.8649280638238164	1.4749808868626624	0.7182188009600844	2.277404554710607	4.200598826519101	2.8526692119729096	2.4568222688994266	2.3257133732618316	2.424403220540537	3.2345451127575293	1.4298843600987166	2.2986880674842425	2.710678729463714	3.167747925089768	3.559087947546956	2.5587367555301586	3.4955961803229565	2.9263384962647327	2.2428444577052957	2.6609199076137515	4.130030799170079	2.149779747655726	3.982254260514825	3.6304021649605316	2.0436648402612	0.8578953899930933	2.155910791088453	2.8596799522665206	2.2855893439575756	2.589967787080745	2.116035114454285	1.43183263631055	2.8622670654286693	1.6968392562045427	2.164814806164204	1.6218413038621768
Vil1.09B.DTT104	0.5239692652290401	0.7562684464931562	0.7638666550952611	0.49186874044494594	2.0308540267744446	2.0710081136877596	1.8936464862051874	1.798336841504718	0.5623560986732251	2.365719125064873	2.014746342257922	1.796308926054463	2.291432584326221	1.4426890074958645	1.8212778941687235	1.2406540645859283	2.192318190960958	0.5442550307152731	0.0	0.9077466814288877	1.0320629098650476	1.7075082940877577	0.5419361185786953	2.1617005275298258	0.5808173512245928	1.9494002342550785	1.1565561297864675	0.9880209771054712	1.5453180021480912	0.9947085197903546	1.1390048463324332	0.9140606903204979	0.626531146993753	3.32602723239824	1.2797798854056333	1.4815617820694558	1.1146467510342426	1.13151033351355	1.155464025076165	1.991364802251627	0.7062313043371687	0.4694188332144552	1.3914622809530304	0.4635685539126829	0.5423364402178863	1.0591498547072054	1.5860255375299797	0.36654898849265927	0.7596007366549394	1.4492631379850103	1.2068535878655	0.42573814709590857	1.2282718802384125	2.6719530015983692	1.34703430728212	0.7790104894872614	0.36734832374365417	2.456122696928857	0.7776781453311687	2.8727930081657096	0.40681010903836673	1.6250191623000738	1.0977997036840552	2.4099928928930776	4.3980415584322055	2.8061229106102057	2.3849264939567223	2.4924622370091467	2.458984399009711	3.6242154373621536	1.4643218350098932	2.2636675220948628	2.8334647205010297	3.6083867049863256	4.022603196646723	3.0226432133260692	3.936092721175831	2.779737099897094	2.2007916057730474	2.7455119014600493	4.5855292632622415	2.1797665072160295	4.287274883127824	4.041722880644198	2.060367573241017	1.155845547620199	2.5288926993932948	3.2529539526678923	2.7365678759848184	2.423639683522599	2.1480024384103173	1.4263285029810038	3.0781885426095297	1.900168874281515	2.5768250097196916	2.0456885880262936
Vil1.02B.DTT21	0.6131196673258291	1.0889902754205705	0.8132987915821233	0.6058168715418242	1.9168442770104632	2.2058240768779003	1.843407645624778	1.8354517144601046	1.055070835486233	2.485604273733494	1.719323183167439	1.5481270958010116	2.197506026976197	0.8749123626411495	1.2264255208396775	0.9197359999769098	2.20281568324334	0.4470634536449116	0.9077466814288877	0.0	1.2447925053469018	1.314663381704123	0.6899763841012407	2.305687415634205	0.43280427720154724	1.8419550317924689	1.1972932707782562	0.7255528661167181	1.6810272934125885	0.32667410005627984	1.2473221571611013	1.2502862468489493	0.811128311135131	3.472036984813862	1.4421939740452379	1.5931500816383084	1.019427627558544	1.4483370030144922	0.7471593054073472	2.0432571829070048	0.9315027744874238	0.46679245145627374	0.8567670356546873	1.0637878428381675	0.8427885152231935	1.0280349298814653	1.1710088295509529	0.8652993257018796	0.3419133673496969	1.5168169107477387	1.3788340302066788	0.91003965313884	1.359764471262428	2.736073236792991	0.6648163207601328	0.7560011749379099	0.9518335107150298	2.3833389662716034	0.20825861258759107	3.0554923527058873	1.141471486333548	1.6603686945542275	0.7409706534273703	2.431087015164304	4.22658207994449	3.121761505254169	2.7537413228595202	2.398378834561937	2.653498362812842	2.998958748531319	1.6699673398884296	2.5627903773592977	2.8402386021457757	2.8559634394491202	3.1428764066052075	2.1477049099716288	3.141588145377745	3.249247548042026	2.5073930770574693	2.82801893708643	3.7436955080564687	2.365450900943059	3.881327538370464	3.385899741056765	2.285073430702495	0.9147323882589022	2.0275846073664208	2.667707122649274	2.037755197296198	2.9421713248234456	2.3321042419195894	1.7108536491952162	2.9306467457604755	1.8088803122943844	1.981578572399944	1.3966811694017771
Vil1.03B.DTT32	1.369205766435324	1.1182067466811143	0.4752047643699892	1.3352604166154978	1.0691794753585644	1.0570200564129302	0.9187276760583675	0.7695392361135063	1.583166175904811	1.3526366636135099	1.141102672245544	0.9324558661572225	1.2869620656411533	1.0230802242533426	1.3074913701851534	0.661125116095748	1.180434312839759	0.956111871823506	1.0320629098650476	1.2447925053469018	0.0	0.9981192218308975	0.6325245215406685	1.1521065019442371	0.867291778658497	0.9940436785508159	0.22687370523180914	0.6067253475128053	0.5179126131957403	1.518081984823484	0.21455040294187225	0.26302072301929225	1.3701790835766232	2.3376757862798088	0.25280827586519206	1.1042299108862574	0.3828442873347777	1.2225290857143458	0.8019603349328522	0.9665334145719713	0.3663686449075935	1.0973567725665412	1.0169618629626307	1.4501068945894717	0.5693736150287488	0.3245750908310214	0.931020213914981	0.6850659360180571	0.9113786018596273	0.43366813810746724	0.27219081020125435	1.4065382169011122	0.23364403825900712	1.6648464240561474	1.1326673984218616	1.468174189477282	1.0273413563524216	1.453035757721535	1.0452449724957231	1.9009556868532356	1.1356525812125204	0.6044514313825821	0.6951774960584638	1.3901060250529564	3.4154994151397684	1.89841650402133	1.513383405798991	1.5327843195816286	1.4750152816049018	2.984574537806773	0.4941018809047921	1.3442438024778818	1.8298372456399976	3.131694950680177	3.891723537787213	2.9072284527574532	3.561861466274239	2.0115213692988085	1.2903356885812165	1.7445737564973334	4.296869877274243	1.2064523228896884	3.4107773785411273	3.3926250956467054	1.090139576077248	0.5985775680415506	1.7813569973860093	2.547433151739728	2.1864315406766894	1.713840080293363	1.172860942352	0.48224478011196625	2.070751346711871	0.9144700396960432	1.9180631368686825	1.5591562744099587
