	TILCDTT774	TILCDTT736	TILCDTT852	TILCDTT845	TILCDTT744	TILCDTT850	TILCDTT810	TILCDTT846	TILCDTT743	TILCDTT809	TILCDTT851	TILCDTT844	TILCDTT773	TILCDTT780	TILCDTT738	TILCDTT816	TILCDTT808	TILCDTT815	TILCDTT425	TILCDTT23	TILCDTT24	TILCDTT394	TILCDTT396	TILCDTT558	TILCDTT616	TILCDTT647	TILCDTT300	TILCDTT353	TILCDTT556	TILCDTT646	TILCDTT510	TILCDTT352	TILCDTT395	TILCDTT648	TILCDTT618	TILCDTT449	TILCDTT478	TILCDTT480	TILCDTT270	TILCDTT594	TILCDTT269	TILCDTT617	TILCDTT424	TILCDTT268	TILCDTT508	TILCDTT576	TILCDTT479	TILCDTT448	TILCDTT557	TILCDTT450	TILCDTT426	TILCDTT592	TILCDTT354	TILCDTT575	TILCDTT509	TILCDTT605	TILCDTT384	TILCDTT606	TILCDTT593	TILCDTT22	TILCDTT574	TILCDTT382	TILCDTT383	TILCDTT299	TILCDTT298	TILCIL22DTT982	TILCIL22DTT940	TILCIL22DTT966	TILCIL22DTT1078	TILCIL22DTT1014	TILCIL22DTT964	TILCIL22DTT918	TILCIL22DTT1042	TILCIL22DTT1080	TILCIL22DTT1050	TILCIL22DTT1006	TILCIL22DTT983	TILCIL22DTT1048	TILCIL22DTT934	TILCIL22DTT1044	TILCIL22DTT1008	TILCIL22DTT1007	TILCIL22DTT965	TILCIL22DTT917	TILCIL22DTT1049	TILCIL22DTT984	TILCIL22DTT1085	TILCIL22DTT935	TILCIL22DTT1079	TILCIL22DTT1043	TILCIL22DTT1012	TILCIL22DTT936	TILCIL22DTT1084	TILCIL22DTT1013
TILCDTT774	0.0	0.6534560637865041	0.6947019092905048	0.8940036254959134	1.3981157798126786	0.17000044533912187	0.3687413916512212	1.258485927372546	1.1913290422082552	0.6290071845987533	0.21958481108158007	0.39229021049943674	0.8906664058060397	0.5792919293187209	2.6208698728721673	1.427194375139573	1.1611394800627806	0.8121492744061628	0.582573973326298	0.7717016274605744	0.935452504715304	1.3852131959258571	0.5720330891502148	1.7720216638626263	2.4616830318118685	0.923706804754931	2.4111044052247097	3.264179562107737	1.3755634136628576	2.7132487031829737	1.9913517222463628	3.098700269160366	0.4368539436280357	4.292314027641555	2.6957284575730767	1.200576753765321	1.1812260808278723	0.6182538788775099	1.0878486163549579	1.1658369361564	0.8272493209922177	1.415709373382582	1.0240329275271054	0.7441579566967068	1.9055941176661673	1.5170456831051398	1.1977175014311463	1.6788321967407451	1.976856823687933	0.4621836531270014	1.2003097295912584	2.438230964314898	2.6656811110617498	0.3278354592692729	1.331248582050693	1.8363334394590018	2.2148646292981176	2.388022768637462	0.8398246484203432	1.7993982271769713	0.697681097517656	2.6431423277747155	2.7241069961107107	2.441110969951476	1.4837517341117503	2.1385729978016137	0.6790259944814607	2.8628570937282287	0.990794899240382	0.6218171402122462	1.9036206805209843	2.5163856408558627	0.8809267907584664	1.045834246412549	3.2856484067674554	0.6238507966109323	0.507711213250724	1.8815450179055861	1.3996242371407894	0.3842107417300611	1.3344994061495286	0.5284279260929586	1.8482678164265751	0.9094601125985167	1.4105201774443514	3.8476540547782148	0.8611752195331911	1.3053064594769153	0.5132802792573833	0.5117493809258523	1.137948540377422	4.654544434366444	3.129110952563969	0.9050398941510438
TILCDTT736	0.6534560637865041	0.0	1.0170370951979326	1.4592023682585693	2.0429998329375683	0.6045156112807796	0.4115268424712692	1.883425282406347	1.8251856972318938	1.1135418891600657	0.5411711297438382	1.0092700333240583	0.3196621233146449	0.3691941558089588	3.233993983798463	0.8114538199226355	1.8039004607318134	0.2325712680827123	0.9899307962060956	1.090596852318462	1.050180189695457	1.9996807255489806	0.7244973132764937	1.9995128570671827	3.0081176130573724	1.277669247999309	3.042908815844171	3.8688415267509795	1.8518251668037262	3.2413470451279696	2.3594021979473525	3.723476826967332	0.5082214829175521	4.695494816531373	3.047765730852401	1.6691235217853078	1.7883126823177289	0.5384837736492839	1.2679383189224938	1.733807745909603	1.382344925651408	2.0424336730109673	1.5415155773406857	1.3079157969908606	2.527136873248421	1.4274752304209024	1.7651994531447548	2.2489965014244286	2.0717077336178074	0.9216115419547475	1.349337912476823	3.0606031983961466	3.265298239448016	0.682318451302433	1.7805760826706318	2.136954590519233	2.8252772886330972	2.714205371011915	1.2817195693323171	2.302113453594835	1.185587566975198	3.2776848669102963	3.347801315299916	3.078873516426248	2.108276570919047	2.6304246289235405	1.0384938557388268	3.5016710298705283	1.5527353768354177	0.9697182135980861	2.5144448382928397	3.127561482501247	1.3477605061135587	1.4179152131233215	3.6173014707761375	0.6050560863541931	0.9509702841842497	2.2294234236686963	1.7313917248693051	0.7010202005429356	0.9363460722049661	0.902609063462436	2.4599554100402106	1.4678644891974884	1.645300189191335	4.290552810657765	1.0416798986121731	1.5411115389677157	0.7642965995968501	0.883019362313511	1.5927533968712577	5.019297914090108	3.59319155254206	1.4378847306471745
TILCDTT852	0.6947019092905048	1.0170370951979326	0.0	1.383017993615477	1.5558190327761128	0.8541631892874468	0.9815698318470664	1.5517763266719	1.4451984032666623	1.2376633212769563	0.8861948566876845	0.8348440841061224	1.311352452940321	1.1622560530571489	2.3473802098934504	1.5366071990793915	1.2323538230102087	1.0258507889759	0.5462579855750034	0.3184895318600735	0.3648721696302055	1.2415292428712783	0.40054130249616904	1.0845294340350606	2.0466788921749397	0.2892919919658844	2.5988084287055964	3.489186794673452	0.903452781910022	2.2507206414626415	1.3531757987934132	3.2585940204155563	0.8552247565217664	3.689749884335657	2.053229001391317	0.6937018034243841	1.123353449644775	0.7991611657165142	0.4310352992000674	0.8550268632676185	0.6427216214998174	1.5840845420255178	1.4184391825174447	0.9049280469896133	1.8566469353804647	0.9643508440876506	1.527186987967588	1.337533743900957	1.2949360597128896	0.5298962531949126	0.5349492866883037	2.5761799475915628	2.898844790923465	0.43923859007689875	0.8023402639881358	1.1663808555212636	2.4325240232434244	1.7287688140683248	0.5404882019391979	1.3292280390399303	0.4408628408336008	2.7360953321339365	2.8706208660432107	2.5493616696498025	1.4438795518904404	1.635728463549162	0.13683673429040477	2.8979171659597127	1.0144649958726524	1.0904108370194185	2.1106129815395827	2.7524197761154725	1.266583761972494	0.5963980224392799	2.633422564813027	0.5870694484390309	0.4265542158858115	1.2296887532049237	0.7361276784369092	0.6995070411786378	1.1285979943528301	0.3859732330779605	2.0324921535996237	1.2252286986935457	0.7172223333244226	3.279109468079226	0.2643968079103011	0.6153531434938224	0.5292890612911162	0.9052505208692359	0.6490060511448157	4.0266174115392666	2.576828799864546	0.6601143100143578
TILCDTT845	0.8940036254959134	1.4592023682585693	1.383017993615477	0.0	0.7821163915425029	0.8649346728274306	1.0536205338054603	0.5088040856977467	0.5229966857708811	0.3748858901675418	0.9303504128319051	0.5880555856348406	1.6071626023725474	1.1950145811542947	2.335903962941868	2.2649489322064023	0.774967267508718	1.661709947236365	1.0979833449327765	1.3815986632509087	1.6908143010164387	1.1771975967039343	1.3655995181418528	2.3337840242640717	2.377259511275866	1.4877955893838912	1.6253958945493245	2.4268657987561895	1.5973709151861393	2.6749976027814286	2.344954761138909	2.3064826964210323	1.133084980122733	4.452256889526274	3.0127597999688316	1.5079066710702231	0.9833802731898015	1.3683533939572101	1.7718020076317127	1.2564372355079951	1.0375474728652239	0.7967996719034367	0.5041967553080154	0.743833198228661	1.4417866544581537	2.3283881926301695	0.5364186960658343	1.6249013266833938	2.636247300960381	1.0109760987318552	1.8939687046548572	1.7000461208645614	1.8432639306106295	1.1295866360308775	1.6307822810905914	2.2882439095742266	1.4219435723476	2.7637542617500466	1.2324947096819656	1.898870826480195	1.1234866102068481	1.9270382439780607	1.9591589802953118	1.721537734618222	1.1127414882725857	2.2278787933602753	1.3236885958700608	2.1887440971972567	0.9004226228919516	0.8021414277245101	1.1525906546821245	1.6892208832214068	0.6425928096550252	1.4759723056444607	3.5962779787586503	1.4392624878144025	1.0858495367696985	2.2770328774745745	1.8955380265700794	1.0346854025195413	2.21996402088573	1.1724203682737653	1.1317137761109575	0.5312387749003398	2.0026748136349566	3.9515715028253258	1.5923066207526464	1.9097330297712143	1.2141999106268635	0.8788831985718999	1.4674749757259389	4.868229223114046	3.2160930368091734	1.1240172332833023
TILCDTT744	1.3981157798126786	2.0429998329375683	1.5558190327761128	0.7821163915425029	0.0	1.4499049877159573	1.6809432161811009	0.3055774909009807	0.26172173421564277	1.1070614204171605	1.5302723081163376	1.040288909821768	2.2538771146794456	1.8620127471237014	1.6063275871931009	2.822432948453477	0.34770340512856335	2.207273792655422	1.3400761318117662	1.521696245065443	1.8737188250585155	0.6508137842862868	1.6873947202687478	2.2092311709976054	1.7295596636936965	1.5238002904644814	1.0521963376688992	1.93939936392291	1.3128157971450556	2.035715005992467	2.0245821165557225	1.7257275486841819	1.6608692953002404	3.8829871002979037	2.6065530123857172	1.3124093436358968	0.6223983891711641	1.8252039993803266	1.8602366621326716	0.9618532097501559	0.9991123890426689	0.23454362077702	0.8376947179854674	0.8972818585365085	0.7233258448591988	2.497638398892267	0.6056829008901302	1.0864228479376035	2.58210765718088	1.3011273300288781	1.9681503911926805	1.0784848131577545	1.3664718423685165	1.5026995436855737	1.3971179469027644	2.0639436498983166	0.9044427326711721	2.4223428897929806	1.2720145271325427	1.4359945563405823	1.2130442880982495	1.2548998297324374	1.3540741625549653	1.0473405338396649	0.4912653634865653	1.7093600202069146	1.4825591374368694	1.4782248955099004	0.8145767991942146	1.324929011202869	0.6230731844266519	1.1997290367388846	1.0256648314183294	1.452263843761849	3.1534302251429285	1.8224709554298537	1.3299246239594595	2.001177475281247	1.7716020309477276	1.4720303055548776	2.610103937176368	1.4286249016802335	0.5765630992925901	0.7637545273945603	1.9511077514297879	3.361921253521684	1.7653348892279406	1.8872110622669307	1.5538142585759496	1.3399162238547186	1.315460721080946	4.324455737787489	2.6298888629905766	1.0459444804286646
TILCDTT850	0.17000044533912187	0.6045156112807796	0.8541631892874468	0.8649346728274306	1.4499049877159573	0.0	0.23961555137288634	1.2794917743241452	1.2247622705435892	0.5481496902081322	0.10827955290249712	0.4313702324538131	0.8096367152312046	0.4446551772100764	2.745748397644543	1.4079137900611345	1.23791570755714	0.7983283651212564	0.6778670032446087	0.9056219627442434	1.0681626594198532	1.4921143781018658	0.6780730632543845	1.9354553832240906	2.598910089094954	1.0802302078344186	2.4387921101365433	3.2693747370022392	1.5190745686393932	2.8592685232210138	2.156386450052297	3.122118707036326	0.38797204073457947	4.457497069932142	2.862314498556549	1.3535395824784646	1.2730312517503504	0.6200130765093786	1.232121591808153	1.30539927075914	0.9531180278925921	1.4557065256629456	0.9931618277848734	0.8007123236398858	1.9802874465275926	1.6388391576261703	1.1902036191117156	1.8125291378302777	2.126736654419345	0.5644835181569096	1.3455540007981572	2.4679264116592052	2.66974149101496	0.4534476794717626	1.4821731072800424	1.995520108825152	2.228143476113042	2.553566401337141	0.9627003076855714	1.9442868421821133	0.8332369446295852	2.684379935626451	2.7508767544187402	2.482749367976027	1.5666898529585938	2.287707014310847	0.8327409232521324	2.9153813135836204	1.0616139698266398	0.5532735214416107	1.9218047070483735	2.525803226955301	0.8462666728551752	1.1740820881657636	3.45149421560099	0.6877066429024069	0.6311306238887835	2.0463344742874767	1.5661720794573957	0.4109059433743268	1.3856789462405497	0.6505183943336607	1.8716703190417212	0.9129074146242555	1.567979218561004	4.010514393373928	1.0009231365588351	1.4603985686167513	0.5940356671407724	0.48674241939853835	1.2846051670648349	4.8212692036641815	3.286753802068013	1.031759260227702
TILCDTT810	0.3687413916512212	0.4115268424712692	0.9815698318470664	1.0536205338054603	1.6809432161811009	0.23961555137288634	0.0	1.4971770758914302	1.449325870795677	0.7032148619218772	0.18423770501566814	0.6625656727704663	0.5833002474620604	0.21077305406745445	2.9813581394445947	1.2181410941275623	1.4746562028779266	0.6311578928996907	0.8296684013442699	1.0352306060487162	1.1347425997193616	1.7252711696088172	0.7392913000521312	2.052439262567082	2.818875232147372	1.22663038469827	2.655124973112848	3.469912186722897	1.7126224695302072	3.0750949562315073	2.320962983078125	3.335423133048303	0.3631705524978818	4.639926489358737	3.0253302457274556	1.5428577584815142	1.5017850909091972	0.5800494615881979	1.3245368990990374	1.5253366087062266	1.1649200018199044	1.6801503665723607	1.167961636413438	1.0101508571576179	2.210885022590841	1.6485086393092843	1.3859402926262567	2.0362620833434284	2.202653594790923	0.7319250738428362	1.4300203688800353	2.685055094007035	2.8704857342254306	0.5697702513647901	1.6669506361786675	2.137863100903833	2.4365176792291776	2.707277579073642	1.1356912349757784	2.1493205359594776	1.019456162234359	2.9078165737059867	2.9664336929743107	2.707053794777439	1.7996414441954331	2.491366196140442	0.9732239149027028	3.1433865039767244	1.2724984644510502	0.6577794397759186	2.1334871490559477	2.7309679226199575	1.0039193427441142	1.3278244076539456	3.61039477761062	0.6884585631252755	0.7945183038714613	2.2037745300777667	1.712952217878455	0.5121462362689156	1.2877276932660793	0.7892001351589394	2.0857215575987813	1.1116883106674351	1.6840596086746862	4.203715334232266	1.0871566040092633	1.575340425639416	0.6832070901597636	0.6100091655853646	1.4685415829302264	4.992733125487603	3.485453420660924	1.2372365153000575
TILCDTT846	1.258485927372546	1.883425282406347	1.5517763266719	0.5088040856977467	0.3055774909009807	1.2794917743241452	1.4971770758914302	0.0	0.1269161433381761	0.8634726602056081	1.3553673716950894	0.8999084833670601	2.0668357483496775	1.661967253325121	1.9023421087200452	2.681048100807963	0.4883789199646427	2.0663863914951213	1.2955880137191267	1.5278230144242462	1.8743377345544596	0.8804821115502157	1.6282291767515096	2.331805639171623	2.0195914105880823	1.57190826869654	1.1606483735866027	2.011294871236725	1.4758586369266131	2.324868042801371	2.2152177625844995	1.8482486579336548	1.5152924742278013	4.1567888771735975	2.8304002093388014	1.4425506068476075	0.7697093499153557	1.7116362744428002	1.8971597547886463	1.115569661370534	1.048336886397433	0.36655300695685444	0.6522017065841911	0.8461663127930638	0.9967526091706548	2.513924594442298	0.44582644939278115	1.337591945077036	2.6840640760227945	1.2379746954576656	2.0129200471441124	1.2271848476206004	1.4282871845504477	1.4182887077302122	1.544287222338582	2.2216152313615045	0.9803832379506483	2.624145905054808	1.3045451227832867	1.6674061626815024	1.2253716494541909	1.4358342097556624	1.491043680418642	1.226399449189073	0.7427632088316349	1.9629361775154357	1.481435154878746	1.688885107354407	0.8496417267177304	1.1565726619412295	0.7060079811657733	1.2610898235153989	0.8677475883104258	1.5169596390515871	3.3918270606123637	1.7413277903331785	1.2873419093608893	2.1760244402827245	1.8866024859557644	1.3572649022943304	2.5392225821919365	1.3857494916896087	0.6840165498328088	0.6335481121223958	2.043319733401231	3.6389811560551895	1.767275087463811	1.9672331667597678	1.4813082476869943	1.2035058626080744	1.4281045689847125	4.592841780275533	2.9072624355880414	1.113994118982745
TILCDTT743	1.1913290422082552	1.8251856972318938	1.4451984032666623	0.5229966857708811	0.26172173421564277	1.2247622705435892	1.449325870795677	0.1269161433381761	0.0	0.8490845957742892	1.304768987348718	0.8269391481264294	2.0236282104800702	1.6225586599464559	1.8473987864113808	2.6175624774305257	0.366078922760863	2.0013593389072137	1.1920002103075393	1.4144054854327535	1.7646986396999411	0.7661947818324303	1.5311493079514449	2.213358694072163	1.9260821200507534	1.4541946138850255	1.2277122545432115	2.087178907844606	1.3498823867969372	2.2328027358496088	2.0964941604804177	1.9079387006286355	1.4470000649695347	4.061867877642007	2.7174650835285057	1.3178518554241994	0.6460764813760946	1.6312568744661593	1.7811558140105936	0.99249597410199	0.9262123988394991	0.3166029713275435	0.6239628430880402	0.7430178419768555	0.9388504746531455	2.4045053395863367	0.42878462985602644	1.227319999391788	2.563573310329088	1.1392866140914926	1.8965647084685102	1.264272419894604	1.498678640484452	1.3290800855553477	1.4186737118404888	2.0975958448482195	1.0409442687658372	2.5064269959242647	1.1853139020042933	1.5500760170232675	1.1097300961051753	1.4676685636146303	1.539317895243418	1.260874356135519	0.6451877120980527	1.8517622269978922	1.371719271474257	1.7081947623215177	0.7338668725584742	1.1002294766264198	0.7465927903823644	1.338139726356254	0.8161842266136707	1.3941516207370162	3.280235019963139	1.6505311074348379	1.183721303152744	2.0557098322081107	1.7680637972331976	1.2760045045607076	2.4488885566485803	1.2827144412622011	0.7070302423336823	0.5649206930419262	1.92270607177493	3.548279562430424	1.657321410137235	1.8469046838497567	1.38649186348006	1.1310392977491242	1.3023710107601787	4.494170462718707	2.80927607333688	0.9898999613036991
TILCDTT809	0.6290071845987533	1.1135418891600657	1.2376633212769563	0.3748858901675418	1.1070614204171605	0.5481496902081322	0.7032148619218772	0.8634726602056081	0.8490845957742892	0.0	0.6102330838263595	0.4299681612915202	1.2519945156649739	0.8287839813004635	2.6052660791428015	1.921166002295912	1.0078706934943757	1.3277840414314082	0.9320268517793558	1.2368135786130932	1.5059231055909523	1.3664167650529109	1.131618279748507	2.2757072365757716	2.564618112647827	1.3926285642541527	1.996360608485352	2.780563765846773	1.6377456550616865	2.856898813228373	2.374889482292903	2.666844822181868	0.8078723077197029	4.584488909768065	3.0696613993254034	1.52014064623532	1.137609760477415	1.0625910445950253	1.627120437623524	1.3452119570337595	1.0362388137019254	1.097742711656593	0.5930822239360154	0.7250240434051269	1.7143075760628748	2.128317130304516	0.7673233999803004	1.7847175679971783	2.5268250360656372	0.83348757769059	1.7507937060229646	2.043450884955787	2.188364629010178	0.8963131968520781	1.6473504252658429	2.266122875956993	1.7694498755570585	2.7908872017500173	1.1546908446967619	2.0051316300283295	1.040433617011808	2.277731726221178	2.311195985339771	2.076798490657308	1.348648236480414	2.3501765313083514	1.1843458532882565	2.5347670999620835	0.9600495984455614	0.5387871591342774	1.4866779823551752	2.0488422287840553	0.5777610232588976	1.3999634611109513	3.6591509117902628	1.1668542795990546	0.92390575611601	2.287305290917333	1.8579099646258186	0.7660715174740479	1.924422115193695	0.9910615260882799	1.4552789159259887	0.6079560094241093	1.9159087862077993	4.103322358437042	1.4196250875337018	1.8124087015015296	0.9799861496375246	0.6247344099448234	1.4590060751662108	4.980893340690818	3.3619794968856342	1.1242968880787783
TILCDTT851	0.21958481108158007	0.5411711297438382	0.8861948566876845	0.9303504128319051	1.5302723081163376	0.10827955290249712	0.18423770501566814	1.3553673716950894	1.304768987348718	0.6102330838263595	0.0	0.5282117728520186	0.724569397317055	0.38474191226138515	2.813886850315767	1.3370139539994803	1.3242679355630946	0.7349517319142703	0.7635853855200709	0.9652214100881542	1.0923616415265651	1.579180965862728	0.7121434490186984	1.959806414166146	2.67573797439292	1.1294915534733738	2.5112761453419137	3.346032133971836	1.5940084513381363	2.9288981713153976	2.202519204354937	3.2014820725348763	0.43097387274240107	4.504205686071645	2.9049050147138225	1.419782218463643	1.3672862423076229	0.650299128008302	1.2645467476505354	1.3800894300713389	1.0388298987376767	1.545748563780024	1.0893024524694934	0.9054966858139056	2.0740026225832295	1.6333561443399376	1.2838063501009382	1.890414495437604	2.1446755820736483	0.6505563099562225	1.3720919833388128	2.5548533585182724	2.751136049253503	0.4985186422663115	1.549850399801241	2.042131714606857	2.3113900531665283	2.5954011442305176	1.045228032192427	2.01819232851014	0.911242667501495	2.7691185049027824	2.834805973712429	2.5650274057571405	1.6587595844458534	2.3576659809316136	0.880189526962413	3.0012581330645167	1.1647042296944785	0.6493213122496759	2.009247521657139	2.602055418328898	0.9485670978047326	1.2490033902947206	3.494624553174296	0.7108026518282414	0.7075231834128314	2.09068444646035	1.601965269713366	0.4912623504310976	1.3541936153879082	0.7179462439594595	1.961731116400395	1.0147351659879629	1.6015146597071408	4.059886977375261	1.030912785645167	1.4960644992234473	0.6569512987229144	0.5873410713695257	1.3556216305806172	4.86453697455761	3.3462535838963485	1.117386292146484
TILCDTT844	0.39229021049943674	1.0092700333240583	0.8348440841061224	0.5880555856348406	1.040288909821768	0.4313702324538131	0.6625656727704663	0.8999084833670601	0.8269391481264294	0.4299681612915202	0.5282117728520186	0.0	1.238956866871127	0.8554899564886852	2.3696969530674736	1.7998817814268662	0.815383572718752	1.1831493819307441	0.5395406345230656	0.8203279826038843	1.1141676207268671	1.086902181401392	0.7786518184367579	1.8578056197259107	2.2404133252244076	0.9660735934758355	2.054025992608866	2.8912558976455913	1.2340609956726516	2.5218221100204583	1.961580596896148	2.725290512201771	0.6356333837716603	4.208785361296867	2.6636193932770125	1.1045163849347897	0.8580799978794317	0.829590442220775	1.214187706340464	0.9737456920961319	0.6314692260360653	1.034337706874422	0.6602563299417477	0.4128193748863601	1.5500602703114825	1.7578030082104115	0.8113572209816167	1.4518317765823165	2.109650146704534	0.43551385723894465	1.3394049934604093	2.0560081622630193	2.2858249546910745	0.5497626651469317	1.2318857555771539	1.8387503913983403	1.8340297879681189	2.3752841177945663	0.7368788814536175	1.6284686265784694	0.6121435072589243	2.268778504858133	2.3448330460256424	2.0709574138107794	1.1401839915681882	1.9774708015355096	0.7684682822786121	2.493403842103238	0.6657512006581299	0.4743436567927637	1.518134332486808	2.1463955507327617	0.5577410846645823	0.9809415530637207	3.2515863950526893	0.8630754526334476	0.5124207617414894	1.8690281106007038	1.439723204242047	0.4812391730138843	1.6590580203610312	0.5913630469576128	1.4608259663773187	0.526607340023625	1.4917530877185083	3.742247857255426	1.0202943966803022	1.3882313739854102	0.6330707616533796	0.4164330361860302	1.038795426751667	4.593619299008492	2.995850665464426	0.7195608326489833
TILCDTT773	0.8906664058060397	0.3196621233146449	1.311352452940321	1.6071626023725474	2.2538771146794456	0.8096367152312046	0.5833002474620604	2.0668357483496775	2.0236282104800702	1.2519945156649739	0.724569397317055	1.238956866871127	0.0	0.44063704244682594	3.490920429283781	0.7342593759266477	2.043726381711637	0.3907707608797989	1.2958115957252858	1.4065976348779017	1.349295525436274	2.2706285383639013	1.0419121110721619	2.2700685220305457	3.301820919201315	1.58190645000176	3.2181892800881924	4.031199080807572	2.1582725454358616	3.5322307033962117	2.648277853906084	3.9065425371323776	0.7793165413907854	4.972247557468273	3.328857060569643	1.9704573824480058	2.058504271435283	0.8386429893435158	1.5674440775178335	2.018295090365285	1.6733868339572822	2.2620845895313715	1.7356317444067286	1.5722937857247208	2.783499998598116	1.6586255780894454	1.9629815350288289	2.5358543029191982	2.3330559806669955	1.219648471776654	1.6402994074032047	3.2652309712015453	3.438357809185697	0.9838608535100042	2.0861267323564143	2.434183160120304	3.010618051376587	2.9984760773513037	1.5921761623719128	2.603285538246216	1.4879108274523187	3.4869825076441363	3.5435429343510645	3.283811756375118	2.366668818924192	2.9299895452260665	1.3430022442888168	3.7228294149899503	1.827353555200044	1.1849857293913801	2.7126340720063244	3.295256516609878	1.5600307370156328	1.7352299633415265	3.8986391078853337	0.9224147016451162	1.2552522502949877	2.518882732019475	2.0153866693152658	0.9896070372773561	1.0943229360143778	1.2136787164481624	2.667213705437049	1.6903535622477128	1.9355427744730114	4.566769163507008	1.3453101545725215	1.8360045836778154	1.078606015778531	1.1356091310567877	1.8999017090390347	5.2938165908131625	3.8835061895173077	1.735036711980472
TILCDTT780	0.5792919293187209	0.3691941558089588	1.1622560530571489	1.1950145811542947	1.8620127471237014	0.4446551772100764	0.21077305406745445	1.661967253325121	1.6225586599464559	0.8287839813004635	0.38474191226138515	0.8554899564886852	0.44063704244682594	0.0	3.190065161213668	1.1251748844732243	1.6687621154465433	0.5982994708627573	1.0062332883407563	1.2088773434740696	1.2774364113749141	1.9277153354685435	0.887401791291985	2.2185985164004114	3.0253602797895223	1.4109343304890103	2.8140086164166367	3.6078718933853704	1.9104867684531763	3.282731726937129	2.51082641650136	3.4889761726045156	0.47110028252222286	4.836842974849411	3.21367342709622	1.7423713203962945	1.6979837372018496	0.6560252286210392	1.4793847094138421	1.7333937634159275	1.3667919655578467	1.8541556441957943	1.3001156985678517	1.1922724878257482	2.398933590923125	1.7459907940797583	1.5319952397408647	2.2435919022958513	2.341375778426497	0.9188121599661192	1.579615737581993	2.8457757623903444	3.010403087818122	0.753294358350476	1.8634711708283749	2.3152466958219255	2.586609699094132	2.8909759791148026	1.3220432350354892	2.352029079541144	1.215689771130171	3.075943542868513	3.12395457888245	2.8762757115626165	1.993199249258571	2.6945828320894845	1.1577800796191449	3.3182513904750985	1.456059997207079	0.7707652302494623	2.289298243555855	2.8759531556199383	1.132505536962813	1.5055649582606856	3.7956152535568397	0.7987580823098042	0.9833754181244263	2.3903177145494556	1.8967086658971934	0.6727848766736327	1.298362883633005	0.9694130963793874	2.245304000123657	1.269291007889073	1.8504014521789267	4.40561540067224	1.2425004036226066	1.7413435570278812	0.8390454091022221	0.752484825297224	1.6641052804282157	5.184112254446158	3.6886840761163326	1.4366115928705074
TILCDTT738	2.6208698728721673	3.233993983798463	2.3473802098934504	2.335903962941868	1.6063275871931009	2.745748397644543	2.9813581394445947	1.9023421087200452	1.8473987864113808	2.6052660791428015	2.813886850315767	2.3696969530674736	3.490920429283781	3.190065161213668	0.0	3.8657998153600124	1.6263690493880927	3.315031187957008	2.4034284329679627	2.348527486036174	2.5849673879632418	1.3513464535600725	2.6628104342390015	2.215737301446343	0.7914815699823576	2.166484843918316	1.6886480435351434	2.3640917416480267	1.6379163352355686	0.8567633737723735	1.7085456903242338	1.9917089722107004	2.908527300052305	2.521411652195427	1.8420848240737508	1.744461347996831	1.6258367052964817	2.9679708832254144	2.436078161355003	1.5434107768125147	1.9285468145851428	1.7054802915396245	2.3628068637581108	2.1550740057903064	1.230796065249334	2.978165263172296	2.1518842924335555	1.0983222113335618	2.640018700200909	2.4099002043564743	2.471624288968908	1.6687694766752779	2.0895324002013327	2.5810395380779814	1.7188935012220703	1.9900635432314056	1.8443744705782021	1.8934943008243184	2.1368734957293714	1.2712194059170963	2.1357496443581474	1.5372338750127736	1.7807443393771782	1.4822074372596181	1.392466436408764	1.1536230569727737	2.310807843377082	1.4381652962755127	1.9552570975019232	2.716430696442237	1.782342482594781	1.9602716430823428	2.4752680026129172	2.136614059422762	2.19463185784828	2.8483677105586196	2.3660314878439865	1.8025849869940105	1.9768964841645147	2.676939304881622	3.4444912127365526	2.4348271659455323	1.739869912927186	2.219995147875768	2.2367763282216164	1.9772579292058676	2.4990583547069862	2.2595813067075166	2.6248705525604104	2.6480685919065854	1.843680877923995	2.9984080190442333	1.405560171660051	1.9035559112822735
TILCDTT816	1.427194375139573	0.8114538199226355	1.5366071990793915	2.2649489322064023	2.822432948453477	1.4079137900611345	1.2181410941275623	2.681048100807963	2.6175624774305257	1.921166002295912	1.3370139539994803	1.7998817814268662	0.7342593759266477	1.1251748844732243	3.8657998153600124	0.0	2.561587439067785	0.616903594772925	1.6636685706284031	1.6365627890849088	1.4096844220428675	2.7021124594741317	1.2876670056659827	2.2270256800302923	3.574028815686612	1.7751814856765251	3.836263724175231	4.676785018470535	2.406848908105687	3.7628867597653475	2.7176838951643503	4.522892772840269	1.263308233474988	4.9925764925589755	3.338534589445921	2.2164758373867772	2.513971991607957	1.158663352420456	1.6168916333985994	2.371150360742695	2.0597129462707957	2.829411302801934	2.3430520335970106	2.0650150894932384	3.267960380961168	1.4080957941010495	2.56929919099157	2.869130245730125	2.152245176637334	1.6258094854587064	1.6391202960222335	3.8544969629572647	4.073375109294777	1.3659231961758398	2.304924049210345	2.4566614645608964	3.6293843054535166	2.997886469061497	1.9026252773187686	2.8452616654509075	1.832394805860973	4.063265495012936	4.144707264961332	3.864779239108648	2.8460246473281754	3.1370989646118836	1.5955860535100617	4.274932700351272	2.2865284217116626	1.7467181861557757	3.3148658611652992	3.9330460901807736	2.1340624564356125	1.9599986318607032	3.8615218646082354	1.148246508672561	1.6221398568222265	2.5770709113884593	2.1085851174808665	1.4404261651950192	0.7044749853350898	1.5449887958624644	3.2562244497533412	2.261420427540168	1.9514042040657746	4.647863116678093	1.4605669597715214	1.8723842609447312	1.4131877824461578	1.6482641217947518	2.1492481275921445	5.259419577614501	4.011523752755797	2.096180913011293
TILCDTT808	1.1611394800627806	1.8039004607318134	1.2323538230102087	0.774967267508718	0.34770340512856335	1.23791570755714	1.4746562028779266	0.4883789199646427	0.366078922760863	1.0078706934943757	1.3242679355630946	0.815383572718752	2.043726381711637	1.6687621154465433	1.6263690493880927	2.561587439067785	0.0	1.950969698593314	1.0257160368255889	1.1828209331055968	1.53832220281907	0.41255482042632546	1.375047942562605	1.8945980755442555	1.605436121822951	1.1831117198147665	1.3826888663290335	2.25801970517246	0.9938842955053658	1.9126531649215177	1.7448400869200993	2.0297116535655775	1.411347157086704	3.733582214432739	2.3659385757382023	0.9810332015824667	0.31104009558161044	1.545402434392358	1.5183136528282604	0.6443689304262112	0.654259640787646	0.38453881997418227	0.7692581593479797	0.6191465236134529	0.772550031530144	2.163276184485289	0.620923044890805	0.8748199971273999	2.2510927578923816	0.9974482034645896	1.6271826392655038	1.3518458968989848	1.6742325213043165	1.2116106883817501	1.0711217574360665	1.749592360029036	1.2086339194931965	2.1527568362707292	0.9292842617523726	1.1860824051640186	0.8754186328051529	1.5225529430331803	1.6426878210468565	1.329377381059959	0.37421466659384806	1.4953710994666425	1.1520852000971653	1.716693451754296	0.5178980065098391	1.1257286466738963	0.8983157061053632	1.5274817529815916	0.875982194075866	1.106022950352594	2.926554990514901	1.5199646099105437	1.0136593584330251	1.7073973819001544	1.4536228896938634	1.2010576123895658	2.299194310233422	1.110593719423272	0.8245611321410069	0.612467795415393	1.61611162009036	3.2294445008896884	1.4306516222868209	1.5482259514515124	1.2501303350474464	1.099689443591679	0.9743691857369599	4.1587057496835715	2.4751701928652565	0.6986102059634796
TILCDTT815	0.8121492744061628	0.2325712680827123	1.0258507889759	1.661709947236365	2.207273792655422	0.7983283651212564	0.6311578928996907	2.0663863914951213	2.0013593389072137	1.3277840414314082	0.7349517319142703	1.1831493819307441	0.3907707608797989	0.5982994708627573	3.315031187957008	0.616903594772925	1.950969698593314	0.0	1.0917722649720405	1.122066167974214	0.9979742675776511	2.1136015487182385	0.7531602662137088	1.920981077523889	3.060647917171427	1.2856663659100762	3.222230913874024	4.0637934533684	1.8950948446086822	3.2757606214805834	2.32806860149665	3.906390907627283	0.681477718575804	4.654958374243339	2.9989937167021608	1.7050055920366995	1.9168936954667193	0.6291146057725122	1.218960742550509	1.8111632389798706	1.4804818345193769	2.213376238620315	1.7430289800550753	1.4612468995092154	2.666632744724364	1.2728270102065045	1.9601373327110974	2.321692472294828	1.9546826626520883	1.0363263108104506	1.2810842590785012	3.238203380196153	3.4601159155336623	0.7736309429478346	1.8089140330951319	2.092555021557339	3.0139825287817503	2.661349596595822	1.3547050500516513	2.3423564725326753	1.26599309337151	3.4472397881330012	3.5279500596353817	3.2485934687168396	2.244151156821439	2.6571954472994217	1.0676488720868686	3.6616817349387185	1.6917763374882215	1.167839209363925	2.6992753510550958	3.319179466826781	1.5433607082761684	1.4573805931606312	3.5574854534436873	0.6281548055889992	1.0436914077260682	2.1933411313420588	1.6983912912042745	0.8474821935439764	0.7333856161220291	0.979124333250021	2.6409321280643696	1.6533345415571665	1.5879297001295571	4.268241040724988	1.0114515248506724	1.4909213908648296	0.8504651361200876	1.0601115957951432	1.6336954384390208	4.962198605636529	3.59010613518016	1.5272621624537492
TILCDTT425	0.582573973326298	0.9899307962060956	0.5462579855750034	1.0979833449327765	1.3400761318117662	0.6778670032446087	0.8296684013442699	1.2955880137191267	1.1920002103075393	0.9320268517793558	0.7635853855200709	0.5395406345230656	1.2958115957252858	1.0062332883407563	2.4034284329679627	1.6636685706284031	1.0257160368255889	1.0917722649720405	0.0	0.3545459247500271	0.6962884004887578	1.108583441677778	0.4198841327862952	1.5117907214832598	2.097142165598405	0.6003858209796823	2.3813248995692993	3.205890668101682	0.951290225546189	2.367470900594579	1.6616017926919424	3.006175404692307	0.5756264365130874	3.973021883397776	2.3721342510764405	0.830842882575283	0.8911435599538228	0.5776395147254542	0.7843719119690176	0.8734251331287818	0.4759520641649176	1.2950076159022996	0.9768748970770432	0.4857993804652367	1.6352281538120195	1.3611110766307888	1.1322517092906115	1.3501117327693861	1.6928955922085793	0.1255761586778859	0.9173419498622227	2.298147586301106	2.5894538737331767	0.3739576256135667	0.9280641028197746	1.4592426592292007	2.1327007133611273	2.054118739854962	0.32998655422843737	1.406591974271504	0.2972116988328476	2.4978461902801907	2.6027748271740556	2.3210311407023037	1.2321046827257718	1.7561692772728696	0.42601871004154573	2.6842118756099933	0.6420239994206278	0.6216466585364712	1.7984186359379906	2.4774153413071582	0.7798119022492632	0.5274506850864833	2.9417119398654608	0.5313308076950509	0.14338983290796448	1.5510993944165086	1.1348370827006673	0.3419318047073176	1.3379466828294229	0.1781749588817579	1.7173390839228129	0.8004145955286422	1.1006490542730218	3.5441864569217576	0.6137454247424993	0.9854793741772158	0.2528745273509364	0.4384002694680882	0.7199727134646648	4.328559118795771	2.7813033120655906	0.5049745367933218
TILCDTT23	0.7717016274605744	1.090596852318462	0.3184895318600735	1.3815986632509087	1.521696245065443	0.9056219627442434	1.0352306060487162	1.5278230144242462	1.4144054854327535	1.2368135786130932	0.9652214100881542	0.8203279826038843	1.4065976348779017	1.2088773434740696	2.348527486036174	1.6365627890849088	1.1828209331055968	1.122066167974214	0.3545459247500271	0.0	0.39337417524549817	1.1629062494113984	0.3726091560792906	1.1693581160136197	1.9798944407281067	0.29014744368263234	2.5650481632932567	3.4172721514091586	0.7927476341581491	2.2135532637346635	1.3740494721078382	3.188939162263834	0.8044108183943208	3.7129042984379037	2.0812487912464226	0.6390859032617553	1.011906118969908	0.7137941096393869	0.43416283677815776	0.819213849407548	0.5355989902112849	1.5037586671392265	1.302089761342545	0.7666461450436179	1.7440837844639123	1.0521157318243153	1.4233395975608607	1.2780985328154693	1.3389898744468491	0.4137751579527506	0.5672139136363602	2.4840413479270054	2.812968811086676	0.4732843343461506	0.72178773480588	1.144717863081412	2.351237652058109	1.7504485060605866	0.3069855376352759	1.2528311580859788	0.30876216750755614	2.6566107025104606	2.787053371430973	2.4830712191282824	1.3472406247462552	1.578818961970861	0.19970097979220755	2.815428642242831	0.8463979302963122	0.9699859704205057	2.0199268052821884	2.692389878120267	1.1231947078643216	0.34248505231167903	2.6472297078583855	0.5401060842545963	0.3134087187221718	1.25181013909565	0.8223327780991313	0.6131463617110198	1.1877564496859754	0.26336712687040664	1.9334276878787717	1.107252510875922	0.7524051422486374	3.3057570598937462	0.3047845695745164	0.6352535297894979	0.40403511763783573	0.7808427533043943	0.5373812097410583	4.050487524836934	2.564147530191958	0.524646420442007
TILCDTT24	0.935452504715304	1.050180189695457	0.3648721696302055	1.6908143010164387	1.8737188250585155	1.0681626594198532	1.1347425997193616	1.8743377345544596	1.7646986396999411	1.5059231055909523	1.0923616415265651	1.1141676207268671	1.349295525436274	1.2774364113749141	2.5849673879632418	1.4096844220428675	1.53832220281907	0.9979742675776511	0.6962884004887578	0.39337417524549817	0.0	1.5029548220457478	0.4221844543704897	1.0066100476613833	2.190365332909129	0.4237569160236721	2.9180860095864096	3.789523755118002	1.032485546018693	2.3782953762284054	1.372756439386466	3.5556188315811856	0.9425952141920605	3.7109037781995404	2.0472636692288733	0.8576684872193692	1.3821445152794836	0.7821107965901969	0.22350515585538858	1.1108362953074635	0.9003556279729331	1.8766654153003866	1.662011823566608	1.1437848089730813	2.104462305839757	0.6682659409298939	1.795905221618489	1.5441833874480753	1.0862227326558702	0.7275737268297975	0.3089049078118535	2.8584772787912365	3.1907478022307525	0.623305631179352	0.9191013215148164	1.104663337940238	2.7267154329163272	1.7008291437876144	0.6932759098285513	1.4564172347883468	0.6779427063251864	3.0210677275663946	3.15856920194967	2.8444714077961724	1.70927170586314	1.739832096482293	0.39580570951048855	3.171998874685875	1.238048556605994	1.2537512088325937	2.398197357856096	3.0601901066020187	1.4730400560157944	0.6414997857361681	2.598185345804569	0.5364977010552044	0.6336975655363788	1.233606215050358	0.7804842590864705	0.8325227471822481	0.8726101483441169	0.5505586862109767	2.3137379867330967	1.4757782861918467	0.6163652807167231	3.3385229546263018	0.10930886981053312	0.508905257345344	0.6062177025937613	1.060956462607218	0.7932663235038997	4.0163990034870185	2.644218104033219	0.8894204657718137
TILCDTT394	1.3852131959258571	1.9996807255489806	1.2415292428712783	1.1771975967039343	0.6508137842862868	1.4921143781018658	1.7252711696088172	0.8804821115502157	0.7661947818324303	1.3664167650529109	1.579180965862728	1.086902181401392	2.2706285383639013	1.9277153354685435	1.3513464535600725	2.7021124594741317	0.41255482042632546	2.1136015487182385	1.108583441677778	1.1629062494113984	1.5029548220457478	0.0	1.4458204278445363	1.670281931636704	1.2096715477050344	1.1002996985604496	1.5236338346080947	2.3746892626339813	0.7021825029068148	1.5241496124357539	1.4251500652456397	2.09827822782372	1.6052323344863413	3.356580620081189	2.012703333609984	0.7652199031244079	0.27742668400491544	1.6796937288530072	1.4248345239000018	0.43778848497782713	0.6539325567085701	0.6607135061422059	1.0974968689987232	0.8095129521846084	0.6299139320112507	2.0795306139368326	0.9625417302244389	0.4782031553991558	2.037371717822017	1.118030592136005	1.5167669076059012	1.4208275752060104	1.8182012214739265	1.3431470862788102	0.8109147074263808	1.4590317799790984	1.3740729959038926	1.816749700114658	0.8921862768541947	0.796657266005731	0.8920559564749883	1.542154896998837	1.7083131442667825	1.379380681045113	0.268527412106768	1.0964973597103707	1.1583706103220228	1.672462918054717	0.6059365167640591	1.3768650776524856	1.0864195641190404	1.6927085365881016	1.1530872352395973	0.9836618328082847	2.5556257320822127	1.6100517760410524	1.1000955827559658	1.4065542417846864	1.256176804288255	1.3709279131405965	2.3377046849207663	1.183007342821529	0.9955341260587754	0.9168892601146944	1.433913513124674	2.8594474382736634	1.401993209821111	1.3860452499203957	1.349986995854895	1.3107872288096156	0.7836465697467021	3.7796260782439655	2.086277256837024	0.6431917452084702
