	Lyz2.04B.FP244.S41	Itg.10.DTT456.S50	Lyz2.03B.DTT232.S72	Itg.20.DTT504.S99	Vil1.01B.FP08	Vil1.14B.FP167	Itg.18.DTT492.S87	Vil1.014B.DTT164	Lyz2.01B.FP208.S56	Itg.22.DTT516.S11	Itg.24.FP528.S31	Vil1.08B.FP95	Vil1.03B.FP32	Itg.26.FP540.S44	Vil1.06B.FP68	Vil1.09B.DTT104	Vil1.03B.DTT32	Vil1.02B.DTT20	Lyz2.04B.DTT244.S85	Vil1.04B.DTT44	Itg.24.DTT528.S23	Itg.08.DTT444.S37	Lyz2.08B.FP292.S90	Vil1.10B.FP119	Vil1.04B.FP44	Itg.16.DTT480.S75	Itg.20.FP504.S7	Itg.12.DTT468.S62	Lyz2.07B.DTT280.S122	Vil1.09B.FP107	Lyz2.01B.DTT208.S48	Itg.02.DTT408.S100	Lyz2.05B.FP256.S53	Lyz2.02B.FP220.S68	Vil1.013B.DTT152	Vil1.01B.DTT08	Lyz2.05B.DTT256.S97	Itg.02.FP408.S8	Lyz2.08B.DTT292.S134	Itg.22.FP516.S19	Vil1.08B.DTT92	Itg.04.FP420.S20	Itg.10.FP456.S58	Itg.18.FP492.S95	Itg.12.FP468.S70	Lyz2.06B.FP268.S65	Vil1.13B.FP155	Itg.08.FP444.S45	Vil1.010B.DTT116	Lyz2.03B.FP232.S80	Itg.04.DTT420.S12	Lyz2.02B.DTT220.S60	Itg.06.FP432.S33	Vil1.07B.DTT80	Lyz2.07B.FP280.S78	Vil1.05B.DTT56	Itg.16.FP480.S83	Vil1.07B.FP80	Vil1.05B.FP56	Lyz2.06B.DTT268.S109	Vil1.06B.DTT68	Vil1.02B.FP20	Itg.06.DTT432.S25	Itg.26.DTT540.S36	LYZdtt364	SLCdtt050	SLCdtt110	LYZFP304	SLCdtt002	LYZFP328	LYZdtt328	SLCdtt074	LYZdtt304	SLCFP128	SLCFP092	SLCFP002	SLCdtt092	LYZFP316	SLCdtt020	SLCdtt128	SLCFP050	LYZFP352	LYZdtt340	LYZFP340	SLCFP074	SLCFP068	LYZdtt352	LYZdtt316	SLCFP110	SLCdtt068	SLCFP020	SLCdtt164	SLCFP164	SLCdtt146	SLCFP146
Lyz2.04B.FP244.S41	0.0	1.3650894685853319	0.8670024431940347	1.5771268535748302	1.2292654324084282	2.176538929695649	1.2613874372830418	0.7593727350843715	1.6947936039762352	1.5081800893558797	0.7982241287123991	1.9076868432083258	0.7138785671624844	1.034645974855087	1.6967593209041707	1.3582971088654598	0.6043489394453566	0.6721560208510441	1.463987804639312	0.2644980867784956	1.2101548614797544	0.3200498592026743	0.5573539721714534	2.624350713136831	0.9319178557202614	0.4648313261449133	0.7354114683644977	0.6960109218598886	0.7559549339076584	2.2785318451009062	2.2986834773524225	1.1124685576606794	0.4347673551261698	1.5196787105639815	1.2612922089079908	0.5160454864784436	1.28102355237966	0.2474932389932693	0.7037885386004747	0.49255582818989063	0.9764180473936106	0.463175991710398	0.3815364710908965	1.1317426643516368	0.4324500351994814	0.7121917759382748	1.803311150930971	1.137722127718725	1.045375132476868	1.053625350732218	0.6699412403164605	1.5282795282985093	1.175295740765425	0.9277756181045956	0.7121321372347942	1.090129057567413	1.4867723753687612	2.1939445137176934	1.4175017439034423	1.863436318860236	1.3210339510212974	0.9688337470482375	0.6477291953283619	1.3848856847514406	3.1510715400725178	1.830754864822682	1.9862042335048895	2.8080014655088297	2.010434098123204	2.12035899807779	2.428627921284555	1.7916371513203715	1.7798581254984318	0.9102279190172594	1.1245198505334844	0.5961010839531369	2.4437132682780653	2.590654525001867	1.8428320736500436	1.7329188495622927	0.8127411712495888	2.1312616274970884	3.068192549376229	2.274972058518392	0.9709341031326344	1.3310785774492784	1.8488064153987251	1.6955852532482334	0.9603447064534149	1.5122249462051711	0.9774959897056548	1.651094798494539	1.3925960822524024	1.0096168103846772	0.20609749518556042
Itg.10.DTT456.S50	1.3650894685853319	0.0	0.6084859106071818	0.31742195473484097	2.546392489564786	2.911393841447347	0.18171105654577288	0.642434576228617	2.3611639045004518	0.17710097966405236	2.0419527276463616	2.5683309935004055	2.0783835302433116	2.223000518576414	2.5728676275060236	1.4905773600421854	0.8671649860777737	1.4011064363603818	0.10312733267177222	1.5281766279024134	0.2932276976474157	1.3586036214029995	1.5670551630149523	3.3092751737095543	2.2967926998539325	1.0322956785212676	1.849304617765435	0.6834542046162553	0.9546541799723843	3.218647525405675	0.9812697537853093	0.6725988766438199	1.7745725719399783	2.5872635029993933	1.406702476778528	0.8964126028451418	0.2524750268567012	1.1304256189030442	0.7552359963999158	1.5483215450277514	0.877216518911369	1.8130441832981699	1.7343457614242712	2.4510614103060298	1.6394746089189438	0.8207408008284617	2.42673194107236	2.5020410656177234	1.6773725294050799	2.4148311727044285	0.7823076385022217	0.5430927333122633	2.537135185305846	1.751356520971716	2.020016827205098	1.5034426437683401	2.843641409629619	3.553719713056243	2.2480967675252126	0.5459310170582754	1.6549290987302534	2.3204951009568555	0.8203470616614887	0.2473837327221938	2.1371991391407796	0.6491604383655076	1.0352138520648657	3.269874775651077	0.9028449013042105	2.7637560581033855	2.3240944631648937	1.0271485996122922	1.3839546669728942	2.254175483892326	1.507092106833788	1.2425897014374327	1.5008705791926984	3.208080453794419	0.9198769355539872	0.4192019190621079	1.8889747655961193	2.705570401009341	2.312487279337141	2.9284075642431118	1.9782744040421265	2.4039785608207063	2.0967691508679622	1.6857062373493226	0.7167854759751363	0.7361994168743172	2.0343588693879133	0.3725269178418546	2.7323139093323006	0.43345665092309266	1.5352774369731992
Lyz2.03B.DTT232.S72	0.8670024431940347	0.6084859106071818	0.0	0.7380213635336363	1.970441225113322	2.7846209813824983	0.45360776986625806	0.43265473212173255	1.8046483109861822	0.7404347060364517	1.4586649042815922	2.4591552458754764	1.5598145454908832	1.627945249238021	1.992444951576811	1.5438369700905599	0.6107259883958381	1.1630336824274334	0.7103222351783671	1.0881482913589071	0.44469240892312834	0.7797269700208774	0.9867689057611227	3.211028555416064	1.7715677336983249	0.704638610791215	1.2499818692440436	0.22111701005671858	0.8237184121367537	2.9943079270367092	1.460922188858824	0.8290575650301775	1.241777573996021	1.98829669983305	1.3364554921574794	0.5350285313162126	0.44634053970202625	0.6241953408852282	0.5357706106396114	0.9536452190224926	0.9023485214167931	1.3277667457560738	1.2007127028233204	1.8771322541806899	1.0617647470874807	0.2762343266023461	2.3225043620301675	1.9726083828797087	1.524191970880818	1.8849735735747966	0.557171560120009	0.6974397860874547	2.00427406570979	1.5088399872235359	1.5706402279256162	1.421468208875148	2.2927263797531237	3.007677239812271	1.6704207742962953	1.0807957370412957	1.631819881618576	1.7760462218553263	0.23565753666594816	0.5492384052998288	2.3417947803075694	1.2244691239418548	1.5399923245235168	2.783753474046864	1.4611707229094741	2.226703591741565	2.019958572280117	1.0149596341251899	1.1591025154877703	1.7707059801787888	1.4457194430374127	0.998512605617956	2.0238226108229718	2.679255218599637	1.4053886004993845	0.9442055177904645	1.5603194147945803	2.184684570672895	2.3447581694131174	2.3896349832045374	1.3882338109296635	2.098998014951946	1.6346282008197437	1.2839647474426146	0.7424092953509862	1.1262105990775373	1.72288992143358	0.8089668793770414	2.169941099311761	0.5119000496495795	0.9995748444580224
Itg.20.DTT504.S99	1.5771268535748302	0.31742195473484097	0.7380213635336363	0.0	2.7043877405787176	3.219849960898469	0.32273556354758604	0.9118771214696768	2.3396742045724515	0.24595984475249985	2.1837030966796256	2.883971698787383	2.2848912397969676	2.3408098993549635	2.593707782653797	1.8044089181149021	1.1422105141913388	1.6930296818010377	0.29712661205192187	1.7663253814296587	0.41236895267490326	1.5170738223741635	1.6889006736136336	3.625669552834456	2.498592432851323	1.2987054122069608	1.966184594389981	0.8831622456187653	1.2444995918914628	3.524783774668871	0.7298603829977386	0.9896834110446541	1.9640550214754198	2.6575149311010398	1.6010982718760751	1.133364719421678	0.2974220740854309	1.3327114306968209	1.0141317011236388	1.679153408608177	1.1843164398351456	2.0333219779511493	1.9300314395395939	2.6121889616318477	1.7936336027587483	0.9443576268913816	2.713947792525985	2.702483054888471	1.985976639888291	2.6160569353645173	1.0541624597110837	0.33289084030989	2.7362727939461586	2.02344768555963	2.255993789368185	1.7976923058978873	3.0265617381449297	3.7383037062554965	2.2731443826402917	0.40232728894573183	1.9542313113096526	2.511245479947249	0.9676253114837602	0.19578158818711214	1.8241153182993437	0.785564863477652	1.2307499335064107	3.1685951032453197	1.0505503085470302	2.720486762338691	2.1345752274095	0.7776832040586957	1.1894345509272428	2.475046712010179	1.8208352265532577	1.5311879696414092	1.659510416343719	3.144132401854722	1.1294087164342008	0.2815669075631984	2.1637290490041963	2.6485931554360995	2.013210872893696	2.8814476402893603	2.0627916647363733	2.6885649005200274	1.993694932406458	1.5551940460099516	1.0071035431081083	1.0057916226965495	2.317121389869353	0.12728108544560174	2.901100867469648	0.7352871530182752	1.7269005487841091
Vil1.01B.FP08	1.2292654324084282	2.546392489564786	1.970441225113322	2.7043877405787176	0.0	2.5655336307578955	2.4137809791928206	1.9796033525073333	1.4756084072732036	2.6824027258007	0.5430568499203957	2.4385005231212475	0.6311214782781484	0.49864101770958513	1.2033963152534846	2.3973343785844805	1.8321080781078891	1.69317726491646	2.6488224853904123	1.2023026768504983	2.3565229452287575	1.1936200003564748	1.0630002174996342	2.97650008782361	0.48376358648377377	1.6783529273302131	0.788112798304327	1.864024035312647	1.9496209295469078	2.3902235137407093	3.411852869991223	2.3365301508057366	0.8215559727161617	0.7959894106754537	2.192237740729482	1.7278677544913807	2.4113425211243307	1.432629542386111	1.9189822232233813	1.0331977163769572	2.1773860581296134	0.9092401501422328	0.854341465455361	0.10034545875616657	0.9123194828624706	1.7746208560237293	2.3695507068049637	0.42518457902221723	1.9196093920879616	0.4423773046578103	1.8972954399588937	2.580973009662519	0.4151901985163692	1.6787045114224828	0.9387931924577497	2.0661666465181407	0.407419359807149	1.0818315007622101	1.1603410871026354	3.0213554192612886	2.2615483370663725	0.3905570946844198	1.7396646236360245	2.512453223288768	3.9985566462145012	3.054885431060464	3.2097203018786886	2.468860427974103	3.2393731993196724	1.760728258101758	2.716427092859695	2.679774784515619	2.462678173018523	0.7271037880646117	2.118723328256303	1.7120404227663015	3.6574314525117733	2.1251820180875325	3.065686466551186	2.8889384850441737	1.398186715550958	1.851108885639236	3.7367439776269253	1.8513623000781951	0.876684804340792	1.575876548327865	2.0025397042535618	2.1317687060046437	2.173804718413503	2.7349239830593857	1.46663072247039	2.7776508610412796	0.2564162211423271	2.2302414954323657	1.031295061415665
Vil1.14B.FP167	2.176538929695649	2.911393841447347	2.7846209813824983	3.219849960898469	2.5655336307578955	0.0	2.935775292155028	2.3953578628053283	3.701985471270524	3.017160930288811	2.554028429244866	0.6038642488376252	2.0678946038889436	2.764994561309201	3.5459310073713692	1.4877648149987215	2.18087594689024	1.6300901390190348	2.9608153420180123	1.9234715397952498	2.882896746138682	2.4914757175322557	2.6123792883981487	0.6653300597168473	2.10430177463934	2.103531411808148	2.7064735637730606	2.56458229752806	2.003946265949263	0.7408093693920296	3.799919477587519	2.2608845889603857	2.1931701910931345	3.233024077042608	2.1218116400657	2.271052413037713	3.0022344567670456	2.3182682613299317	2.2893056015265874	2.6042171906272342	2.035971445042069	1.9558716353171441	2.1937172013087842	2.516144070042755	2.462604937226988	2.6997991143363484	0.7828154254142125	2.156531642768978	1.2943795079725886	2.1548517414872053	2.2431519035191805	3.2996595697902853	2.193284646723379	1.3999246427904266	1.7431246699467486	1.455220677572698	2.417769147424826	2.706690462164187	3.3520074013370977	3.299493152402772	1.3108811186564906	2.2525371153033915	2.6570907378695243	3.078195401670242	4.959033314472318	2.8927805821812607	2.666094597131485	4.797479914846279	2.8791149842374173	4.061185408746224	4.514284616232157	3.711592834092244	3.832349654796231	1.8660701940837465	1.4183335882894152	1.7916904958535687	2.828714567706141	4.520460747289102	2.588826961696853	3.2199249626541855	1.3835109604663194	4.10007989280537	5.030121269736527	4.202939190606543	2.8904691414245796	0.9955812082667016	3.9761156639381046	3.849799835203566	2.223578763408002	2.409852886591353	1.237194035792179	3.2826544825798836	2.497815163575358	2.50149978376547	2.247803671291296
Itg.18.DTT492.S87	1.2613874372830418	0.18171105654577288	0.45360776986625806	0.32273556354758604	2.4137809791928206	2.935775292155028	0.0	0.5928280464653337	2.1810947626547326	0.2919095053143508	1.9010126329276544	2.6016016124851005	1.9723143378150978	2.072831009543358	2.398419686671667	1.5561561392497247	0.8231797196284399	1.3804823040204592	0.2720600497907513	1.445372691962513	0.17725168932266075	1.2237592267743633	1.417548365982905	3.3485099354263848	2.1879343301251186	0.9773522309564997	1.6979325233682998	0.5676494969064141	0.9448213564131138	3.220135240254824	1.0450498412377647	0.7434238509903934	1.6576165048355593	2.422870652496666	1.3867852457212746	0.8151301109522651	0.08694235489941281	1.019221426335091	0.7020887262236688	1.4013667794208986	0.9126281022204856	1.7164289266175847	1.6208321728947905	2.319880192195396	1.5030318513583014	0.6675481427303684	2.444384448171326	2.392590963716974	1.6884884288758433	2.3059993306545334	0.7372663588236814	0.4421303804448722	2.427076088180005	1.7228266660967493	1.9365626859197798	1.5207596686585398	2.724161101824835	3.435812271959435	2.0741698956220773	0.6392916204871418	1.6927598128553356	2.205443409449976	0.6755513776604765	0.15228792183269943	2.0991792377347656	0.8248815088571873	1.208903874251268	3.0895856009799605	1.0837091690624674	2.5831132939741694	2.1630945056738193	0.9074260221112584	1.2286646369518168	2.1590672366577466	1.541139756791699	1.216782028759972	1.6768900907901059	3.0264804011964874	1.0844867642972353	0.5028127540064791	1.845153589325855	2.524826840771381	2.2241231645834345	2.747358686998391	1.8173836459753199	2.372354877111265	1.9171111815079112	1.5109199059312042	0.7337633034204444	0.8745077285815162	1.999164541715363	0.4026812633311143	2.605226088101137	0.4438247785401745	1.4186642670605547
Vil1.014B.DTT164	0.7593727350843715	0.642434576228617	0.43265473212173255	0.9118771214696768	1.9796033525073333	2.3953578628053283	0.5928280464653337	0.0	2.105260396369883	0.7959036806924897	1.5113707892762462	2.056159689731694	1.4632482080142437	1.7231468221489483	2.2291704749394547	1.1133780682248617	0.23458990023164883	0.7988310224180443	0.7330747538099884	0.8966860042807204	0.5811393781006146	0.8382865008861528	1.101329129744475	2.808134436933829	1.6842857934966797	0.39040104058034414	1.3663772816341002	0.25592247593621176	0.43523536921361855	2.638603313219374	1.6180017574392578	0.4520873249995116	1.187292533730772	2.1540014763228834	1.1451782290160302	0.3189753376807713	0.6468213645458882	0.5554637764037013	0.23509567225336678	1.0612387556677383	0.4923523710382538	1.191442557165474	1.1367467497364203	1.8817623607490928	1.1063062210431238	0.5192185339699681	1.9581887906137316	1.8885109208386095	1.1264608731908328	1.8010379729781554	0.1856681592866237	0.9785164331443414	1.9242802151469556	1.1963759476654328	1.3900463268719436	1.0366563959624404	2.2447456205235286	2.9500745355438722	1.912369169696934	1.1629647184470737	1.2315387034161416	1.7183105924530275	0.4497841340662885	0.7411542384721934	2.6680036685199844	1.0851149265996571	1.2849546240360605	3.1394238446077405	1.2717892239986615	2.5346584778518615	2.431385117323552	1.3874585341620682	1.5757179965873436	1.631127162723627	1.0233272758980936	0.6327349168278639	1.7648925588921547	3.0025883226269583	1.1494198166187861	1.0369473125773	1.2661826691670133	2.506898095699061	2.730020244066951	2.6993155682744825	1.5496901472822835	1.7895308545684	2.0212691885027283	1.7025783452076177	0.3935757328976568	0.8324840661165829	1.4129493928289218	0.9758781604692862	2.1510583738935085	0.2531845740159566	0.9500084923418292
Lyz2.01B.FP208.S56	1.6947936039762352	2.3611639045004518	1.8046483109861822	2.3396742045724515	1.4756084072732036	3.701985471270524	2.1810947626547326	2.105260396369883	0.0	2.436242970366323	1.1929862361434715	3.5305024431633516	1.7248393703825042	1.031834797320153	0.4137691881619864	3.0145988963775014	2.1124173751025874	2.355629193149947	2.4516661010275134	1.877836068152123	2.1176000125736425	1.4222357663916438	1.1585452545429173	4.187805219104987	1.755446122249819	2.059473381458603	1.0403817552907357	1.8645248904600453	2.2903520307851384	3.7063995516361854	2.8818197974844177	2.5514687316333196	1.5308364216157873	0.7695838271336629	2.394217742871873	1.9231194906917357	2.126665139806545	1.68736719526394	2.073922089811622	1.2085392601817162	2.4908558442275375	1.776179686130563	1.578702863567076	1.4634801332206708	1.3065945800664625	1.6259057774278465	3.2695441997677865	1.835615139390408	2.7293090401208393	1.8093924786154565	2.1068267353796966	2.0859900798387034	1.8462256476094527	2.4290560534023076	1.9803312726306341	2.678404625394061	1.854231246641303	2.363110157059729	0.3694058458903801	2.663514811110931	2.9204932913141883	1.682069629974507	1.665668862649803	2.1919510091569134	2.964238260635304	2.980660421715621	3.3236524979423883	1.1207363409989168	3.2471357749892507	0.4470030386234323	1.3302895639675851	1.8988664638261763	1.482806483356023	1.9224017978155292	2.803719192590436	2.2698182022802906	3.795429569665451	0.905568215175875	3.1646427347259825	2.548522291442401	2.349176029290869	0.46196182525717006	2.5356012223903295	0.5980816618104423	0.8118127030473518	2.7509792269222095	0.653712484950513	1.0282444033575748	2.3555513924243017	2.872709857253117	2.505279550766194	2.411598238694433	1.6576105611277376	2.2806629641761464	1.5513350621288953
Itg.22.DTT516.S11	1.5081800893558797	0.17710097966405236	0.7404347060364517	0.24595984475249985	2.6824027258007	3.017160930288811	0.2919095053143508	0.7959036806924897	2.436242970366323	0.0	2.169328346415814	2.6911413030462996	2.2219211690151472	2.344809488157634	2.6594583769633027	1.588126039632752	1.0139080888745478	1.5367799580287462	0.12192851233779478	1.669297307481327	0.3478942632685954	1.4983030556714843	1.6811719698474112	3.425436621958277	2.4379373877410435	1.184570799267431	1.974076518709978	0.8289433255840489	1.0723128266355626	3.352065203795324	0.8305470691969538	0.7909884554717831	1.9085448455191638	2.6937878465384384	1.4275876977233772	1.0268052109626569	0.3260828189581006	1.2704465759367845	0.8781833945253278	1.6769117215600142	0.9845150516976198	1.9523510788045932	1.8776699145727433	2.58844727046243	1.772243266259071	0.9304909436555996	2.505470748150044	2.6447838064412887	1.8077348058949727	2.5605226329912787	0.919396183982279	0.4870006972880177	2.682039284282014	1.8550515570735835	2.1562082615637976	1.5956985141709321	2.982505537209962	3.6890653255482286	2.3343703410654766	0.3728825902580006	1.738912215327223	2.466589247953182	0.9527358181665088	0.26513410023664896	2.0133692495802866	0.583375756144292	1.019780230024638	3.3116332065079632	0.8645821062605683	2.82579595436956	2.3117256018596586	0.9742282450498427	1.3709864911309089	2.3895296509436657	1.6245843822461363	1.381350588158303	1.459166503928242	3.2673364567638856	0.9003270922379522	0.24635100863981665	2.021480961558376	2.760382094441035	2.221832160121506	2.991500010200895	2.0830215763534525	2.5347037568735944	2.140854377265553	1.7239812973049629	0.8140221214615456	0.7661070985418696	2.1701019638701786	0.31671400059678423	2.8656797343732827	0.5805079889747835	1.6756178480364439
Itg.24.FP528.S31	0.7982241287123991	2.0419527276463616	1.4586649042815922	2.1837030966796256	0.5430568499203957	2.554028429244866	1.9010126329276544	1.5113707892762462	1.1929862361434715	2.169328346415814	0.0	2.385661571349891	0.5345329493961172	0.24840852510857886	1.0414862838748176	2.09344310416887	1.3919374286905686	1.3795948104664906	2.1445084869123856	0.8558459976823214	1.8357039972519962	0.7037055276318557	0.5206907386562433	3.0130792298716007	0.5831990506966858	1.2620993425872167	0.27912540494213617	1.36797109193295	1.5273800347407955	2.514161353922167	2.881733866112257	1.9011757168805594	0.43328180156892215	0.7606384593317929	1.774005170094691	1.2543912956486654	1.8929888617755521	0.9571799152931046	1.4461107566794307	0.5118151296450957	1.7581411391932686	0.6423097922502627	0.49445091265858776	0.4670326917247803	0.40930377306220295	1.2480399160894053	2.229961606351538	0.7164444959535555	1.689076168500154	0.6713957220241491	1.4389336891461548	2.0452087101214587	0.7437679828345681	1.420664885803116	0.8116810991992528	1.7515510675340449	0.9075946496538908	1.5963680830648783	0.8573390285357982	2.498133508037417	1.974483625254745	0.5484765453368095	1.2280135001976453	1.9917647475650087	3.472479273904083	2.5722481355106157	2.7698270270347676	2.2889166347169208	2.7785188281574267	1.5616124462962833	2.2951183534143005	2.145278358366193	1.9491843981784152	0.7446710903226004	1.8348666147403365	1.3555194990635002	3.2286728333618098	2.0003053113171787	2.616931897155505	2.3666929825946683	1.227452474570096	1.616144984090083	3.2382851064848137	1.6916479918446905	0.43066869040646955	1.5775376363549116	1.6084597119781452	1.6707147887875213	1.7178770166412565	2.287939423459357	1.35698043802377	2.2622583492175226	0.744185711757254	1.7547224847128708	0.5940682463540358
Vil1.08B.FP95	1.9076868432083258	2.5683309935004055	2.4591552458754764	2.883971698787383	2.4385005231212475	0.6038642488376252	2.6016016124851005	2.056159689731694	3.5305024431633516	2.6911413030462996	2.385661571349891	0.0	1.8847684275044574	2.6130404598489747	3.4191315575534014	1.1556193831979267	1.8528731962013845	1.3263567200061617	2.616494102463058	1.6775853492562418	2.5809273511249837	2.214348927010988	2.411394196666998	0.7549103483449364	1.9641987349874168	1.769429042725967	2.499455123891639	2.2418391615847018	1.7191592770220943	0.812457700047823	3.477545882703729	1.9037750685395773	2.001741708834895	3.1124247166676082	2.0744664456955397	1.9897486178227117	2.6730627706002834	2.0358186114662336	2.0023916355046896	2.3637602964849047	1.7274076781739118	1.7589577261480995	1.9606610424534185	2.374229282483857	2.235407499204685	2.4220164128775754	1.0344698077432577	2.0364598546487254	0.9404234415287219	2.004267348866336	1.9327556919266444	3.0029241730025094	2.063210013265194	1.3102823506667616	1.5983848727945458	1.273491338437027	2.3472311368565277	2.743939886915213	3.2036581308716756	2.992182866567731	1.1458886693320562	2.077324950091373	2.3507824437440954	2.7502160045134056	4.681200215561488	2.563990255620601	2.322124916305574	4.648192628618597	2.5247065282937355	3.9244531851382063	4.309856400532557	3.430340635169634	3.572971332272051	1.7655912290056053	1.07493440289208	1.4779428494394728	2.5192325265951365	4.381689363999194	2.273381297767706	2.9074955629509276	1.19990684838704	3.9588824987287192	4.770793774392465	4.06685108984608	2.731720464384722	0.9413268434547388	3.7553106579655657	3.582526415244022	1.9380647372933677	2.0889290855985743	1.0413829422048497	2.9291163954194985	2.4240900495155597	2.15835528915889	2.0019801575235148
Vil1.03B.FP32	0.7138785671624844	2.0783835302433116	1.5598145454908832	2.2848912397969676	0.6311214782781484	2.0678946038889436	1.9723143378150978	1.4632482080142437	1.7248393703825042	2.2219211690151472	0.5345329493961172	1.8847684275044574	0.0	0.7383185060588283	1.563664732340015	1.7685984600953333	1.2819178775674869	1.0691652304128123	2.1772002913678112	0.609703548446503	1.9186716238538342	0.819837226559722	0.8318056019350578	2.4939099271461598	0.22398547968470586	1.1169757562039104	0.7260525958170643	1.4054919497841896	1.3735266154411852	1.987147489297859	3.0064489028506824	1.7676357077723819	0.3668678312887533	1.2358617556877531	1.71514895478051	1.2156571462369636	1.9879132371599348	0.9545570509074808	1.39639316409934	0.7776625957325751	1.5932138467720072	0.31118076385542537	0.3620169491947813	0.5430281741973699	0.6069212376685987	1.3841338402155985	1.8450765767036967	0.42534647927755986	1.29094734183412	0.3454373173177611	1.3601446140130755	2.2144662484507456	0.46537737772016746	1.1052229639522204	0.3629634135812913	1.4608906692348755	0.7913370250889894	1.4915991765520782	1.3914841398995341	2.5751616333847167	1.6527272171767395	0.2997461657019201	1.3311503599668695	2.091931211543404	3.7764434512538947	2.523981583558471	2.6312626360215168	2.820581248329354	2.6838644971655725	2.0940911401637656	2.7744983342156897	2.41781983288534	2.3101456260220794	0.3168614803298653	1.4886269609784146	1.1021446945898976	3.065436915001101	2.524033518523441	2.493386744350504	2.444944156780096	0.7939892004393759	2.15060064851768	3.6159684437368176	2.220099761920849	0.9484735110812941	1.0794459007012704	2.1022290028971184	2.0955697404680964	1.6224056104544406	2.1648503129904637	0.8801187587961732	2.357330265355722	0.7385087568576733	1.712923168494908	0.5635552952755598
Itg.26.FP540.S44	1.034645974855087	2.223000518576414	1.627945249238021	2.3408098993549635	0.49864101770958513	2.764994561309201	2.072831009543358	1.7231468221489483	1.031834797320153	2.344809488157634	0.24840852510857886	2.6130404598489747	0.7383185060588283	0.0	0.828508848984689	2.340806063082045	1.6189345165773044	1.6276633771061295	2.32553320210164	1.1039468955951959	2.0068504256258923	0.8998817133930986	0.6735560249815025	3.222705459418977	0.7287514147247104	1.4954834494222675	0.3822322582848319	1.5605613514025773	1.760808384454263	2.699022569743237	3.0237694478554116	2.1266651395831335	0.680688449314952	0.5154487416883501	1.9667789281438264	1.471623414650669	2.056897450437662	1.1742818160850619	1.6617936053650542	0.6799070108332602	1.9911878683773239	0.8845661872351762	0.7392502871723915	0.46014902568805144	0.6215140406029602	1.4156016985886413	2.445044900205041	0.806494646252485	1.9359371891204078	0.7825454970860877	1.6602380814144846	2.1798526070567754	0.822602331876155	1.6517297841921434	1.0304990727858048	1.9920763366055676	0.892057985707627	1.5314438955951581	0.698498773420805	2.6625896417360955	2.2155170424908954	0.6653711749207806	1.4046411551162639	2.1524464016597102	3.525480297757806	2.774070289888525	2.9914570943683096	2.095456686968375	2.989853365898191	1.3686745658288355	2.2252235926752686	2.229111975462677	1.9832758365300238	0.919252953655854	2.083028442653249	1.6011261237603445	3.4539893071446786	1.7885756557194379	2.836712274301625	2.5318519105723767	1.4625355749310656	1.4373487866230243	3.2463250306612155	1.4870858091163957	0.38438422145758927	1.7820639777266645	1.5224780967094251	1.6529801424803472	1.939073420969775	2.50954358683558	1.5857566223436488	2.4189405149449383	0.7040097918755744	1.9617862065122467	0.8320784107637462
Vil1.06B.FP68	1.6967593209041707	2.5728676275060236	1.992444951576811	2.593707782653797	1.2033963152534846	3.5459310073713692	2.398419686671667	2.2291704749394547	0.4137691881619864	2.6594583769633027	1.0414862838748176	3.4191315575534014	1.563664732340015	0.828508848984689	0.0	3.025738799666772	2.192963900512266	2.3383200200064738	2.6685412129596986	1.8312736861545211	2.324018880030422	1.469568913634457	1.1704575475744752	4.034441717577074	1.5447661605863605	2.114679911822389	0.9860630621565747	2.0093411446770575	2.3481397470503547	3.51171325749664	3.1776277154879295	2.666743790410959	1.4348899556478387	0.42173152993074425	2.4159038091852447	2.0052430074891645	2.354438459711991	1.745559243379721	2.1731913019221776	1.2305363310012203	2.5669208887029527	1.6674741902121741	1.5018826444425644	1.2141732278469715	1.2767909542859586	1.7840071089540464	3.1468128413359806	1.5906123676201034	2.6867121197479706	1.586127021858156	2.2003199217172864	2.3534077763916375	1.6001321359919667	2.347576480456661	1.8282719701331727	2.6575761314438062	1.5454938177804511	1.9918599804637875	0.32661538684203073	2.9119848193900038	2.8932161253723363	1.477742953373036	1.8173453100827053	2.4296816786583415	3.339881751847034	3.172695294208505	3.4791147502984034	1.2888270945408062	3.43029916023623	0.5616284430906836	1.7107240304299853	2.2241785142233708	1.8383145296340342	1.7192470911636797	2.7939635211492337	2.2794043821000316	3.947121708410658	0.9761620743543112	3.313987242727023	2.792521482194892	2.239684585990033	0.6564267224473538	2.9253379158203234	0.669180539473835	0.7320637793124207	2.5805356954585044	1.0636283150931303	1.4145940107895016	2.45596386415317	3.00677669376406	2.381673646474864	2.672760204678567	1.3472592619119714	2.4296190486056655	1.5233691769097117
Vil1.09B.DTT104	1.3582971088654598	1.4905773600421854	1.5438369700905599	1.8044089181149021	2.3973343785844805	1.4877648149987215	1.5561561392497247	1.1133780682248617	3.0145988963775014	1.588126039632752	2.09344310416887	1.1556193831979267	1.7685984600953333	2.340806063082045	3.025738799666772	0.0	0.9770171478769604	0.7174113793965556	1.52293718672054	1.239351651683012	1.5331925696647721	1.6368540817048938	1.867335250621114	1.8548687391342962	1.9470572960093662	1.0023858426574241	2.087495110225155	1.3500270648155341	0.773614783022596	1.9003559455418295	2.34508801102037	0.8253284269326876	1.6622152854770635	2.839473678642454	1.2376093896033524	1.141552438040187	1.6346378523137457	1.3443538378801498	1.0607132735914304	1.8424134108613484	0.6691451429471332	1.4977623310743549	1.6253402070924639	2.307756288090816	1.7840315154812616	1.5604716927014486	1.160084022918764	2.1157238242825707	0.5448206381498185	2.0519312918130352	1.0088956094710726	1.9503340977161738	2.15782566236349	0.923201946539862	1.4997192560255421	0.5057502166590158	2.492943214145148	3.0874867578003884	2.73958800628973	1.85839704705942	0.42394321691779263	2.0501199629070093	1.5125446933324855	1.6939138524475146	3.58448300595349	1.4197803594964484	1.2231452065468287	4.103850222887014	1.41166540030032	3.431697090485035	3.485977479630152	2.416436395321501	2.64954166000883	1.7688305095234216	0.2867398688864963	0.7628291996130677	1.5037711437517625	3.9161521198963287	1.139390075181824	1.7855563137478894	1.0752711478967196	3.4264468178216094	3.741836827891056	3.595726296178557	2.2943424884824153	1.3438535983746205	3.0587057086247413	2.790891621473642	0.88609609887005	0.9388761385928458	1.1011643910311926	1.8524463381113452	2.4748048616714753	1.1249399989732427	1.5403328885561216
Vil1.03B.DTT32	0.6043489394453566	0.8671649860777737	0.6107259883958381	1.1422105141913388	1.8321080781078891	2.18087594689024	0.8231797196284399	0.23458990023164883	2.1124173751025874	1.0139080888745478	1.3919374286905686	1.8528731962013845	1.2819178775674869	1.6189345165773044	2.192963900512266	0.9770171478769604	0.0	0.568896764699684	0.9535136147372738	0.6932595761440401	0.7929511594160645	0.7648429868699964	1.0318914961026358	2.6034403231160383	1.5017884967982362	0.1824591076608744	1.284721482874692	0.3946794744547022	0.2861870463190983	2.413828250103476	1.8414810534537656	0.509717427404938	1.0289536040960023	2.07781714429078	1.0723550061126066	0.2326188161550976	0.875288484434711	0.45429923584932763	0.23170839851671407	0.9912019914012096	0.4285811158626667	0.9992386082687718	0.9791492031241069	1.7341811058564145	1.0004886834394948	0.6113264447323635	1.7588443331550432	1.705238304194449	0.9157528975708068	1.620427436117543	0.12331322908583484	1.1931813705659113	1.7432624027043655	0.9804148364855619	1.1783437123442426	0.8554339280638775	2.0704708984393805	2.7664658585288913	1.8851033859661324	1.374163924564652	1.0621843114720657	1.5499862064721412	0.5395309931895873	0.9697698816374188	2.884755856980519	1.245046588780289	1.3832940972905956	3.180308398225887	1.408795104287205	2.5425845816188097	2.5542725544047316	1.5869068170785883	1.738520076115934	1.4291669412884236	0.8424912929581404	0.40207264611723464	1.8469368658849445	3.017177752174641	1.2450120562026956	1.2521585004961835	1.032380926141692	2.5264193135745905	2.927705426286505	2.7064023116600406	1.484895282388055	1.5549921937895677	2.100205044740732	1.822790144993749	0.4103286754832746	0.9158675610205179	1.178677314228839	1.2088008141815207	1.9880962581070822	0.44988199334067447	0.8080001088471467
Vil1.02B.DTT20	0.6721560208510441	1.4011064363603818	1.1630336824274334	1.6930296818010377	1.69317726491646	1.6300901390190348	1.3804823040204592	0.7988310224180443	2.355629193149947	1.5367799580287462	1.3795948104664906	1.3263567200061617	1.0691652304128123	1.6276633771061295	2.3383200200064738	0.7174113793965556	0.568896764699684	0.0	1.4757373809135863	0.5239178983926434	1.3380301793852134	0.9774625165004558	1.1996842234694973	2.0668071434930044	1.2625862061936306	0.47426887767517983	1.3857692723545951	0.9419324151084842	0.4902154240618175	1.8537341899737283	2.366119113244251	0.8515454668195357	0.9491675538181982	2.1314642375333857	1.1056521343708645	0.6685918834458879	1.436854233852708	0.7326521446534185	0.7174653419017208	1.163570206600883	0.6327389880134345	0.7895468710441097	0.9083552497862015	1.6011373370163156	1.0840324371364654	1.097335503801117	1.279311503012266	1.4461654692326114	0.3994847907461218	1.3752451610569487	0.6512060607596785	1.7459930620419206	1.488653681688554	0.5453815490169491	0.8404967676781376	0.5159996037360408	1.8269972269981252	2.4688034540916597	2.0652994044962614	1.878721868223428	0.7048333218322224	1.3559112181028785	1.03549212192241	1.5271801272972052	3.435962513817957	1.6369259639759823	1.6352524285882386	3.4651073647516237	1.7388596933577616	2.7729589612196555	2.995834287232688	2.1338176957453734	2.2482522528746065	1.1156552064301088	0.45952724485582863	0.16693977910803293	2.0328184834099545	3.2504724736470356	1.508617047225642	1.7683369587000979	0.5260251492571718	2.781246680863613	3.46760184328829	2.9307223397975526	1.607197646415278	1.0071883837323603	2.479622418164071	2.275587214141325	0.7697515584435307	1.1997448345795314	0.6414489211716693	1.7588209865531874	1.79034246779284	0.9686917561911815	0.8359903262706162
Lyz2.04B.DTT244.S85	1.463987804639312	0.10312733267177222	0.7103222351783671	0.29712661205192187	2.6488224853904123	2.9608153420180123	0.2720600497907513	0.7330747538099884	2.4516661010275134	0.12192851233779478	2.1445084869123856	2.616494102463058	2.1772002913678112	2.32553320210164	2.6685412129596986	1.52293718672054	0.9535136147372738	1.4757373809135863	0.0	1.6219932468162714	0.37217783373737295	1.4615371816053435	1.6684458412976433	3.353017123877439	2.395874554682822	1.1211859267804303	1.9520409494634143	0.7855375891277975	1.0251206821282126	3.281058716460941	0.9027921753223244	0.7132932980940301	1.874671899870369	2.6877542025325987	1.4538875326967697	0.9899333151280241	0.3290068338756165	1.230683183936621	0.8413434100359526	1.6512474649768962	0.9293355892749997	1.909612087395216	1.834731006470584	2.5534228885716783	1.7421403493081147	0.9209594384519444	2.474254937441606	2.601289838976686	1.738176672872119	2.5141770739201146	0.8684352944475593	0.5654275572040376	2.6366302929326744	1.822301631505279	2.1128097524872103	1.5560075916962288	2.94436174370399	3.6537318944865325	2.343752879514131	0.4646711178520314	1.6968736783807221	2.421012630936165	0.9232961411985532	0.29352393193065285	2.101736671321223	0.5689586869591651	0.975424146609497	3.346448304956974	0.8262485857036533	2.850583499535491	2.373927839390837	1.0488671841229489	1.430439100530227	2.349607148647119	1.557095657455993	1.3200641567166396	1.4312381357504877	3.292323632479979	0.8681560209257033	0.34718411435241636	1.9697846413360027	2.7897159198438697	2.306138020240745	3.0150907042023563	2.078566529820675	2.4796546925649587	2.1720084573156546	1.7538120221306073	0.7759845927280208	0.7188397909760913	2.1124607241506976	0.3359693269650567	2.8337871760815285	0.5104390311881706	1.636080182688147
Vil1.04B.DTT44	0.2644980867784956	1.5281766279024134	1.0881482913589071	1.7663253814296587	1.2023026768504983	1.9234715397952498	1.445372691962513	0.8966860042807204	1.877836068152123	1.669297307481327	0.8558459976823214	1.6775853492562418	0.609703548446503	1.1039468955951959	1.8312736861545211	1.239351651683012	0.6932595761440401	0.5239178983926434	1.6219932468162714	0.0	1.38862613109658	0.5697835859401565	0.73792685806019	2.38073882269145	0.8214351872543737	0.5376126692191494	0.8765388776186459	0.8949035303490672	0.7640293240292075	2.0253050958481147	2.4803401173087782	1.167840082855159	0.42758851612527826	1.6093995204910572	1.2316126955022875	0.6487738288030807	1.4750179365784823	0.47572420828952844	0.8118104886169893	0.6963988720742406	0.9845269205667744	0.31223076451019216	0.39312839886743006	1.1078504510394238	0.583532758057599	0.9382439769299928	1.5745508725557622	1.0247388378753994	0.858057920659029	0.9487509681730423	0.7706171243831282	1.735904802590683	1.0685080228266581	0.7169191424169732	0.49691618159821854	0.9428869078424185	1.394226108827655	2.0780186784288133	1.5727952249489365	2.0229791564534594	1.1615539009083253	0.8989310136963725	0.8819259844619024	1.5769255911853317	3.3794858886226185	1.926329783443089	2.02728418656583	2.996188047019202	2.0836100721465796	2.2894662601491627	2.6647726417504924	2.0256177404702975	2.0274366965244015	0.7369695403525026	0.9809456722191382	0.514277020567585	2.461895212834162	2.759752243705645	1.8849996321583593	1.8974279939596732	0.5502766856025209	2.3098047107251594	3.3108264257327957	2.441257588638878	1.1060006230156814	1.0676703188571945	2.081340236275739	1.950159246808648	1.017208644139096	1.5566016250396408	0.7170161678814471	1.841437007166349	1.326104719578474	1.1360476110855462	0.34072844431651256
Itg.24.DTT528.S23	1.2101548614797544	0.2932276976474157	0.44469240892312834	0.41236895267490326	2.3565229452287575	2.882896746138682	0.17725168932266075	0.5811393781006146	2.1176000125736425	0.3478942632685954	1.8357039972519962	2.5809273511249837	1.9186716238538342	2.0068504256258923	2.324018880030422	1.5331925696647721	0.7929511594160645	1.3380301793852134	0.37217783373737295	1.38862613109658	0.0	1.1817877860473758	1.3397375144013477	3.3238667924936767	2.1298825809856625	0.9519706735036364	1.6400246344433456	0.541452511037308	0.8847207583949837	3.187455003603445	1.0966071048592205	0.7540317771483906	1.590866520709314	2.352648303350236	1.236433136809729	0.7459521704545913	0.18307121603701237	0.9662373862148446	0.6303136309273363	1.3466484019777334	0.873083212303261	1.6549567243535899	1.5703196623474889	2.2644536183021717	1.445396576814794	0.5916195818906843	2.3569286532225338	2.3371164730648086	1.6595300332810037	2.2561838999031174	0.6905834497431222	0.4227557212773479	2.3757737592251766	1.6326744880165276	1.8698595453586084	1.4473621088144313	2.664299269627169	3.3685618474009273	1.997947695061343	0.6650671424885132	1.6269687828985269	2.158866110291556	0.6366291008726449	0.2362248782754137	2.107299731298841	0.8644660972654339	1.2502809925948202	3.0314360054982683	1.1432059890257706	2.5124352734970246	2.1105341382420417	0.887162245076796	1.1909618805267592	2.0899240091125337	1.51305772326197	1.1771036530963443	1.7096432791955294	2.9658064103404103	1.1008903872300795	0.5332875688144719	1.7844617697246468	2.4532722048464968	2.2143142372335216	2.680564444748853	1.73906697090398	2.314212071817836	1.8706439518535232	1.486967416929342	0.6690150238314071	0.8768317905398519	1.9471864410377098	0.5214434435410429	2.539448397841994	0.45404979436969695	1.3645709905559884
