	Mouse5A.DTT29	Mouse5A.FP28	Mouse6A.DTT35	Mouse1B.DTT18	Mouse3A.FP16	Mouse7A.FP40	Mouse1A.FP05	Mouse3A.FP17	Mouse2A.FP11	Mouse3A.FP18	Mouse5A.DTT30	Mouse5A.DTT28	Mouse4A.FP22	Mouse4A.FP23	Mouse6A.FP35	Mouse7A.DTT41	Mouse4A.DTT22	Mouse1A.FP06	Mouse7A.DTT42	Mouse1B.DTT16	Mouse1A.FP04	Mouse2A.FP12	Mouse2A.FP10	Mouse7A.FP42	Mouse7A.FP41	Mouse6A.DTT34	Mouse5A.FP29	Mouse6A.FP34	Mouse6A.FP36	Mouse5A.FP30	Mouse4A.FP24	Mouse4A.DTT24	Mouse1B.DTT17	Mouse6A.DTT36	Mouse4A.DTT23	Mouse7A.DTT40	Mouse9A.DTT100	Mouse9A.DTT101	Mouse8A.DTT90	Mouse10A.DTT113	Mouse9A.DTT102	Mouse10A.DTT112	Mouse10A.DTT114	Mouse10A.FP113	Mouse9A.FP102	Mouse9A.FP101	Mouse10A.FP112	Mouse8A.FP90	Mouse10A.FP114	Mouse8A.DTT88	Mouse8A.DTT89	Mouse8A.FP89	Mouse9A.FP100	Mouse8A.FP88
Mouse5A.DTT29	0.0	1.12913820124696	0.3835229388340068	2.1847211535557656	0.8694300926146721	1.8514940265578854	0.5875306217258878	1.970372433292011	0.6355116589177608	2.292062853883377	0.25164004185814987	1.9221227296100514	1.2594257149314727	1.12945177512812	1.2329561774530011	0.45136481756630253	0.905950122685808	0.5477119615160253	0.8166784272520347	1.1272894920694156	0.512811552192038	0.19751012045459665	0.5424473086797632	0.020020048174347802	0.3427472858074782	0.5643961610529463	2.104057583895295	0.24276651091393084	0.6010840204662944	0.20316167942892893	0.9058772693299011	0.9820306318863068	2.400964030193337	0.35213143523990276	0.5205856326349094	1.7733550053793001	2.639106285876489	2.441852400639058	2.20023704547985	1.3478485750939795	2.429888625302779	2.573716585659659	2.800158721299213	1.4016620050296407	3.2153914116475746	2.852862386157603	3.1801718037247197	1.6970832195320789	2.2108321201623378	1.5128432218017118	1.5701046624559554	2.4851839683294155	2.41088954283524	1.5559942225857015
Mouse5A.FP28	1.12913820124696	0.0	1.4406005932604506	2.9079029775857412	1.7383016608514272	2.714136930630611	1.6270397704632986	2.813406644549538	1.070177688854784	3.0774899270283202	1.3745303731785765	2.7382126256074693	0.7255502475856808	0.6463075523800528	2.264268123063791	0.6965271785842257	0.3160990274598419	0.6360954990342322	1.7459548917940708	2.0124717533185565	1.356635261633673	1.1446540605950872	0.9494987524015069	1.1222337270101832	1.1413217823566513	0.6920201741715064	2.832335148945667	1.3133056411294433	0.7471729157935019	1.0564654030777165	0.6115334267323068	1.9105230015784227	3.116116196404773	0.8552073432085573	1.2003359468581882	2.647070945500458	3.5282367614806605	3.391997409843905	3.295269228538798	2.4442263022878605	3.380136378515148	3.4310232696581497	3.611765914033453	2.5233485637026307	4.25878756227903	3.8549535352325712	3.9198599094360818	2.6407491127169656	3.271165386877063	2.6146264887021777	2.5065904077491994	3.5440899673936355	3.365135715991225	2.543299003582642
Mouse6A.DTT35	0.3835229388340068	1.4406005932604506	0.0	1.8332670169191834	0.5569071270505137	1.4871036852636197	0.22592604844432615	1.6014469542809266	0.977479037549491	1.928674935768314	0.21320395027996022	1.5610086277031092	1.40328079181573	1.2875882894265973	0.8603879383515116	0.7990401572797847	1.1878211760418214	0.8346523494116226	0.46489701547280365	0.7782042836860356	0.31068291168100176	0.5303536047449765	0.9055627361054669	0.3770341739230422	0.37226397935360117	0.7960330618692829	1.7542609413815748	0.3089416274121884	0.9634987126671279	0.5758079841483457	1.0823419218803578	0.6162447644204306	2.050070914146659	0.7165310760371671	0.4677657716375912	1.4027417909869158	2.5933273428205066	2.3449670108076344	1.8881187624639797	1.0141799903503972	2.318920168819657	2.2018785159057943	2.4280434870272254	1.0964551129696032	2.9988096574317176	2.702715979306259	2.8202677917894587	1.6696103100591995	1.8465815574116546	1.2827269770114313	1.546757975419688	2.1234033528674043	2.3291688346041406	1.490584071307698
Mouse1B.DTT18	2.1847211535557656	2.9079029775857412	1.8332670169191834	0.0	1.3528510261530786	0.5378323530441994	1.6553677107732536	0.39730269718143696	2.803291675822005	0.2423047931533452	2.0274028750082684	0.37600629569382754	2.424687048225645	2.3919194042487657	1.2346078437679073	2.493415820705759	2.6605774599679823	2.386841128075556	1.3845836702875423	1.0996079094586795	1.6968656383358682	2.35842502609175	2.7169387309748987	2.1723680784427843	1.9350468058642087	2.3185883785271866	0.09492425024843715	2.123527340115565	2.7180806708184524	2.383020384136887	2.3149616768146157	1.232534048265316	0.22792958426463086	2.480276178344437	1.808863023664211	0.5649036687090809	3.7193813081157243	3.3440677141766733	1.9908906400173154	1.5062821182284307	3.2708613868477574	0.6663919726423648	0.7324283733399195	1.7225891078098914	3.358698524277275	3.433436821350387	1.027665300775026	3.0073596259601163	1.3704794934524824	2.1539601547925273	2.923014805489596	1.5916357166561435	3.383469779853894	2.782112578012649
Mouse3A.FP16	0.8694300926146721	1.7383016608514272	0.5569071270505137	1.3528510261530786	0.0	1.0127118799120787	0.3864982515903694	1.1426875676696548	1.5009034898055478	1.454672545182436	0.7179143193766829	1.0777656285612591	1.5123071060398778	1.4151586638494036	0.6184364084587843	1.2186051513769989	1.5055847219861804	1.1309239342816435	0.1565132144891513	0.28661128627077626	0.40567128094802113	1.04416351397614	1.4114391496349306	0.8590557098472841	0.6309688108391275	1.1350768451796114	1.265888685129228	0.8644451608818475	1.4393679048808437	1.0553962030407162	1.2343076384993226	0.2462375089603045	1.5581358637763147	1.1897035676635632	0.5394704286425088	0.9536413850017484	2.9624175892587368	2.6750952332760027	1.8804938423158792	0.8959732425235061	2.642149308707962	1.7444969634061556	1.974361244415802	1.0975006499226114	3.1534746765596795	2.9558997406458745	2.3290583279597534	2.0622942667539634	1.6090095465370589	1.4774214911100143	1.959267244777438	1.9350170132894486	2.6627300341848157	1.8677215099382396
Mouse7A.FP40	1.8514940265578854	2.714136930630611	1.4871036852636197	0.5378323530441994	1.0127118799120787	0.0	1.280137863416845	0.18898432279978378	2.4617907806951567	0.505461943082484	1.6589717952064964	0.16492189156940093	2.34850445929293	2.285683495213268	0.7720166299920453	2.217434463280198	2.4697952602572557	2.132405511659756	1.0367368211372212	0.7310169159598707	1.4007356838769789	2.008653442376848	2.3895312657972014	1.8426543872640782	1.6387921368517664	2.099924760108826	0.4676132243437776	1.7822289305584909	2.4279769485199387	2.0402976927925662	2.1568743838845856	0.8734760608859063	0.6823541171061218	2.179336342296042	1.5355465842944191	0.13708668464287865	3.2962590434003154	2.937558168088331	1.6312365190162934	1.0035900959194766	2.8817378397555626	0.7320584180875197	0.9810312258702221	1.236363272078841	3.025645884395779	3.044605681934548	1.3576178220404922	2.5563331767114086	1.007862249033229	1.715200433821798	2.4849324222665805	1.3250627803433974	2.9542107956088253	2.3404937923740756
Mouse1A.FP05	0.5875306217258878	1.6270397704632986	0.22592604844432615	1.6553677107732536	0.3864982515903694	1.280137863416845	0.0	1.4037936465399132	1.1827742427411345	1.7370401559023363	0.3795872494273555	1.3638310748312537	1.5379204223846321	1.426166072867977	0.6529205817906637	1.0065958140064228	1.3811867487057516	1.0061036878225087	0.2837519420185182	0.5784550112793642	0.3436950189270418	0.7298008046761731	1.115445383515286	0.5822478598303629	0.5007911464710808	0.9902579335529011	1.5741437924916584	0.520525783169709	1.1811530187320964	0.7705869703806677	1.2229505923737454	0.4232081580437167	1.8669400927880873	0.9315991090135312	0.5302626934654462	1.2014236573927326	2.6226126881289593	2.3549938485827417	1.7609753040640979	0.8255533405142437	2.3281379646947724	1.9957227277629006	2.2327204003743755	0.9455481092747263	2.9362630697920267	2.677168902006192	2.624820660634117	1.7070869091765533	1.6542402387609119	1.2168626879485904	1.596580996348526	1.9506540613744945	2.337942703534937	1.518196586285166
Mouse3A.FP17	1.970372433292011	2.813406644549538	1.6014469542809266	0.39730269718143696	1.1426875676696548	0.18898432279978378	1.4037936465399132	0.0	2.5777012234522654	0.34963538856330634	1.7831972779856622	0.12521300687227863	2.4154507550330298	2.3614543470247003	0.8926758632025038	2.3264744433140074	2.560583703439832	2.245979956342868	1.1562272087189849	0.8611924609631945	1.5148086113327475	2.1291673686755948	2.5050968462075254	1.9607086137971075	1.7571241180407318	2.1919080470741226	0.3491164113150182	1.8907934693121806	2.535684126681651	2.163906513950774	2.2479308808975644	0.9888940384276649	0.5446498424856216	2.290274787957097	1.6528875864311205	0.20810971938779824	3.36497913154082	2.994820348564717	1.6457627686905008	1.128617905545356	2.9300125559415164	0.6232094103479586	0.8337795049518278	1.343497720296025	3.032227639387886	3.083824964700847	1.2287524793836977	2.65461671878908	1.019067058953148	1.7936285658541367	2.5801525680912927	1.291549025911941	3.0239183036063215	2.4334674370843965
Mouse2A.FP11	0.6355116589177608	1.070177688854784	0.977479037549491	2.803291675822005	1.5009034898055478	2.4617907806951567	1.1827742427411345	2.5777012234522654	0.0	2.90516308719267	0.8079767333271192	2.538441466668713	1.5039121961817612	1.382127897273215	1.786033677960633	0.5391870204675367	0.9362002100208271	0.7999923199988572	1.4369291768304084	1.7490813865829555	1.144550861967787	0.45911805212476137	0.1477703250556663	0.6483288207071825	0.9504043762416494	0.8150396801688029	2.7252923210195115	0.6930463938775937	0.34576811103523225	0.46302800820189755	1.1969960992494955	1.5934189659437314	3.0222843870419456	0.41454491884312794	1.1238112912326141	2.37789211987791	2.478165560657233	2.3707320219981414	2.533045799293258	1.8260477483019257	2.3786120617237496	3.173040808676983	3.4010493003751163	1.8056301466353009	3.3215220538306247	2.85522529691548	3.7974548119102502	1.5905275780462866	2.694489314691424	1.7491105257826447	1.4635728326367126	2.9329210279161413	2.324720770473465	1.52206562429533
Mouse3A.FP18	2.292062853883377	3.0774899270283202	1.928674935768314	0.2423047931533452	1.454672545182436	0.505461943082484	1.7370401559023363	0.34963538856330634	2.90516308719267	0.0	2.1154098703185875	0.38423779698099264	2.625555898020985	2.585205198902233	1.2419154531561556	2.6283764924801147	2.8280894088538147	2.53310644449837	1.4790138207944052	1.1824529104636268	1.8197789252594399	2.457120270489635	2.8272447648678747	2.2812917159986577	2.0609728268807683	2.4731071690637494	0.28000952659703165	2.2188839300434187	2.8453958155229815	2.4878331950834895	2.4935990363685394	1.316543719515964	0.23765916282097305	2.6027795905012847	1.9442536594209328	0.5564203534025465	3.6681307813337636	3.2882271280889555	1.8756310119153379	1.4674007398743067	3.2169134755251076	0.4261697243127053	0.5389980601235158	1.6744771022436449	3.238419337999928	3.344412209763552	0.8948177871877417	2.9881696390608465	1.206817757053943	2.1127992754704397	2.9148987444566172	1.4222029667331246	3.325925999398953	2.7655524188837397
Mouse5A.DTT30	0.25164004185814987	1.3745303731785765	0.21320395027996022	2.0274028750082684	0.7179143193766829	1.6589717952064964	0.3795872494273555	1.7831972779856622	0.8079767333271192	2.1154098703185875	0.0	1.7424302067069937	1.4445881913572474	1.3185370497514712	1.002583397466502	0.7028466345060355	1.1463352303398935	0.7715387152557561	0.6458077594351267	0.9502806505461899	0.45180476262778996	0.3546640028166002	0.74558594607172	0.25589251781072675	0.39876559643335996	0.7822863914027732	1.946326021961726	0.22165271242266685	0.8381442076885238	0.40530079441056427	1.0959540102401686	0.7993692561514802	2.2408199083220035	0.5958930034877212	0.5424547935731686	1.5808713247396224	2.51954692866609	2.299916476628273	1.9699016592098182	1.0979522008599059	2.2869480224706353	2.3738389838133838	2.6114445216840316	1.1534368626230056	3.0221381324177803	2.683962780958745	3.0036268649020306	1.5731622379638506	1.9690580643913953	1.2988987807546084	1.4537915085101458	2.2490279920755634	2.2684377972227248	1.4152164146624175
Mouse5A.DTT28	1.9221227296100514	2.7382126256074693	1.5610086277031092	0.37600629569382754	1.0777656285612591	0.16492189156940093	1.3638310748312537	0.12521300687227863	2.538441466668713	0.38423779698099264	1.7424302067069937	0.0	2.3325521450866535	2.278961907808701	0.8935840527907044	2.268498357740051	2.492182559651875	2.1749158275666534	1.1060293004829647	0.8030367991873467	1.453566717019863	2.0865368221848044	2.460448637442926	1.9118986325291945	1.693597720342639	2.130301706407758	0.30352653121176854	1.8566792357438906	2.4853275767214824	2.1152694952359563	2.166363846561559	0.9453063587342843	0.5373790194180253	2.2395561999769664	1.5807887342645581	0.2151200103221557	3.419560838343578	3.055907008396902	1.7389830531909478	1.148920513941305	2.9943420669541116	0.694085766363061	0.9008152649727489	1.377413735541255	3.1292489470480174	3.1617130970730773	1.2612726052631487	2.683601775224631	1.1185605730890729	1.8399677884774008	2.606533190946814	1.4062273556028522	3.0799246198840295	2.4641261056480266
Mouse4A.FP22	1.2594257149314727	0.7255502475856808	1.40328079181573	2.424687048225645	1.5123071060398778	2.34850445929293	1.5379204223846321	2.4154507550330298	1.5039121961817612	2.625555898020985	1.4445881913572474	2.3325521450866535	0.0	0.14296876596981045	2.074321717925724	0.9865866550832862	0.6180574465901411	0.8207886951980756	1.5399799775545955	1.738124397860486	1.2061808573078747	1.3746642200453347	1.363337788648998	1.2429912985552065	1.0949491891924172	0.7388258081444543	2.3595872646581384	1.403594057987708	1.169138215107677	1.3065031969125818	0.39379544360078456	1.669721414178577	2.6225606376509716	1.140269301132307	1.058036106330133	2.2840467373594913	3.7890194915736455	3.5795027901621577	3.1884417357414816	2.341735236345906	3.540639900327052	3.017901442161202	3.1511973763014636	2.470973648187437	4.287456532007887	3.983948978989578	3.4168938507857827	2.9005882880730463	3.0511391601220414	2.645890106746068	2.756791313772426	3.315576469330264	3.582234870648121	2.7519970203213138
Mouse4A.FP23	1.12945177512812	0.6463075523800528	1.2875882894265973	2.3919194042487657	1.4151586638494036	2.285683495213268	1.426166072867977	2.3614543470247003	1.382127897273215	2.585205198902233	1.3185370497514712	2.278961907808701	0.14296876596981045	0.0	1.981118685717775	0.8575901840112362	0.5202652061717414	0.6797684170419721	1.4427028843988672	1.6527361464165105	1.095457668452903	1.2440694154335217	1.239326060425232	1.1134051346083558	0.9691889068475305	0.6199212960358523	2.323242060029782	1.2840835882260517	1.0514981529006722	1.1723651875096506	0.25203046957695197	1.580197881485524	2.5926880227115294	1.0129939288903052	0.9399311711956886	2.221674258630346	3.6818315427310293	3.476508141860171	3.1003489296839812	2.2374858614797604	3.441966288507098	2.969002089866609	3.1154337927024267	2.3642131596498923	4.196867271104943	3.8840452425446865	3.3913670460967666	2.7832768140443163	2.969426520047138	2.540116241501737	2.641888065152652	3.240709578168733	3.4734535757794283	2.6376164650886538
Mouse6A.FP35	1.2329561774530011	2.264268123063791	0.8603879383515116	1.2346078437679073	0.6184364084587843	0.7720166299920453	0.6529205817906637	0.8926758632025038	1.786033677960633	1.2419154531561556	1.002583397466502	0.8935840527907044	2.074321717925724	1.981118685717775	0.0	1.6562023206288412	2.0088408790567005	1.6470503899692102	0.5443830056837382	0.4474615459291721	0.9175896140590317	1.3519537226577591	1.7395970937992213	1.2292243909440974	1.1307282804390864	1.6119418461829351	1.162575754396622	1.117447432978178	1.8204271000024326	1.4071539051216435	1.8044496982515887	0.41638876770417166	1.4236962690436807	1.5751853842226435	1.1028810614109013	0.6891442758735871	2.6153812772214895	2.2854199510525266	1.2832372171403204	0.36031205087024837	2.2437344090383253	1.4204907226245391	1.6780290336001222	0.5813100678209978	2.606734843172557	2.4830968699499922	2.104589457994322	1.8113052957758653	1.0147594569362732	1.0377249237769028	1.7320473636630758	1.3349713191603607	2.2860059145296554	1.59769505548237
Mouse7A.DTT41	0.45136481756630253	0.6965271785842257	0.7990401572797847	2.493415820705759	1.2186051513769989	2.217434463280198	1.0065958140064228	2.3264744433140074	0.5391870204675367	2.6283764924801147	0.7028466345060355	2.268498357740051	0.9865866550832862	0.8575901840112362	1.6562023206288412	0.0	0.4922461641604531	0.2885332251286248	1.1888342345089389	1.49080072224473	0.8188771473214947	0.45498372412031624	0.39277675530447165	0.4474661824533416	0.5923435312644045	0.3110793300410695	2.414907479033821	0.6259726696168777	0.2694645089788454	0.38027855630490137	0.6600515944616798	1.357373580889058	2.710924003997585	0.1712122460339979	0.7296808600434567	2.1399622019816738	2.9041402620627004	2.7418478446112515	2.620893812246457	1.7954024793568668	2.7304455755604544	2.9426069855707824	3.1497462378466508	1.8487611251359553	3.58170210438844	3.187555620133746	3.5082975106833896	1.9896651198693018	2.6444351257160292	1.9209866408450105	1.8555256527620905	2.9100480106107827	2.7134771880651036	1.874635463271272
Mouse4A.DTT22	0.905950122685808	0.3160990274598419	1.1878211760418214	2.6605774599679823	1.5055847219861804	2.4697952602572557	1.3811867487057516	2.560583703439832	0.9362002100208271	2.8280894088538147	1.1463352303398935	2.492182559651875	0.6180574465901411	0.5202652061717414	2.0088408790567005	0.4922461641604531	0.0	0.4695613021490168	1.4969066597666172	1.7707419779966453	1.1135675360020647	0.9428908534451447	0.8050413672150785	0.8962741973843006	0.9148574567842384	0.40229787754746454	2.5875810481377886	1.0633108682177184	0.5908192710773361	0.87055364814344	0.4524547082904845	1.6563709691890118	2.8745557405060884	0.6503812170598384	0.9815143638593683	2.393858072003685	3.3288939987849013	3.166866723477407	3.018787536496458	2.200516309830749	3.144946686841551	3.182240542814438	3.357190512012647	2.276001577052655	3.9952389062894875	3.6153745243480855	3.681699825814232	2.4455413899558485	3.005942578670399	2.360704962251422	2.30426727534832	3.264765754779718	3.1527570450268736	2.3290708834355742
Mouse1A.FP06	0.5477119615160253	0.6360954990342322	0.8346523494116226	2.386841128075556	1.1309239342816435	2.132405511659756	1.0061036878225087	2.245979956342868	0.7999923199988572	2.53310644449837	0.7715387152557561	2.1749158275666534	0.8207886951980756	0.6797684170419721	1.6470503899692102	0.2885332251286248	0.4695613021490168	0.0	1.1374284729813562	1.4126016706019089	0.7493962043447919	0.6270377621754459	0.6529470552339359	0.5381689501548456	0.5175345795231039	0.31982724095072834	2.305758922668966	0.763991691507697	0.5387857854904541	0.5318387302899876	0.4446883038980424	1.3082216276549885	2.597094361451899	0.42844181589928176	0.5976657503779902	2.067349119543632	3.13717505338903	2.961132110421836	2.717464163208951	1.8185380751001756	2.9493134539308645	2.8602342487569232	3.065140336975966	1.911076435409043	3.755526147024036	3.388016208512604	3.395098551813336	2.2025555373126604	2.657585271047219	2.0576373155419363	2.0742909734210078	2.9472747484090007	2.9294992448944233	2.0787396962486904
Mouse7A.DTT42	0.8166784272520347	1.7459548917940708	0.46489701547280365	1.3845836702875423	0.1565132144891513	1.0367368211372212	0.2837519420185182	1.1562272087189849	1.4369291768304084	1.4790138207944052	0.6458077594351267	1.1060293004829647	1.5399799775545955	1.4427028843988672	0.5443830056837382	1.1888342345089389	1.4969066597666172	1.1374284729813562	0.0	0.3156911305484447	0.38996678599245793	0.9826436194920676	1.3563538388968719	0.8070328703263363	0.623799051874518	1.11030568763486	1.301996692348596	0.7716424518930913	1.3929190757450816	1.0094862244559766	1.2630855984348324	0.17474314463803944	1.5965085135969175	1.1432267185500145	0.5682894761994299	0.9606520430926777	2.829908806316204	2.537986508443758	1.7692510046143073	0.8205482445187284	2.501177082029706	1.7616776232207811	1.9885374473099435	0.9997516010827556	3.023805453176369	2.8218951346340844	2.365727733879079	1.940443924063457	1.5514487660296268	1.3482672950032606	1.8332871051294972	1.859843853105851	2.5318226201512544	1.7402457192259728
Mouse1B.DTT16	1.1272894920694156	2.0124717533185565	0.7782042836860356	1.0996079094586795	0.28661128627077626	0.7310169159598707	0.5784550112793642	0.8611924609631945	1.7490813865829555	1.1824529104636268	0.9502806505461899	0.8030367991873467	1.738124397860486	1.6527361464165105	0.4474615459291721	1.49080072224473	1.7707419779966453	1.4126016706019089	0.3156911305484447	0.0	0.6751191793074066	1.2926187643905724	1.6686472119689786	1.1178227690729565	0.9103292526224323	1.3948335672735674	1.0134049666402978	1.0841289584708578	1.7035777000234285	1.3163489299504865	1.4904046458053237	0.18917700082916591	1.3027962024940603	1.453768993182525	0.8195345278002576	0.6683872242397679	2.9859795544838956	2.672035568616284	1.7173621493000462	0.7757741198561778	2.630757001947696	1.4615341863489077	1.6945168033791511	1.0073033291240292	3.0433956319051876	2.9044591889477	2.0614936975571077	2.12872377570279	1.3674873728307777	1.4386715883491166	2.0339990989277164	1.6967564278917207	2.6698894200201577	1.921966021942301
Mouse1A.FP04	0.512811552192038	1.356635261633673	0.31068291168100176	1.6968656383358682	0.40567128094802113	1.4007356838769789	0.3436950189270418	1.5148086113327475	1.144550861967787	1.8197789252594399	0.45180476262778996	1.453566717019863	1.2061808573078747	1.095457668452903	0.9175896140590317	0.8188771473214947	1.1135675360020647	0.7493962043447919	0.38996678599245793	0.6751191793074066	0.0	0.7056614802770942	1.0411849668917783	0.49804367812368233	0.2452319571592834	0.7352372619548984	1.6147225676010786	0.5567049290589048	1.0451554792360975	0.7041455471531595	0.8967362803138491	0.558977161895926	1.9110343721031045	0.7999251758489467	0.20712567234820342	1.3286488929339741	2.901629185327972	2.646507726933579	2.077587350603801	1.1454831373061531	2.616923001394633	2.1284752785155048	2.3425282311174396	1.2843856636390731	3.2550101214295992	2.9891582715565757	2.699724722902258	1.9772030932956037	1.930060410612293	1.5452408884652717	1.8564932278940696	2.2279056120947875	2.632805456088185	1.7977506324147527
Mouse2A.FP12	0.19751012045459665	1.1446540605950872	0.5303536047449765	2.35842502609175	1.04416351397614	2.008653442376848	0.7298008046761731	2.1291673686755948	0.45911805212476137	2.457120270489635	0.3546640028166002	2.0865368221848044	1.3746642200453347	1.2440694154335217	1.3519537226577591	0.45498372412031624	0.9428908534451447	0.6270377621754459	0.9826436194920676	1.2926187643905724	0.7056614802770942	0.0	0.392056755057434	0.2150870500029765	0.5370046534638564	0.6520243727468915	2.278315838752003	0.2913554178197277	0.5129076262542778	0.11398598122842474	1.0247518347527085	1.1418186837194795	2.57469661636556	0.30457213008324496	0.7146527352810632	1.928858832988249	2.5170999053223366	2.3442992423992686	2.2309357912415515	1.424669209881828	2.3403865402804396	2.7250086571784875	2.956984550731973	1.4459684347350261	3.1751790243904887	2.7777146495485043	3.34697300317345	1.576142856908154	2.2994665832627446	1.4977208239818591	1.4495391971201192	2.5631570350575483	2.305584842764215	1.454155810609645
Mouse2A.FP10	0.5424473086797632	0.9494987524015069	0.9055627361054669	2.7169387309748987	1.4114391496349306	2.3895312657972014	1.115445383515286	2.5050968462075254	0.1477703250556663	2.8272447648678747	0.74558594607172	2.460448637442926	1.363337788648998	1.239326060425232	1.7395970937992213	0.39277675530447165	0.8050413672150785	0.6529470552339359	1.3563538388968719	1.6686472119689786	1.0411849668917783	0.392056755057434	0.0	0.552740824744491	0.8347612499400618	0.6771169334427416	2.638278068795883	0.6385748691798417	0.22452578845802248	0.3695184715004295	1.050377730058839	1.5180994796818372	2.9357306535909524	0.2780295467314661	1.0037708593872723	2.307676574452945	2.5965799850051594	2.4735475280857355	2.553866812405318	1.8053810735066853	2.4765423737095618	3.107243099186297	3.3312961027199077	1.8060030224987558	3.394760408885781	2.947664647780813	3.717772553458832	1.6965064873195035	2.675697703070608	1.788447369787815	1.567609926859095	2.924013945385813	2.4314588754314634	1.6140282435687028
Mouse7A.FP42	0.020020048174347802	1.1222337270101832	0.3770341739230422	2.1723680784427843	0.8590557098472841	1.8426543872640782	0.5822478598303629	1.9607086137971075	0.6483288207071825	2.2812917159986577	0.25589251781072675	1.9118986325291945	1.2429912985552065	1.1134051346083558	1.2292243909440974	0.4474661824533416	0.8962741973843006	0.5381689501548456	0.8070328703263363	1.1178227690729565	0.49804367812368233	0.2150870500029765	0.552740824744491	0.0	0.32646386230444185	0.5504172005352653	2.091823682800113	0.2463147314323412	0.6043103875808348	0.21742536930351	0.8904373555700971	0.9728615195551189	2.388836249995269	0.35392821285494797	0.504437301456303	1.7643364443997793	2.6533896475827654	2.4542182807198376	2.203324295500876	1.3493989568041245	2.4412037991857325	2.565253227123312	2.7903366204424835	1.4059194047254233	3.2234272447099266	2.8638303754327117	3.169297547463457	1.7125149330660192	2.209607448441538	1.5206221020367094	1.5850079987168166	2.4840500660461164	2.424489508427983	1.5699208061092838
Mouse7A.FP41	0.3427472858074782	1.1413217823566513	0.37226397935360117	1.9350468058642087	0.6309688108391275	1.6387921368517664	0.5007911464710808	1.7571241180407318	0.9504043762416494	2.0609728268807683	0.39876559643335996	1.693597720342639	1.0949491891924172	0.9691889068475305	1.1307282804390864	0.5923435312644045	0.9148574567842384	0.5175345795231039	0.623799051874518	0.9103292526224323	0.2452319571592834	0.5370046534638564	0.8347612499400618	0.32646386230444185	0.0	0.5539537040054795	1.8522351308021716	0.4845864630094037	0.8285471631947733	0.5062105359574322	0.7444537018970069	0.7967557950989437	2.147580747070913	0.587439610539143	0.17821055875123099	1.570290621415388	2.910330549597924	2.6844358280212925	2.2478331259671096	1.319757042922506	2.663823510886105	2.368557694425303	2.585430017658342	1.4350452489585377	3.3698623887155237	3.0605273804914543	2.9370440769538106	1.9692556863345405	2.1432954653289213	1.6494238331619748	1.8462231661257182	2.440326359394197	2.660646455547221	1.8096058871672112
Mouse6A.DTT34	0.5643961610529463	0.6920201741715064	0.7960330618692829	2.3185883785271866	1.1350768451796114	2.099924760108826	0.9902579335529011	2.1919080470741226	0.8150396801688029	2.4731071690637494	0.7822863914027732	2.130301706407758	0.7388258081444543	0.6199212960358523	1.6119418461829351	0.3110793300410695	0.40229787754746454	0.31982724095072834	1.11030568763486	1.3948335672735674	0.7352372619548984	0.6520243727468915	0.6771169334427416	0.5504172005352653	0.5539537040054795	0.0	2.2446492181576527	0.7002250039917729	0.5259704896927954	0.6004009019596473	0.4521121848687015	1.2683875282868846	2.537084656586371	0.4242397388377389	0.6387503510402255	2.0187187172175793	3.066179323876486	2.8717345515021595	2.625665015193841	1.807301497083374	2.844274136103244	2.814465299545527	2.9976994864242004	1.8854637604514157	3.644581060102728	3.294726143557502	3.3427067707137303	2.166997135196789	2.604823868159467	1.9902361590750837	2.024995096406472	2.8628182919551235	2.8625288849426855	2.027208905932561
Mouse5A.FP29	2.104057583895295	2.832335148945667	1.7542609413815748	0.09492425024843715	1.265888685129228	0.4676132243437776	1.5741437924916584	0.3491164113150182	2.7252923210195115	0.28000952659703165	1.946326021961726	0.30352653121176854	2.3595872646581384	2.323242060029782	1.162575754396622	2.414907479033821	2.5875810481377886	2.305758922668966	1.301996692348596	1.0134049666402978	1.6147225676010786	2.278315838752003	2.638278068795883	2.091823682800113	1.8522351308021716	2.2446492181576527	0.0	2.0473920740374387	2.6410653773834434	2.3013549975793097	2.240445515050313	1.1515222157034712	0.2976169472200072	2.401915424282628	1.7250980511651344	0.49834235611025834	3.674489297996779	3.3038092306713387	1.9702265320839827	1.4392502396026499	3.2338735014660682	0.6996249462314945	0.8003737770041688	1.6619437330190765	3.346263702874857	3.404083084024135	1.0982119702353175	2.9473549393953675	1.3523068111420138	2.1024605264477403	2.862923570650416	1.5931736980166935	3.3385755883092125	2.7236002262318237
Mouse6A.FP34	0.24276651091393084	1.3133056411294433	0.3089416274121884	2.123527340115565	0.8644451608818475	1.7822289305584909	0.520525783169709	1.8907934693121806	0.6930463938775937	2.2188839300434187	0.22165271242266685	1.8566792357438906	1.403594057987708	1.2840835882260517	1.117447432978178	0.6259726696168777	1.0633108682177184	0.763991691507697	0.7716424518930913	1.0841289584708578	0.5567049290589048	0.2913554178197277	0.6385748691798417	0.2463147314323412	0.4845864630094037	0.7002250039917729	2.0473920740374387	0.0	0.721315094595363	0.3767245785245761	1.0809603396553416	0.9156687262211329	2.343163374120523	0.49763466644558446	0.6441515990391404	1.692208899436338	2.451001209116485	2.2354003745352333	1.9959068225146912	1.2167946998196488	2.2150933394694774	2.4875015937098004	2.7101518058886946	1.2413856991167143	2.991728358178142	2.638851430355313	3.112757017334556	1.5270249546378307	2.059411073520124	1.306426072963215	1.3928401273700661	2.3096807259888728	2.216650235849957	1.36875023212217
Mouse6A.FP36	0.6010840204662944	0.7471729157935019	0.9634987126671279	2.7180806708184524	1.4393679048808437	2.4279769485199387	1.1811530187320964	2.535684126681651	0.34576811103523225	2.8453958155229815	0.8381442076885238	2.4853275767214824	1.169138215107677	1.0514981529006722	1.8204271000024326	0.2694645089788454	0.5908192710773361	0.5387857854904541	1.3929190757450816	1.7035777000234285	1.0451554792360975	0.5129076262542778	0.22452578845802248	0.6043103875808348	0.8285471631947733	0.5259704896927954	2.6410653773834434	0.721315094595363	0.0	0.46738916159360683	0.8850044729894174	1.557344688157217	2.9382385142133707	0.252141455474044	0.9809966291133512	2.3450344362527855	2.7827493268560586	2.65104233171126	2.685322670078847	1.9247479495709108	2.6454221730943335	3.148600058673688	3.3583968731200713	1.9438925324510061	3.5542343955744777	3.1222741708908153	3.732229732994227	1.8963227619354586	2.7802222841248523	1.9457402039914533	1.7612743195425762	3.0279332669946983	2.6197403887655026	1.8045758604306228
Mouse5A.FP30	0.20316167942892893	1.0564654030777165	0.5758079841483457	2.383020384136887	1.0553962030407162	2.0402976927925662	0.7705869703806677	2.163906513950774	0.46302800820189755	2.4878331950834895	0.40530079441056427	2.1152694952359563	1.3065031969125818	1.1723651875096506	1.4071539051216435	0.38027855630490137	0.87055364814344	0.5318387302899876	1.0094862244559766	1.3163489299504865	0.7041455471531595	0.11398598122842474	0.3695184715004295	0.21742536930351	0.5062105359574322	0.6004009019596473	2.3013549975793097	0.3767245785245761	0.46738916159360683	0.0	0.9466268747562622	1.1751701076698555	2.597795067444368	0.25267013599563704	0.680228735593981	1.965137508420971	2.619371587662289	2.4523337562570693	2.327184365982431	1.490954494685023	2.4506411508163413	2.762819432717066	2.9948962491113065	1.5262623872024288	3.284926997584723	2.8867981779905705	3.3743521873906857	1.6750634770977686	2.370371956059114	1.6002078350422786	1.5515011203987372	2.6437292090691353	2.4100250490088952	1.5585332563680512
Mouse4A.FP24	0.9058772693299011	0.6115334267323068	1.0823419218803578	2.3149616768146157	1.2343076384993226	2.1568743838845856	1.2229505923737454	2.2479308808975644	1.1969960992494955	2.4935990363685394	1.0959540102401686	2.166363846561559	0.39379544360078456	0.25203046957695197	1.8044496982515887	0.6600515944616798	0.4524547082904845	0.4446883038980424	1.2630855984348324	1.4904046458053237	0.8967362803138491	1.0247518347527085	1.050377730058839	0.8904373555700971	0.7444537018970069	0.4521121848687015	2.240445515050313	1.0809603396553416	0.8850044729894174	0.9466268747562622	0.0	1.4128908263707465	2.5189941274977468	0.813180367471474	0.7273073529384382	2.09476122524121	3.5007743344033315	3.29969477173637	2.93408073442615	2.041132608173689	3.272498010097106	2.8603158677953187	3.029054234903311	2.1656167744477677	4.032124989246935	3.7081454812989776	3.32079944560932	2.5834711007364763	2.8079855963552123	2.3495715643504695	2.447398492138734	3.0918861531202135	3.2864374284755713	2.441220382562673
Mouse4A.DTT24	0.9820306318863068	1.9105230015784227	0.6162447644204306	1.232534048265316	0.2462375089603045	0.8734760608859063	0.4232081580437167	0.9888940384276649	1.5934189659437314	1.316543719515964	0.7993692561514802	0.9453063587342843	1.669721414178577	1.580197881485524	0.41638876770417166	1.357373580889058	1.6563709691890118	1.3082216276549885	0.17474314463803944	0.18917700082916591	0.558977161895926	1.1418186837194795	1.5180994796818372	0.9728615195551189	0.7967557950989437	1.2683875282868846	1.1515222157034712	0.9156687262211329	1.557344688157217	1.1751701076698555	1.4128908263707465	0.0	1.4440569145336326	1.3088319298170092	0.7335982376142022	0.7915082627482786	2.8432928691133807	2.533614625693818	1.6614837911598355	0.7372837844403172	2.4908610536310967	1.5933339294598323	1.8199655656748817	0.9361244154419727	2.9521569583510723	2.78726504051742	2.2057631783014617	1.9816413717382542	1.4002967251353615	1.3182966204165192	1.8794099674850582	1.7087993879632568	2.534741804957916	1.7729950342979839
Mouse1B.DTT17	2.400964030193337	3.116116196404773	2.050070914146659	0.22792958426463086	1.5581358637763147	0.6823541171061218	1.8669400927880873	0.5446498424856216	3.0222843870419456	0.23765916282097305	2.2408199083220035	0.5373790194180253	2.6225606376509716	2.5926880227115294	1.4236962690436807	2.710924003997585	2.8745557405060884	2.597094361451899	1.5965085135969175	1.3027962024940603	1.9110343721031045	2.57469661636556	2.9357306535909524	2.388836249995269	2.147580747070913	2.537084656586371	0.2976169472200072	2.343163374120523	2.9382385142133707	2.597795067444368	2.5189941274977468	1.4440569145336326	0.0	2.699309691818291	2.0178045276385257	0.7373135600407857	3.8877846100804483	3.5086056270562898	2.10749096258914	1.6719721125719393	3.4354957824737453	0.5658907423122055	0.5746974241333335	1.8875188013391837	3.4657571774986002	3.572822583291453	0.8079096513518558	3.1931696741898628	1.4435852095089452	2.327389314024921	3.1146493813769993	1.6487937733982172	3.5478252317435883	2.9694814652788515
Mouse6A.DTT36	0.35213143523990276	0.8552073432085573	0.7165310760371671	2.480276178344437	1.1897035676635632	2.179336342296042	0.9315991090135312	2.290274787957097	0.41454491884312794	2.6027795905012847	0.5958930034877212	2.2395561999769664	1.140269301132307	1.0129939288903052	1.5751853842226435	0.1712122460339979	0.6503812170598384	0.42844181589928176	1.1432267185500145	1.453768993182525	0.7999251758489467	0.30457213008324496	0.2780295467314661	0.35392821285494797	0.587439610539143	0.4242397388377389	2.401915424282628	0.49763466644558446	0.252141455474044	0.25267013599563704	0.813180367471474	1.3088319298170092	2.699309691818291	0.0	0.7492170081224425	2.0982004399251557	2.734161739865602	2.572996818753816	2.4884770877138993	1.6893708398283989	2.5636418403973185	2.9014655511766914	3.1158131125359336	1.7241677026541635	3.4232226940529054	3.0208908588828907	3.4899552669590563	1.8185115258951157	2.5458213638931437	1.7701379328807447	1.6843787163938453	2.8043421608961654	2.542901501112381	1.7044476884661601
Mouse4A.DTT23	0.5205856326349094	1.2003359468581882	0.4677657716375912	1.808863023664211	0.5394704286425088	1.5355465842944191	0.5302626934654462	1.6528875864311205	1.1238112912326141	1.9442536594209328	0.5424547935731686	1.5807887342645581	1.058036106330133	0.9399311711956886	1.1028810614109013	0.7296808600434567	0.9815143638593683	0.5976657503779902	0.5682894761994299	0.8195345278002576	0.20712567234820342	0.7146527352810632	1.0037708593872723	0.504437301456303	0.17821055875123099	0.6387503510402255	1.7250980511651344	0.6441515990391404	0.9809966291133512	0.680228735593981	0.7273073529384382	0.7335982376142022	2.0178045276385257	0.7492170081224425	0.0	1.4740061683926273	3.049506357336025	2.8105125732442127	2.2804220885730313	1.3262974243506958	2.7861512921110125	2.2641429209001065	2.4752563236535403	1.4706055524520976	3.4503328358367806	3.1682109849742184	2.809765244996052	2.11126894141304	2.116086030605741	1.7319847535738908	1.9908289977817246	2.4232540603942354	2.7898240771256213	1.9441831393087665
Mouse7A.DTT40	1.7733550053793001	2.647070945500458	1.4027417909869158	0.5649036687090809	0.9536413850017484	0.13708668464287865	1.2014236573927326	0.20810971938779824	2.37789211987791	0.5564203534025465	1.5808713247396224	0.2151200103221557	2.2840467373594913	2.221674258630346	0.6891442758735871	2.1399622019816738	2.393858072003685	2.067349119543632	0.9606520430926777	0.6683872242397679	1.3286488929339741	1.928858832988249	2.307676574452945	1.7643364443997793	1.570290621415388	2.0187187172175793	0.49834235611025834	1.692208899436338	2.3450344362527855	1.965137508420971	2.09476122524121	0.7915082627482786	0.7373135600407857	2.0982004399251557	1.4740061683926273	0.0	3.205940015683957	2.8443248725982366	1.5566031223500862	0.9425520676121625	2.784441682379884	0.8037267856347925	1.0343338770238226	1.1663168072951997	2.9481795966527424	2.959570026272633	1.4336947883006244	2.46959818035615	0.9808302163260615	1.625296911658901	2.3932054865442742	1.283741283084312	2.8668692239020253	2.249825199444564
Mouse9A.DTT100	2.639106285876489	3.5282367614806605	2.5933273428205066	3.7193813081157243	2.9624175892587368	3.2962590434003154	2.6226126881289593	3.36497913154082	2.478165560657233	3.6681307813337636	2.51954692866609	3.419560838343578	3.7890194915736455	3.6818315427310293	2.6153812772214895	2.9041402620627004	3.3288939987849013	3.13717505338903	2.829908806316204	2.9859795544838956	2.901629185327972	2.5170999053223366	2.5965799850051594	2.6533896475827654	2.910330549597924	3.066179323876486	3.674489297996779	2.451001209116485	2.7827493268560586	2.619371587662289	3.5007743344033315	2.8432928691133807	3.8877846100804483	2.734161739865602	3.049506357336025	3.205940015683957	0.0	0.41932441613192606	1.9548159885118062	2.3599568947177754	0.5530557263296783	3.685723157831121	3.90764042733019	2.0978758958382784	1.4489613246117459	0.7773312864949532	4.391085718819648	0.9745684914271585	2.663851352752858	1.586295456654138	1.074730108190124	2.626199425532675	0.3560027121592028	1.1131062174864055
Mouse9A.DTT101	2.441852400639058	3.391997409843905	2.3449670108076344	3.3440677141766733	2.6750952332760027	2.937558168088331	2.3549938485827417	2.994820348564717	2.3707320219981414	3.2882271280889555	2.299916476628273	3.055907008396902	3.5795027901621577	3.476508141860171	2.2854199510525266	2.7418478446112515	3.166866723477407	2.961132110421836	2.537986508443758	2.672035568616284	2.646507726933579	2.3442992423992686	2.4735475280857355	2.4542182807198376	2.6844358280212925	2.8717345515021595	3.3038092306713387	2.2354003745352333	2.65104233171126	2.4523337562570693	3.29969477173637	2.533614625693818	3.5086056270562898	2.572996818753816	2.8105125732442127	2.8443248725982366	0.41932441613192606	0.0	1.5557620787374453	2.038555686749352	0.1629773362322783	3.301899915316412	3.5131727859699895	1.773619803444399	1.1773339374970717	0.5437669103271818	3.9987684091081523	0.8634328073887033	2.284067919565517	1.2500221449384183	0.9370514452397667	2.2286141993404214	0.21554058556982522	0.9160974285317712
