	Lyz2.04B.FP244.S41	Itg.10.DTT456.S50	Lyz2.03B.DTT232.S72	Itg.20.DTT504.S99	Vil1.01B.FP08	Vil1.14B.FP167	Itg.18.DTT492.S87	Vil1.014B.DTT164	Lyz2.01B.FP208.S56	Itg.22.DTT516.S11	Itg.24.FP528.S31	Vil1.08B.FP95	Vil1.03B.FP32	Itg.26.FP540.S44	Vil1.06B.FP68	Vil1.09B.DTT104	Vil1.03B.DTT32	Vil1.02B.DTT20	Lyz2.04B.DTT244.S85	Vil1.04B.DTT44	Itg.24.DTT528.S23	Itg.08.DTT444.S37	Lyz2.08B.FP292.S90	Vil1.10B.FP119	Vil1.04B.FP44	Itg.16.DTT480.S75	Itg.20.FP504.S7	Itg.12.DTT468.S62	Lyz2.07B.DTT280.S122	Vil1.09B.FP107	Lyz2.01B.DTT208.S48	Itg.02.DTT408.S100	Lyz2.05B.FP256.S53	Lyz2.02B.FP220.S68	Vil1.013B.DTT152	Vil1.01B.DTT08	Lyz2.05B.DTT256.S97	Itg.02.FP408.S8	Lyz2.08B.DTT292.S134	Itg.22.FP516.S19	Vil1.08B.DTT92	Itg.04.FP420.S20	Itg.10.FP456.S58	Itg.18.FP492.S95	Itg.12.FP468.S70	Lyz2.06B.FP268.S65	Vil1.13B.FP155	Itg.08.FP444.S45	Vil1.010B.DTT116	Lyz2.03B.FP232.S80	Itg.04.DTT420.S12	Lyz2.02B.DTT220.S60	Itg.06.FP432.S33	Vil1.07B.DTT80	Lyz2.07B.FP280.S78	Vil1.05B.DTT56	Itg.16.FP480.S83	Vil1.07B.FP80	Vil1.05B.FP56	Lyz2.06B.DTT268.S109	Vil1.06B.DTT68	Vil1.02B.FP20	Itg.06.DTT432.S25	Itg.26.DTT540.S36	LYZdtt364	SLCdtt050	SLCdtt110	LYZFP304	SLCdtt002	LYZFP328	LYZdtt328	SLCdtt074	LYZdtt304	SLCFP128	SLCFP092	SLCFP002	SLCdtt092	LYZFP316	SLCdtt020	SLCdtt128	SLCFP050	LYZFP352	LYZdtt340	LYZFP340	SLCFP074	SLCFP068	LYZdtt352	LYZdtt316	SLCFP110	SLCdtt068	SLCFP020	SLCdtt164	SLCFP164	SLCdtt146	SLCFP146
Lyz2.04B.FP244.S41	0.0	0.46798013190026083	0.3264275079217623	0.6021043344715473	0.5112390177111198	0.843717673271266	0.649531007490384	0.6427447171896453	0.5813999920137364	0.6170893768738351	0.44316004680407867	0.8302007500551511	0.5333766722551065	0.499424212781238	0.6390065884542849	0.8082246667152327	0.5965279445569013	0.5898226311296595	0.4084490785271825	0.5792077470965931	0.6089511276872734	0.5857902000630291	0.45545641243537993	0.7970278236791568	0.5682325536251577	0.5938937213831924	0.5274817115323105	0.5408767694357595	0.6505557693613746	0.831583637916492	0.7468636668905305	0.5073666508244068	0.6809501733006601	0.6266209071514702	0.9101635609081292	0.659828232116007	0.6257619849900444	0.5328304772498175	0.5402626039891751	0.5092905767007749	0.8643672250459823	0.49004577490372736	0.40995334759171015	0.7251818360526833	0.5465659573437917	0.5696240601503759	0.8099076721188546	0.5547259670838036	0.7112306232204998	0.5369678336999638	0.4117738791423002	0.5782279856454542	0.6051210369146706	0.9547678096061523	0.49874371859296485	0.9266758367721228	0.6990221875710619	0.7223713853655526	0.6386456866466662	0.6900698846091338	0.9500692414217572	0.4581276386624076	0.5118247665590365	0.5997999178233917	0.8724542164118633	0.6909247141251901	0.6208751534406817	0.6340131850020602	0.600436803494428	0.7783259789444426	0.7834707168777487	0.610156540820125	0.8279810486323329	0.4543064206011405	0.5399939313183552	0.5443232793408285	0.5169686466046951	0.723963039612907	0.7260886059941829	0.6434267821321983	0.6129676374185284	0.6337489373760272	0.7047727872022501	0.6550877254978179	0.44012611801042406	0.531350185555793	0.7884257727371268	0.7725944449234955	0.6992776458040433	0.6288776824502805	0.6925514581682836	0.6216814352057576	0.6326056724377703	0.6217023199167109	0.5128751497418609
Itg.10.DTT456.S50	0.46798013190026083	0.0	0.49346118060581	0.4874187635394101	0.5676622039134912	0.8054672014013737	0.5412768525885484	0.4541478000854336	0.600868906289467	0.5072560051487532	0.4611486927677802	0.8147043964402103	0.5887331760788123	0.540961765667027	0.6273474105467245	0.6966356984602782	0.5430232761791337	0.558901769371568	0.5103672344196121	0.485171579607562	0.47488543445053466	0.5293094336298776	0.4233364081972254	0.8101061647492568	0.5478843241779211	0.563004563004563	0.5420697436326027	0.36847890193555305	0.5574739389426657	0.8235243871188178	0.6900877779749635	0.44106598889906373	0.6276643990929706	0.6375113729094951	0.8848182822827833	0.6148467483307923	0.5635092755839172	0.5615626275713956	0.4537463029904699	0.5146751092365908	0.8566219665356724	0.39890446569492155	0.41160038600233634	0.7413992919398625	0.5097829691587752	0.47457078069322967	0.7875723401979774	0.5816547487158827	0.6170452896506134	0.6950069645344477	0.3398399297447259	0.540336892328281	0.6174909102609479	0.9478879169200543	0.534778628333236	0.9218796879687969	0.6996596547340797	0.7596342123901179	0.5953671024506636	0.5566660420180315	0.9484988679988188	0.5480489489115546	0.494203705578617	0.4557137641474991	0.8118468796590669	0.6352264872974932	0.5094743445451023	0.6900716327060832	0.49056684370149933	0.7556681032591045	0.7420225480644127	0.6020617534816871	0.8396117193186232	0.5124886847487176	0.5415940591405056	0.5250950424330862	0.49673213110015574	0.7516819500052836	0.5194706912581893	0.6224883566200932	0.6603519050280406	0.5829411130672224	0.6362893411386389	0.6700090180986991	0.5046828612200043	0.5784762283668192	0.7545278564412455	0.795460349122376	0.6249843972339416	0.5930957184487783	0.654348421661441	0.634881222815081	0.6666580290741364	0.48002414001207	0.5611390284757118
Lyz2.03B.DTT232.S72	0.3264275079217623	0.49346118060581	0.0	0.5773401025588693	0.4739756828780813	0.8778386397352504	0.5672969479196337	0.6344771093110039	0.37656251331384893	0.6199305795555289	0.5123528296720655	0.7718669870583909	0.4819010565663501	0.5191227819410695	0.6031969244777177	0.800624176433872	0.5995813515984155	0.6634714196667734	0.4797958623082595	0.6093490948792948	0.6189061043645058	0.47154054648011134	0.43234108400863297	0.7749637062883631	0.5305136982863339	0.5255357917570499	0.40897060627837273	0.49163332903170304	0.6627770534550196	0.7966513690105788	0.5664196776411274	0.5385642552126076	0.7318033416554638	0.3967055209325024	0.9284928327027719	0.7351929961365328	0.6294967081731877	0.610893275342924	0.6002802958015268	0.5106811915201375	0.8923690036900369	0.4499923863840862	0.4629812641548281	0.6571951067455425	0.4988026172082444	0.5708815244622714	0.8371482908275223	0.5290954445080559	0.6966433270735135	0.4853044945543795	0.5108268722531283	0.41074256857569147	0.49747807312244113	0.9598612973927836	0.5841544397114296	0.9334281570727354	0.6464484496041163	0.6915626420504214	0.5845911058956824	0.6652964117390191	0.9552754448604345	0.4403913006812155	0.37084188911704313	0.5449674703406047	0.7641869611253971	0.6176209412763985	0.6247055095545789	0.525601081653048	0.5661908254810134	0.6868287595135703	0.6883205994630536	0.5261970839027744	0.7404717989229527	0.43786360491042825	0.5254554449056847	0.5671103794737887	0.5054861946266288	0.6488061805194942	0.705815914470936	0.6241465403036788	0.5619654774949127	0.6085902456739594	0.5760745893690296	0.5756897093901718	0.42387619563710605	0.6250182072421127	0.6987941165773901	0.7257594065497294	0.735938810081963	0.626567609613614	0.6725257474490403	0.5730156564967641	0.6241968901073603	0.6533615296501895	0.5402632806054737
Itg.20.DTT504.S99	0.6021043344715473	0.4874187635394101	0.5773401025588693	0.0	0.6503748888041683	0.8882686655578592	0.555176706175245	0.5801125388426975	0.648587288093214	0.44831933627508797	0.5885749639100846	0.8199334190898401	0.6136877957345647	0.6077545549322345	0.6050864724871426	0.7729939145848943	0.4765862976921886	0.5800881267119209	0.4882903755188725	0.4891137903722608	0.4765157532433148	0.5767798418886251	0.537239995026378	0.8786527402886986	0.6129236231866435	0.6274674077404062	0.42858619691518834	0.4216414949612506	0.526849452098395	0.8827858667601236	0.6392281486069779	0.4700196261853666	0.7065395699401463	0.7157484924226234	0.9129245032571627	0.6467786541022227	0.5970692594811299	0.608481107565692	0.5258159282063665	0.5352044701365279	0.8623153882801334	0.5929645493484006	0.624777474111777	0.7635997102088387	0.571718005022626	0.5218141896988083	0.8766806401991522	0.6669401556400885	0.6380943315406216	0.7784011468417606	0.549429694989533	0.513819599747692	0.72514775006101	0.9503244675989397	0.5844428737893752	0.9288895432294159	0.7526373581682866	0.779616994083816	0.6289305088490145	0.5871280869547485	0.9475726281246983	0.6323771363336206	0.5136580611301327	0.47495967019179064	0.8180945362100324	0.4861509390177195	0.6338278179282364	0.7076883403941794	0.4484355918642355	0.7644100681242768	0.7710652784544411	0.6122675303007998	0.8506268338223526	0.5333641039166557	0.6601597630005819	0.5311534694492579	0.5864924229255882	0.757277587132619	0.6795954209780147	0.45130050711598235	0.6367039074462655	0.6108106828858465	0.6650555100675277	0.7297866503844894	0.5515110444197041	0.6160296411856474	0.7860067733110983	0.7960577102882158	0.685343463121241	0.5592722490135905	0.7432246072670584	0.7277630384695943	0.7288469408635154	0.48907728706624604	0.5592615410762465
Vil1.01B.FP08	0.5112390177111198	0.5676622039134912	0.4739756828780813	0.6503748888041683	0.0	0.8700072070705155	0.6026556596562493	0.5930833495239946	0.43861289362968	0.7272278486693494	0.47872005375102356	0.7508790108801175	0.3094404929443536	0.45959976384845586	0.41144430659363934	0.7347736597090798	0.5708196418438313	0.6854915765652502	0.6963362844597999	0.46644290796804727	0.7117255297679111	0.4244959088252484	0.4802006300106804	0.7786899003616278	0.26587726585724725	0.46566735326190434	0.3843114630863097	0.47322155996741133	0.6985857013104969	0.7509612023767913	0.8044445411332166	0.6403330147252352	0.6411277476903472	0.42778926196994244	0.9042602680112246	0.7073798526145059	0.612796443284646	0.6616147478705963	0.6407196294976844	0.4640747987124812	0.9017429386003586	0.5369959329978631	0.41875692762428673	0.5706977837381964	0.4430002897189726	0.6274294285751232	0.8224854372708619	0.38115622961513373	0.606408683692056	0.5446753803299764	0.5674221828067982	0.653192414155972	0.3280556126415111	0.9640915453983137	0.4408946143189706	0.9388123541828686	0.44906304448316325	0.4379555679559167	0.5013515149070077	0.762393751780173	0.9595250089960418	0.2622293654279227	0.43193170651817886	0.6943370541791452	0.8532230885843536	0.6992269131655534	0.7796347370298714	0.590651585775286	0.6622915049881342	0.5372340826653194	0.6251012630010819	0.6468866307029649	0.8289794926175537	0.38052442106875684	0.6027315023262795	0.6507730137644498	0.6467827010734624	0.572358188109069	0.7131944123581142	0.6963959390862944	0.5479601524748827	0.4594779749263547	0.6420043732333737	0.4712458963704401	0.4099966100418095	0.6158665699782451	0.6658902624384626	0.7182235699225121	0.789127807004103	0.7001422025596461	0.5396411556967126	0.6329638423034464	0.5108176336817508	0.6872349758736658	0.4976567810252925
Vil1.14B.FP167	0.843717673271266	0.8054672014013737	0.8778386397352504	0.8882686655578592	0.8700072070705155	0.0	0.8319856958378862	0.7620311250680788	0.8970705421035606	0.8797982591290378	0.7342495160331972	0.9102720123139084	0.8127888250945245	0.743194141651294	0.8819768462483716	0.8109053422186223	0.8097774216734025	0.8286761604142726	0.8604070929388852	0.8086076312861193	0.8170157162209142	0.8161995345542852	0.8899336616140334	0.6946665824027846	0.7912090936614098	0.8561112983199345	0.8221614005538731	0.7914550285223099	0.8505964832928139	0.832865299138941	0.9392823558525117	0.7760608260233018	0.8099677203918076	0.8891394128809019	0.9058509725211604	0.8734007961831829	0.8258531540847983	0.7258687717713076	0.8695527072979335	0.684491221052807	0.9564935570017371	0.835005574136009	0.6656278161610093	0.7347252032520325	0.7409079669197447	0.8066068845820075	0.3566648499414776	0.7680123875974777	0.7937524361044601	0.8686394596760346	0.8668892455858748	0.9114154872666238	0.8666380186597691	0.9686923971301364	0.8387582005030906	0.966288532675709	0.8646289084678739	0.883765268532282	0.8396156688839616	0.9085212205965778	0.9718456858477478	0.7704226201241936	0.8715773307862307	0.8368301191975966	0.9554685308279373	0.9311065437301214	0.8711739517634285	0.8917574944457095	0.8588002408089548	0.8746497858135908	0.9054082758692149	0.9158848721795161	0.9472863136262933	0.8664241758744539	0.5809287514407955	0.7960027049365092	0.8616025320672996	0.7941749533087679	0.8675781197227814	0.9107541073135211	0.8693212487917551	0.8826648452876311	0.9049485197192633	0.9056586224413139	0.8904427591025367	0.7961097870377489	0.9278018042118091	0.827801173715903	0.9104807678131772	0.8957199303694289	0.8348631705073069	0.8732047599507591	0.7297863826057129	0.8249657985080405	0.7154271157281811
Itg.18.DTT492.S87	0.649531007490384	0.5412768525885484	0.5672969479196337	0.555176706175245	0.6026556596562493	0.8319856958378862	0.0	0.5234939176780857	0.5902297272155431	0.5626842826069444	0.5486338314616677	0.8032171775220208	0.5581080273355781	0.5188957842927455	0.45980775548702296	0.7006315727196083	0.5856046200436651	0.6634410365753649	0.5958752686177202	0.5119004920878585	0.4578893634154408	0.4107064418173832	0.6630194406301944	0.805357896876906	0.5008462549277267	0.4383193095229497	0.6312534209085934	0.40432984565320557	0.6596687414284207	0.8247105014661299	0.6014044589276084	0.5527764178794488	0.6753336321942136	0.6558820356647941	0.8846694796061885	0.7205621871390065	0.5230475311253863	0.599652614644286	0.6569520340012144	0.5450630836058005	0.8703528072837633	0.682080498280519	0.546117814665314	0.553590322857388	0.43557677175680637	0.5771801904866921	0.9076788136543973	0.5087110253937641	0.5740835868863687	0.7877897278663002	0.6722863705254606	0.5854024490586128	0.6216362533252439	0.9580244298524324	0.5478332847923725	0.9370481658881981	0.6085634565974395	0.6689837139477754	0.5244049763686074	0.6047799757771498	0.9521741146646469	0.5913532547561989	0.5556105646081323	0.4514691749905355	0.7213242199404188	0.6387177841211741	0.5982789256501755	0.6679698276732183	0.5260611679682392	0.6195266966555838	0.686042032990036	0.6451565127240096	0.8208028896286554	0.6651348705677615	0.6566327683615819	0.5635647165807821	0.6478712370849798	0.7612193056731583	0.6079937486491429	0.5741306168769759	0.6599328134737866	0.5468854276825775	0.5561353986289347	0.6222089836768736	0.6831630267815401	0.6550617130033661	0.7227999808497396	0.794415819586628	0.7088314336020758	0.6160183222807137	0.5555276381909547	0.6965137441948036	0.6988142292490118	0.5652119230285498	0.6608053816686911
Vil1.014B.DTT164	0.6427447171896453	0.4541478000854336	0.6344771093110039	0.5801125388426975	0.5930833495239946	0.7620311250680788	0.5234939176780857	0.0	0.6621522842639594	0.5437809276188879	0.5027004297034127	0.8399982187388672	0.5499773279540513	0.5123598062892764	0.573875428199935	0.45698399579232096	0.4344247818868991	0.5644938271604938	0.5961041542436891	0.4176034700885595	0.4712706180895414	0.5761989618036725	0.5743997664744946	0.8361171219908033	0.5612987913612046	0.5860194416491166	0.6807878463363676	0.46164119305534945	0.5592103715206701	0.8268437193917693	0.7156008683942949	0.4352679413206622	0.4535243553008596	0.6924381465639073	0.7361637604245641	0.6205180078260175	0.4549655757804395	0.49998210002505994	0.5815236554456267	0.5542743798770653	0.7559469022928555	0.5426002248032971	0.5413446430168241	0.733743416492036	0.5150848755899285	0.4254185430918904	0.8732013958602227	0.600998011575921	0.40589458633911746	0.7837896001649913	0.5466269041670025	0.6572776142139415	0.6710937668441819	0.8156531611438302	0.5122680088078012	0.8171910771384784	0.6940556561831055	0.6955525084522227	0.49840611053467176	0.5851278600269179	0.8362480127186009	0.5655459698163028	0.5714340280872411	0.48962342325752695	0.8162632499180418	0.682074638025967	0.540763904400268	0.7362187127532777	0.5740008027983255	0.6932094630328245	0.7704342970893113	0.7190319689273976	0.8470838024284646	0.5970192128964666	0.6654660245254765	0.5366520045730231	0.651703938638791	0.784520466493586	0.5039979027395465	0.6309497862352251	0.6372194343953009	0.6152919637695125	0.6912522970971828	0.7183156686573053	0.6588309197910468	0.5791946982628778	0.7879664082389669	0.8205858775123869	0.626951644686979	0.5747592613571995	0.5928986462661168	0.6771677910503188	0.6073370096601354	0.505311262313395	0.6357749549413428
Lyz2.01B.FP208.S56	0.5813999920137364	0.600868906289467	0.37656251331384893	0.648587288093214	0.43861289362968	0.8970705421035606	0.5902297272155431	0.6621522842639594	0.0	0.716071793242722	0.5473148632763902	0.7773173768048778	0.48163436370681406	0.5111304449668304	0.5082699525058952	0.810281151933053	0.6325201911982858	0.7661025324274243	0.670758043190833	0.6138859887241596	0.692888517046643	0.5131002530600387	0.5569062165396486	0.8136719502904922	0.49542086764244814	0.5514794542571305	0.466089891449332	0.541626301503766	0.7283215392219503	0.8063065639477841	0.4069664747235666	0.6831971246416499	0.7482247992863514	0.33709444156411167	0.9329497122842132	0.8004024763833524	0.6610869815889611	0.7144399684372275	0.7054013511836955	0.49374461068332753	0.9176190103088168	0.5986358307577534	0.5384861577852457	0.6281718317836978	0.5263444049031237	0.6509510483838261	0.8598359731240836	0.5735425896304237	0.7108374674013216	0.5958044626935403	0.6506139123870424	0.37237516211219546	0.5228507942227427	0.9736247265166991	0.615130210044462	0.9513627643269778	0.5857698721511951	0.6103451065175348	0.500344561327765	0.7614599668189359	0.9692850060592707	0.4829634017083359	0.45432847862443376	0.630795208696111	0.6277974591418449	0.6690233045299817	0.7880519039225264	0.5171904516572213	0.6233780374934215	0.5367831477173786	0.4882907290641354	0.593809456197643	0.7511142280365991	0.4935008882955766	0.625579304747026	0.6838480506642624	0.6758469603317424	0.6041804358266013	0.7489330116904807	0.6736300514511214	0.6278193851780893	0.5428997197790628	0.5014552796496841	0.5163187955676045	0.5212101999167839	0.7093911020001108	0.673527543164661	0.7139994505583297	0.8139244302279088	0.7248211857894425	0.6779999432232179	0.6417300014978932	0.6299495548708144	0.7020014495177566	0.5623821436889119
Itg.22.DTT516.S11	0.6170893768738351	0.5072560051487532	0.6199305795555289	0.44831933627508797	0.7272278486693494	0.8797982591290378	0.5626842826069444	0.5437809276188879	0.716071793242722	0.0	0.6205107923518048	0.8866914761651604	0.6770697016562901	0.6266204949875598	0.7170391221922215	0.6845002098978498	0.4562943109112917	0.47116979629752503	0.38981778133760514	0.5643066797118207	0.3874408640542712	0.6492605418109537	0.6232510010347775	0.9079941112401106	0.6918487371082763	0.6926295723733916	0.6720423140807408	0.5076759028398489	0.4081448526895436	0.9166019753058438	0.6144825376481897	0.431436873183991	0.5974990230558812	0.7804134474838171	0.8813230620050638	0.5662464625675327	0.5523845287269996	0.5544959128065395	0.5378153480385682	0.5691540332686307	0.8092544053149249	0.6116870438380364	0.6935058816601152	0.8115072300143298	0.609429899127281	0.4966122961104141	0.9291851932676832	0.6991792883278182	0.6039460832193788	0.8155847493648863	0.5312452253628724	0.6102084160723844	0.7721955244891024	0.9312678174242661	0.6320051350417222	0.907847982115543	0.7884826555777574	0.8419798307094472	0.6876857901917139	0.4397483465075012	0.9294830088584155	0.6820035094962841	0.5994602760218822	0.35467722483901065	0.8316012288876803	0.5619354040341542	0.49762486740764655	0.7729290776706866	0.5402202094346611	0.8000853589927639	0.8298340824018547	0.7242704215342247	0.8865595118268746	0.6013600704614818	0.6948987752669793	0.49293316201604886	0.6157853810264385	0.8415974420864549	0.5198780212333408	0.4631444397102684	0.5816445830085737	0.6927311259736327	0.7325339099665815	0.7863666917085129	0.6557625563489847	0.6223343560615665	0.8463762434458764	0.8617906016795787	0.5076649329318369	0.4043283891405394	0.7197324536623594	0.7541585151010795	0.7580671901611177	0.37808987318980375	0.668695852926524
Itg.24.FP528.S31	0.44316004680407867	0.4611486927677802	0.5123528296720655	0.5885749639100846	0.47872005375102356	0.7342495160331972	0.5486338314616677	0.5027004297034127	0.5473148632763902	0.6205107923518048	0.0	0.8006545369934799	0.38028791635434084	0.2268571899192884	0.5002805120620186	0.6603493020972154	0.5605255052162151	0.6711472441886284	0.6113459822408168	0.45992722713582906	0.4688810281484314	0.41360541707411574	0.5000892109633411	0.6964885808547095	0.4223540247568344	0.5165851101013632	0.46296427058325096	0.407233830198095	0.6880264244426094	0.6950889763087766	0.7650478381978927	0.4657794409352447	0.5668190809741545	0.5749957725043684	0.8908336258068454	0.7386363636363636	0.5218386863727087	0.35920990326726643	0.5869427424466511	0.2795227904011657	0.8908276068120705	0.5116829299024206	0.3212498702377245	0.5876058849754793	0.34806194502530535	0.41802773295551443	0.7997542393708528	0.3806774838669773	0.5678731610487833	0.6106351778961179	0.5458427530771163	0.6405699721964783	0.5331149434622916	0.9631348627502984	0.4941738133588728	0.9440636371329441	0.5607308489058054	0.6213089641329037	0.5038656902143979	0.6973521745095349	0.9588117421638462	0.3417303207409995	0.49764986023397867	0.5212704204328718	0.8438330343842155	0.7442680087914375	0.6340685215888984	0.6110552961802888	0.5749217014976368	0.5995011444779887	0.6717444932474934	0.6261153648097654	0.826584566196157	0.4887346558243124	0.5398368338830064	0.5013494889169634	0.6133855999599234	0.6698028864574908	0.6458016702442693	0.6741318505933535	0.6452787815095806	0.487162743759461	0.6600152135661982	0.5693172083259371	0.47337059624909283	0.6024703732091268	0.7052430568236958	0.7396090137391559	0.6982526765109056	0.6905956516145633	0.5768528747778472	0.6278250526123158	0.4149605302038921	0.5752630640271089	0.4474554224703268
Vil1.08B.FP95	0.8302007500551511	0.8147043964402103	0.7718669870583909	0.8199334190898401	0.7508790108801175	0.9102720123139084	0.8032171775220208	0.8399982187388672	0.7773173768048778	0.8866914761651604	0.8006545369934799	0.0	0.7540545357333809	0.8196576724717841	0.8046571156440987	0.8949517828340026	0.839894512400404	0.8870066256215375	0.8792260976801545	0.8238040332790739	0.8869818066618392	0.7529004892732617	0.7890255654441358	0.6880095233636735	0.7464393377810724	0.7358949304781434	0.707256335170283	0.7616680376238332	0.8782929816756958	0.6952550780553439	0.9169136107338355	0.853039534564112	0.8891800778341998	0.6184353813187199	0.962893743863924	0.919969842616153	0.8553904630269523	0.8805278817112203	0.8675586387218731	0.7754061325309111	0.9703910516220988	0.7830813016493502	0.7498486584383552	0.7868968559414976	0.755959316678187	0.858868814524742	0.9080643432680222	0.758270798534068	0.838565952846363	0.5467379321290843	0.8468690502610585	0.8288714850765527	0.5983952229893637	0.9864898674005504	0.7977177581148311	0.9811752297206665	0.7647721942910746	0.7764063831257052	0.8293971457059095	0.9212651492757907	0.9866680626810456	0.7515038670867946	0.6856484743103543	0.8706332467325743	0.9220339236010059	0.880426951596635	0.9145001768175129	0.6080097561738288	0.8019377697879323	0.790044671346522	0.7706393826168942	0.8193218262404959	0.826473237861514	0.8119008502187778	0.8067186102950569	0.8596691781415087	0.8433117407140832	0.6405968551538628	0.9011543149391774	0.8378640830266548	0.8869442582017433	0.7837280448827594	0.8011861563740929	0.7278397391901167	0.8081498160250425	0.8647202627878618	0.2871089251114453	0.3032993379417778	0.9358233031393474	0.9012025366100898	0.7857674294125518	0.8355752310425782	0.8469630115226545	0.8827275760538069	0.7601082821871135
Vil1.03B.FP32	0.5333766722551065	0.5887331760788123	0.4819010565663501	0.6136877957345647	0.3094404929443536	0.8127888250945245	0.5581080273355781	0.5499773279540513	0.48163436370681406	0.6770697016562901	0.38028791635434084	0.7540545357333809	0.0	0.36758029258449637	0.3892259947195331	0.666605086520106	0.41811990872654614	0.6887187951912823	0.6194917528012368	0.46297830445797167	0.64322919799348	0.39782601345640195	0.6065288567251815	0.7285495216999732	0.26531813707904445	0.4382308001608364	0.44413421424281285	0.4184625029386412	0.6887311950042577	0.7112795396562319	0.7571100985735132	0.5388243428444434	0.6122038444345105	0.4977665421299507	0.9040600188221571	0.7553032384091811	0.5097677364403725	0.5128660900685953	0.6639185002363073	0.3501900346656643	0.9073780091086532	0.5978067101882246	0.4351468373493976	0.5624193611447785	0.3544779203129448	0.5057176358591546	0.8490258431495499	0.3996969583598339	0.5408403811992358	0.6054344708918842	0.5934370448657635	0.6518757144341681	0.42573371658617803	0.9678236851846579	0.47363079304263983	0.9469880710785527	0.4819400477850876	0.48333549264753517	0.4534237438861716	0.737177364887235	0.9610879035245724	0.24704500910888352	0.46413145539906103	0.6183020519303705	0.8245390681003584	0.6497125675379883	0.6604189366208391	0.592895147319034	0.6155349741595456	0.5287919610214198	0.615931012654944	0.6684090395656272	0.8146815511886091	0.4330831554545663	0.6298023235311404	0.6276047558002161	0.6316498991722094	0.6298894966181718	0.6803873435232528	0.6659969864389754	0.5475287566300883	0.435012569492625	0.6516846712409947	0.519246348965092	0.5333461464539688	0.5994032461352471	0.6631195646242304	0.7367858981504725	0.7454879258524452	0.6546730657197548	0.5070933402013178	0.5813778729317018	0.4361110580322168	0.6678239241391818	0.5181070504742322
Itg.26.FP540.S44	0.499424212781238	0.540961765667027	0.5191227819410695	0.6077545549322345	0.45959976384845586	0.743194141651294	0.5188957842927455	0.5123598062892764	0.5111304449668304	0.6266204949875598	0.2268571899192884	0.8196576724717841	0.36758029258449637	0.0	0.43234708927669935	0.6590954990373352	0.5412250994733385	0.6747972764353153	0.6181759569428287	0.4548692498068537	0.4997834844568084	0.3518754601116837	0.5987554219567826	0.746923065297013	0.38337148414858185	0.541983172667507	0.4413848852808641	0.3713300968833407	0.6871478485315874	0.7546109662584065	0.7335180941214091	0.48562865358912394	0.5901456806161269	0.5486848830351877	0.8924417331912844	0.7440447751006757	0.5065146772193019	0.4113623655774157	0.6657906137184115	0.28837782486501823	0.8868550509095069	0.6217530940510905	0.34922169193902414	0.536208543742323	0.2551995999176301	0.44962443981569145	0.8539818360662	0.3174790487429246	0.5598958648665012	0.6122452058721465	0.6562654779593858	0.6911586867917767	0.5147584776667633	0.9642744330027165	0.5370857150804579	0.9451075923670321	0.5487483947030464	0.5505687374543209	0.4054439275462734	0.6845849917625275	0.9622181425788641	0.3269910651153821	0.5002711442286448	0.46420323325635104	0.8060351262742381	0.6628985616103955	0.6435039659715627	0.6080552818511434	0.5996167105393587	0.5493757853802169	0.6585203084888246	0.6724826467512578	0.8372385215464895	0.4998504039094445	0.6103778739859611	0.5078740157480315	0.6875958230216695	0.6356626506024097	0.6547574501204891	0.6581641506159986	0.5776731860153759	0.48618598706527905	0.6723325947346678	0.5406875429054232	0.5030970574887463	0.5676812740004518	0.694930927660274	0.7446681659367589	0.7134561771061878	0.6728349597986866	0.531577483075211	0.635504264328741	0.4278114257652644	0.5840733151183971	0.42938061815047407
Vil1.06B.FP68	0.6390065884542849	0.6273474105467245	0.6031969244777177	0.6050864724871426	0.41144430659363934	0.8819768462483716	0.45980775548702296	0.573875428199935	0.5082699525058952	0.7170391221922215	0.5002805120620186	0.8046571156440987	0.3892259947195331	0.43234708927669935	0.0	0.7267333581652743	0.5546729804730263	0.7454353257735922	0.6896160341056944	0.48525871664121345	0.585194407698493	0.43486663401166675	0.6035336425704905	0.8308558016369764	0.39227563103770646	0.42875252478301656	0.5326284529325926	0.4515380211315255	0.7131461737821438	0.8038252072825509	0.765061131406128	0.6574096305188742	0.6512255761809612	0.5499320705217297	0.9243157591472199	0.7551383963833757	0.5811066694719125	0.6514742551605357	0.7043436114556159	0.507265242937058	0.8951247405650388	0.6587179351001116	0.506690481654809	0.5734100204152226	0.4163377981687047	0.5855406046383903	0.9005416051206302	0.4575044849494018	0.6229217574625078	0.6745618438897922	0.661645520093902	0.6825523518130522	0.4985963137979738	0.9643074048119599	0.5040384615384615	0.945954618994772	0.5221902981952077	0.4604547427919607	0.4084509805845245	0.7027400414460051	0.9560174933569531	0.45490810397274994	0.49578510504891665	0.6421348093545468	0.7988500285116898	0.6668729883634563	0.6969600845889505	0.634284397090462	0.6136631330977621	0.5605666676514905	0.6648349294084881	0.6731564579144393	0.8434148553884799	0.5229488997102879	0.6933887136566628	0.6334117455094298	0.7440705089927628	0.6671724044442359	0.6649239403337764	0.668746399284147	0.6088888888888889	0.43454649390243905	0.6413148902517272	0.5347150414362571	0.5698306400737614	0.6583624932037753	0.6773203784198415	0.7665866119383433	0.7454728697291849	0.6984758820057211	0.5199798079460322	0.6823490206242826	0.6019383027685695	0.7042053645445476	0.6311467541647395
Vil1.09B.DTT104	0.8082246667152327	0.6966356984602782	0.800624176433872	0.7729939145848943	0.7347736597090798	0.8109053422186223	0.7006315727196083	0.45698399579232096	0.810281151933053	0.6845002098978498	0.6603493020972154	0.8949517828340026	0.666605086520106	0.6590954990373352	0.7267333581652743	0.0	0.5919163063619518	0.6801546825085467	0.7322401969403903	0.5891202787235728	0.6469139725156883	0.7485707605073947	0.7457898315932637	0.8634167815479431	0.7159524875556375	0.73820937571661	0.8404343547156459	0.6772415783019549	0.6269270570753841	0.8656873032528857	0.8191689718086046	0.6191206968063044	0.5712555718739533	0.8102917373968656	0.7467541598312631	0.6913870485146398	0.5875790762533161	0.6738227689414714	0.703587640268209	0.71107174898208	0.475599519023527	0.6913478565251411	0.7072699307171928	0.843018004954884	0.6904424127784784	0.6335357169627465	0.9397428419264031	0.7479735106483417	0.22240631719956286	0.8866053773416926	0.6901414736466283	0.79075594497061	0.7713876381498158	0.47070599225944215	0.6099022801302931	0.5631466100460043	0.8046053872400254	0.7997200268950542	0.6731268040277205	0.7068650849361224	0.5574649496769657	0.701425681533571	0.7182850244822114	0.660463518619547	0.8932783435262214	0.7779011660188784	0.7013289715804539	0.8752337242903281	0.7473745803948139	0.7685708499788287	0.8280423611197939	0.852587974392234	0.8974141911651532	0.7888347282258806	0.7769538181870644	0.7289338148868421	0.7840797416818757	0.8921411217274869	0.599755859375	0.7488282176141234	0.7438626609442061	0.7435110599667561	0.7978076880056671	0.8139595906586198	0.8223355723984338	0.745759320602032	0.8697630331753554	0.9074854148126175	0.7070294523699954	0.6893263141832608	0.6660652508566037	0.8090594265133675	0.7395295786794264	0.6719119335449449	0.7855264505993648
Vil1.03B.DTT32	0.5965279445569013	0.5430232761791337	0.5995813515984155	0.4765862976921886	0.5708196418438313	0.8097774216734025	0.5856046200436651	0.4344247818868991	0.6325201911982858	0.4562943109112917	0.5605255052162151	0.839894512400404	0.41811990872654614	0.5412250994733385	0.5546729804730263	0.5919163063619518	0.0	0.4940622440622441	0.4637698948488196	0.3865904790174762	0.5080942279781177	0.598902396509261	0.5971077476397423	0.853443770309269	0.5393827845292724	0.6036350999863105	0.6132979460450442	0.4782190066161401	0.42775059041219293	0.8540416053158153	0.6606306937631394	0.44231290935162576	0.4631845865819845	0.6887403304364436	0.8823171790863297	0.5634079526273554	0.4573082489146165	0.5338917667805577	0.5884578390509779	0.5226286422814631	0.852053178265175	0.5471974129966123	0.5946807541670461	0.7624984888172476	0.53379279120658	0.47545374449339206	0.9013228285186266	0.6390769905454733	0.4784098469727212	0.7729737585495899	0.5263070539419087	0.5977140463474111	0.6762432391004445	0.9406134488751805	0.49332470264584516	0.9163052989790957	0.7149093575046654	0.7194104708370082	0.539107745179151	0.5880235885872864	0.933281518448826	0.5239836175579055	0.5044674698170217	0.46267753465589956	0.8172952244323668	0.5916120941897729	0.5343812146244454	0.7256272023612325	0.5351832338133709	0.7041526815682354	0.7549466157312176	0.7250005051423491	0.8601414538907417	0.5406486467766792	0.6543281200566721	0.4931744355208354	0.5931422892164983	0.786398313889631	0.5327650746403283	0.5350842537403164	0.5883247309246589	0.6027256238050885	0.7000813228517213	0.7306301887477973	0.6617906000270892	0.5800028945355304	0.792851915951355	0.8180659969073067	0.5934371232374063	0.49886435478961294	0.6310913964168717	0.6989012366684277	0.6552557818249446	0.511326793147447	0.6049940260224271
Vil1.02B.DTT20	0.5898226311296595	0.558901769371568	0.6634714196667734	0.5800881267119209	0.6854915765652502	0.8286761604142726	0.6634410365753649	0.5644938271604938	0.7661025324274243	0.47116979629752503	0.6711472441886284	0.8870066256215375	0.6887187951912823	0.6747972764353153	0.7454353257735922	0.6801546825085467	0.4940622440622441	0.0	0.46355311355311357	0.5221281101111699	0.5263157894736842	0.7298589266336076	0.5800010734796844	0.8949507835853564	0.6864339736084301	0.7513983840894966	0.7313152373965532	0.6230756994644656	0.378221313774999	0.9055804639458435	0.7698993264286231	0.4755946342013302	0.5073441994247363	0.7818666185036348	0.860426271129819	0.30579007843333167	0.6532951289398281	0.5747468420503185	0.4942438769852917	0.7044982885480958	0.8361252034076768	0.5416689924644152	0.6931385947868469	0.8347984771150408	0.6616292276627965	0.53500049227134	0.9006139793727127	0.6946602178904685	0.5923451065957543	0.8077704823828628	0.5182991458320344	0.6822617850594428	0.7590544062117747	0.9067491609042015	0.49384643092993935	0.893720080446421	0.8241362717736502	0.8098913921551028	0.7099114392325802	0.620025331644557	0.9158376563930424	0.6788314939128456	0.6818219081503828	0.4718541695007482	0.8925860971862245	0.6749164527534266	0.6271908000221154	0.8216128202930842	0.6306171704401793	0.8094930241287982	0.871554523101167	0.794013999517258	0.9138963519243841	0.5723654183381777	0.7106951588101171	0.42537510643920484	0.7028566262881938	0.8667349471154793	0.6078514739229025	0.6143960090272004	0.5703401842664777	0.7561780248648319	0.8193721707492491	0.8242668028774529	0.6392808905034698	0.4675143433090402	0.8880843756407628	0.8964141744581161	0.5262345679012346	0.46127515516268575	0.6815655347442163	0.8100869710828998	0.7083016380140981	0.42610067855452105	0.7199195813972067
Lyz2.04B.DTT244.S85	0.4084490785271825	0.5103672344196121	0.4797958623082595	0.4882903755188725	0.6963362844597999	0.8604070929388852	0.5958752686177202	0.5961041542436891	0.670758043190833	0.38981778133760514	0.6113459822408168	0.8792260976801545	0.6194917528012368	0.6181759569428287	0.6896160341056944	0.7322401969403903	0.4637698948488196	0.46355311355311357	0.0	0.5786089514603908	0.4641787897954881	0.6644675519616506	0.6028212100611828	0.8915718023050272	0.6879964937270585	0.6861174718841299	0.6652382095146674	0.5579086896925696	0.4379908518166911	0.9133653830047405	0.603554844859928	0.4155517287057888	0.6324926849658632	0.7590601434988516	0.8916566022544283	0.5363932007912294	0.5366691721249865	0.5670947097203175	0.5303535690460307	0.6172157684250619	0.8146825107530801	0.6209465381244522	0.6711983102025773	0.8014826388594041	0.6193000191251605	0.5055315436773861	0.9078697850821744	0.6883609250600278	0.6218034493012191	0.7519006369181257	0.493840718105424	0.5669656870033537	0.7606031380113383	0.9339876661165639	0.5979964752805862	0.9011814776228582	0.7975202251143159	0.8133649213526658	0.6605538870358324	0.528232693660203	0.9331611085016439	0.6242230598337535	0.599073459414415	0.42450338236873186	0.8336121607199516	0.6219082654978084	0.5032620041753654	0.7237628458498023	0.5356682146542827	0.7894657181776903	0.8221126904070508	0.684817092910327	0.8578811771756812	0.6116176441999261	0.6770753310136021	0.48494312353249597	0.5450812090717377	0.8179036904079001	0.5725403586264921	0.5306425199884405	0.6375875807116362	0.6934541203974284	0.7170700856666475	0.7727158852209439	0.6571883530482256	0.6090833432409939	0.837213788779435	0.8432480158929234	0.5535456315558068	0.46838851490589367	0.7384452137004888	0.7411896468265644	0.7395276001565967	0.462875045186167	0.6588197887348823
Vil1.04B.DTT44	0.5792077470965931	0.485171579607562	0.6093490948792948	0.4891137903722608	0.46644290796804727	0.8086076312861193	0.5119004920878585	0.4176034700885595	0.6138859887241596	0.5643066797118207	0.45992722713582906	0.8238040332790739	0.46297830445797167	0.4548692498068537	0.48525871664121345	0.5891202787235728	0.3865904790174762	0.5221281101111699	0.5786089514603908	0.0	0.5472259294566254	0.49245112919239065	0.4963526069262075	0.8333371486127644	0.3590834529423826	0.5425692049833993	0.5672182173851956	0.42068926885966756	0.5054422965737412	0.8084044384820521	0.7442404864540809	0.4533131931470366	0.5036792568145704	0.6462511361658512	0.8323652935394513	0.5799925388125233	0.5162402706164406	0.5252323787302902	0.5388741125008243	0.5185542926456714	0.8525914535097788	0.517252270035531	0.47975807625626976	0.6707198879323685	0.4582086880928639	0.5052832774351762	0.8459657097682692	0.4881487991395254	0.46817841844019853	0.7461971856876315	0.5268184531423211	0.6349712437643972	0.5862597454521223	0.9383199777547461	0.3405201063476238	0.9208904314523367	0.6484251305373084	0.6227846191969144	0.499980588303806	0.6608672376873662	0.937983193277311	0.49599492612341733	0.48710779335540283	0.5138509256566831	0.8387429016813273	0.6554771577221866	0.6245392518233864	0.7081052311435523	0.5611910018497523	0.6826572264566702	0.7604225804062893	0.6901218139011158	0.8702772030812218	0.4616978692502524	0.6152758132956153	0.4755251907460061	0.638951894106097	0.754138671676349	0.5621312770009755	0.6094158981115503	0.5410522857025506	0.520272962741582	0.6872131507250087	0.6399514714803036	0.544069791594544	0.5100584174190123	0.7527707233723829	0.8080389911623946	0.645922630351039	0.5512254014246046	0.5592173676548227	0.7208345790413031	0.601740846364902	0.5100505213372031	0.5814625793611083
Itg.24.DTT528.S23	0.6089511276872734	0.47488543445053466	0.6189061043645058	0.4765157532433148	0.7117255297679111	0.8170157162209142	0.4578893634154408	0.4712706180895414	0.692888517046643	0.3874408640542712	0.4688810281484314	0.8869818066618392	0.64322919799348	0.4997834844568084	0.585194407698493	0.6469139725156883	0.5080942279781177	0.5263157894736842	0.4641787897954881	0.5472259294566254	0.0	0.5955824349198001	0.569668027420473	0.8737512601961324	0.653739469899322	0.5979938189090054	0.6537074929357888	0.4905472357506772	0.5449887685823175	0.8821137548448822	0.6358121834673381	0.4172349164573115	0.5729046508774083	0.7387321079238413	0.8990673482198905	0.5804191772133652	0.5184892489051335	0.48835541463782883	0.5031875234376724	0.554052837661461	0.838299537067223	0.5668118811881188	0.614514396360791	0.7605995612568605	0.5482308933924317	0.39502332814930013	0.9104906183474429	0.6532723424951037	0.5511692916070089	0.7859923969772001	0.5526225720886455	0.6397975256533773	0.728421708462206	0.9405568669255565	0.6275008336112038	0.9188361715326276	0.7378647326699275	0.7928488943091185	0.5588033146162126	0.48450931232091693	0.9382377740303541	0.6584217834364924	0.614993193322848	0.30131259115216336	0.8170215137665812	0.6657851475948824	0.4770671072299583	0.7460109622411693	0.49321131646629585	0.7377274536048909	0.7924048130852667	0.6535630062544858	0.869823615238299	0.6581822057230147	0.6783303156624139	0.4905493874032877	0.6411622933568689	0.7938472778666091	0.5634354455168555	0.5809741918435656	0.650307001277455	0.6411708923936914	0.6866999945064001	0.7292943797058228	0.5873429146705548	0.6005541937546627	0.8010706713366992	0.8323750942730932	0.5517410495340853	0.5669373409283723	0.6712271640977112	0.6966040337872781	0.6610454169883647	0.4403624204508683	0.647949920358221
