	TL1a_FP_162	TL1a_FP_88	TL1a_FP_230	TL1a_FP_89	TL1a_FP_234	TL1a_FP_128	TL1a_DTT_268_Repeat	TL1a_FP_129	TL1a_FP_287	TL1a_FP_86	TL1a_FP_198	TL1a_FP_161	TL1a_FP_266	TL1a_FP_197	TL1a_FP_159	TL1a_FP_132	TL1a_FP_130	TL1a_DTT_269_Repeat	TL1a_FP_90	TL1a_FP_195	TL1a_FP_158	TL1a_DTT_127_Repeat	TL1a_DTT_157_Repeat	TL1a_FP_231	TL1a_FP_284	TL1a_FP_267	TL1a_DTT_130_Repeat	TL1a_FP_269	TL1a_FP_288	TL1a_DTT_196_Repeat	TL1a_DTT_90_Repeat	TL1a_FP_87	TL1a_FP_196	TL1a_FP_131	TL1a_DTT_198_Repeat	TL1a_DTT_88_Repeat	TL1a_FP_270	TL1a_FP_160	TL1a_FP_194	TL1a_FP_286	TL1a_DTT_89_Re_extracted	TL1a_DTT_197_Repeat	TL1a_FP_232	TL1a_DTT_270_Repeat	TL1a_FP_233	TL1a_FP_268	TL1a_FP_285	TL1a_DTT_284	TL1a_DTT_231	TL1a_FP_85	TL1a_DTT_267	TL1a_FP_127	TL1a_DTT_160	TL1a_DTT_234	TL1a_DTT_158	TL1a_FP_193	TL1a_FP_265	TL1a_DTT_129	TL1a_DTT_265	TL1a_DTT_285	TL1a_DTT_159	TL1a_FP_157	TL1a_DTT_287	TL1a_DTT_233	TL1a_DTT_195	TL1a_DTT_85	TL1a_DTT_86	TL1a_DTT_193	TL1a_DTT_286	TL1a_DTT_230	TL1a_DTT_128	TL1a_DTT_283	TL1a_DTT_194	TL1a_DTT_229	TL1a_FP_283	TL1a_FP_229	TL1a_DTT_87	TL1a_DTT_266	TL1a_DTT_232	TL1A_DTT_673	TL1A_FP_626	TL1A_DTT_675	TL1A_DTT_626	TL1A_DTT_629	TL1A_FP_677	TL1A_FP_674	TL1A_FP_678	TL1A_DTT_674	TL1A_DTT_627	TL1A_FP_625	TL1A_FP_630	TL1A_FP_673	TL1A_FP_675	TL1A_DTT_630	TL1A_DTT_628	TL1A_FP_627
TL1a_FP_162	0.0	4.578774423156181	4.764512141838179	1.5553039203273942	4.538839965636231	4.341332583148457	2.939210212933844	4.152483623409946	3.2120299101611183	4.975526789068527	1.9571114746266658	0.7559248892112492	3.340980361944269	2.2624451420689833	4.088330608147775	3.8192287412686285	1.4811491147583222	3.001294150083131	2.7669549474374735	3.510229091914538	3.604397849980253	4.386985986931223	3.8183123400697014	4.793116285340554	4.507976709192277	3.6753174646990967	2.8875656381145087	2.2487620157527073	3.603490279100787	2.860346133815843	3.829437271360534	5.162088265462407	3.5307116186930916	3.733947367529835	3.0447874515822644	3.6800107407442018	1.628173496013354	2.5386042706471006	3.554238945757408	3.634434316161561	2.6380092483411586	3.2599189983301087	3.626581488079818	3.7712615870165895	3.2651156143557314	2.3470557432786796	4.769883923493912	4.8721771919170624	3.2172520002433704	4.480132857230206	4.141618751001974	4.35446015682602	3.2169928384261866	4.2011334549831	3.7833331797869105	3.430468805552337	3.1361115999085585	4.646670342136423	3.7773538957256108	4.482652881335214	3.724656944029103	3.559400777485101	3.9458500267748384	4.6049461325458	3.9238633956824325	4.651063884437053	4.605112470556182	3.3366017175499048	4.359971876218563	4.596400230802288	3.979146588001129	4.674198217478153	3.5426007072425083	1.6241295412652945	4.719359013354586	4.805017859504423	4.516802648896871	2.5473021537323786	3.9919731381299783	2.7648953378271086	3.8272674917580605	4.336059785536679	3.9569318389407244	1.6108789220350819	2.662332062117464	3.946750708654025	3.1117764179544007	4.177731885371203	4.083431156783666	4.0375332201305545	3.1191261119812377	4.433355074789835	4.215627209816037	2.4358414452984123	3.2598318329944305	3.94550425480099
TL1a_FP_88	4.578774423156181	0.0	0.40080060571707515	4.298835358699428	1.8767050087938943	2.6939611897731957	1.764847207126197	2.213232259649416	1.4867323894213766	0.43397464898259747	2.7996333778318907	3.8555292039221767	1.6700656225955601	2.6238051347061497	2.0879226595671896	2.3982876806812015	3.1404641459492897	2.15950504239759	1.9266324396753223	2.564329587047592	2.0680681200712607	2.0336002986766886	1.7578226881260592	0.2913980983944671	0.9995087407582837	1.4943285115583447	1.7084264612223299	2.7656603176008256	1.1212435253773259	1.898532625715288	1.0129973955027407	0.7376144568270574	1.9296791357146268	1.0315744093151453	1.7632606026296869	1.0899784543378217	2.9812991212774738	2.3577725851325355	1.764788358578668	0.9527578466282215	2.0346800955671824	1.331112697097981	1.0656495424346024	0.937762470927779	1.982746902116909	2.7065897934869207	0.45763642686861483	1.2524973693817918	1.501686300819436	0.2699776212975908	1.7647872123015618	1.7217174678202873	2.1911198293565057	1.6834308077908304	2.245594042312719	1.785558869295838	1.8040407068337385	2.3935672098932415	1.7184661212446046	0.5342131173989568	1.8919087208253276	1.851302247419778	0.8570648108986839	0.8461558448009586	2.900059572422863	0.29061227768681946	0.2373593474357934	2.7059628543062595	0.3195189959230464	0.7428559215112424	2.11613405410604	0.4910320090906048	1.976704010059471	2.98427189935979	0.6751736929204455	0.6987328279461885	0.2652145156015494	2.329181139278677	1.8410747236043177	2.3295309430091464	0.9610231731669746	0.9049261053611855	1.106499125361295	3.6238823309959645	2.291662629403075	0.9484328381902957	1.7714954369353595	0.7892903748773198	1.026097306604022	1.2647267358225456	2.0181519302951676	1.1546886985546383	0.46346311531346457	2.446773827062119	1.654856768211829	0.883441574565297
TL1a_FP_230	4.764512141838179	0.40080060571707515	0.0	4.368536645954574	1.7972056597112818	2.960565837090156	1.9409485577027064	2.493086842874335	1.7891620039705298	0.31132743382575306	3.0450312636461945	4.029601938662901	2.0127790455916736	2.8958865606464768	2.3455876635155875	2.7075680094126087	3.3136057984098453	2.1649036375674804	2.0754401768529593	2.8901506631382814	2.3799699613953105	2.2772566354662676	1.979604303841636	0.21852398808621562	1.0396352911178133	1.8290134310378894	1.9483519042445543	2.95623721169576	1.2881601796064206	2.0848258942743625	1.0109939994612964	0.414588204991926	2.2664598789554433	1.258010403974406	2.0122999028090076	1.1469796237397136	3.185932647637452	2.66324474771521	2.146030842554775	1.1615004390813286	2.254658460554653	1.5149891063884848	1.158665696624433	1.217109682457681	2.075013906630262	3.0137176923806237	0.18986082192390985	1.285228018272729	1.7376076053565388	0.3132317053874169	2.0178668423852537	2.0043550148979548	2.5193442680267406	1.6045134260493639	2.4882442916138516	2.158235459690993	2.144008857342261	2.6074325943456755	1.9617074978467803	0.711632773177884	2.1780691246308233	2.1691655648195853	0.8605302150921421	0.6296915460116254	3.176464611898153	0.18106383461154335	0.2004184622314851	3.034221105368964	0.5047581520493729	0.8164525554873465	2.3666778519956293	0.6043290836021524	2.3109588099129663	3.148428381373037	0.7591177581494888	0.5752433833690612	0.48708560278502366	2.604221486542538	1.7840994279434468	2.4066612597738017	1.0289389424880369	0.8480672779562559	1.102746287582333	3.6950658241272616	2.3372057588196906	1.0464691990132982	1.809476578729253	0.755856560876583	0.8989386806179447	1.2362961295457886	2.101786831667893	1.0206449111089213	0.5566808521189908	2.584987660621528	1.7574887545245668	0.9132697007027437
TL1a_FP_89	1.5553039203273942	4.298835358699428	4.368536645954574	0.0	4.303953494401401	4.284141455482868	2.8809523041461857	4.07990311130324	3.273010011642902	4.616755787214485	2.4574796546927176	1.4042716901264582	3.453561596855496	2.7798433087991468	3.9372795548012562	3.8808683832973268	1.7158075723026263	2.5260996786642664	2.640127814051591	3.699186631223123	3.63203006132628	4.203064556920417	3.5459251104708476	4.435742086708119	4.332723258299212	3.661185475571256	2.8678515215175366	2.6088024766232314	3.4360456450858403	2.8828470411042093	3.358256135537433	4.7387785767911375	3.6276039944337546	3.45153465446248	2.9160730078355686	3.233338167441755	1.982963989613227	2.8912559723344775	3.8517531868718784	3.4202338991822567	2.744846781183359	3.0195028586878387	3.2942706439735514	3.5639690054814146	3.189357939685014	2.8237819550142733	4.340957886518963	4.402191550643811	3.0253711560217464	4.144323599043498	3.947610733468969	4.231464964712343	3.387379292997927	3.8936071008250606	3.604494812192112	3.7159641571876265	3.358936740255292	4.42267009318327	3.5532041149492715	4.13912925547821	3.6347216649989704	3.572136371783791	3.511405600388475	4.196806402399955	3.934263377499943	4.304495461000041	4.248229239280407	3.593929863612451	4.025509353037342	4.184736947543315	3.810266174532567	4.314213214744285	3.638343455248583	1.66255295006602	4.334710996525662	4.4979417361103815	4.194787979196463	2.6871542147497847	3.692654238998177	2.5844637344892685	3.5217159627562014	4.023571001394845	3.6398148179092424	0.8441112383667736	2.1620016402254936	3.7241102868354434	2.6684441236629985	3.8269178739960443	3.5333036343957267	3.7363414837929745	2.9851168453755026	4.067978217591141	3.882739571482138	2.4470661552851656	3.085878886204218	3.605803385340026
TL1a_FP_234	4.538839965636231	1.8767050087938943	1.7972056597112818	4.303953494401401	0.0	4.3544645141186695	1.8308740150309508	3.8563079761616432	2.2418648828753325	2.015344637544148	2.89908851678767	3.8003041653931535	2.796409851660859	2.7783440437022757	3.7274632232582596	3.9008443976804874	3.109561046276964	1.7980885045614423	1.9533999780061861	3.9196919978984988	3.496575440651489	3.764282955413442	3.2957830711207428	1.9585768565539055	0.9511215053901559	2.897843037516747	2.2624860596723053	2.4052014321675275	1.469032770562369	1.8623425142707517	1.8137703729408736	1.859394784693316	3.27603474808313	2.3836341680736295	2.7988360874188714	1.9764254188297392	3.053845291163205	3.016342842470567	2.7183221719836776	1.793807280396446	2.1854447587915504	2.0573161952383257	1.6430615321759303	2.2961944007990853	1.2872248993644237	3.3774875871730923	1.9663557542857375	3.0310960754218668	2.54901176806538	1.6944403999702473	3.438556537840438	3.451669861556393	3.3933447971812036	0.45547729071833976	3.771884209641441	2.7240130446515547	2.6601737491727953	4.157569934451229	3.244633433135994	2.3302128433248566	3.394089377225124	3.244514075313362	1.735679216255832	1.2075530383246926	4.4256355181263585	1.6970213601687667	1.8181990695790686	3.9790030224174036	1.9677754861763523	2.51046249271373	3.718619406295084	2.319058896353461	3.3370611396686494	3.055783037414964	2.4936462393111585	1.3039618787223615	2.079578561348976	3.156935560551437	0.6143022949241164	1.7966434845868942	1.386052015754507	1.0151967849598582	1.0785076239266538	3.4827941100450266	2.202432637580889	1.203240479158197	1.822920269146991	1.2697602864255422	1.7456879480827492	0.8459641856743679	1.4297670667484264	0.8258693073821102	1.6591651890072177	2.1127839720628128	1.4125377365291167	1.3762898220768633
TL1a_FP_128	4.341332583148457	2.6939611897731957	2.960565837090156	4.284141455482868	4.3544645141186695	0.0	3.059509767916178	0.4994936226556065	2.380636831061423	2.8865457410190705	3.1673546260635823	3.898863906743587	1.8067113416201233	3.0608810538607485	0.6531698353921641	0.6602300003586493	3.4893416556978383	3.636931402528885	3.1130124298178856	0.9972576393026997	1.012864480704994	0.7049959936563002	1.1890610300703943	2.7961770980354848	3.5256613744102308	1.5134364265289222	2.535991772511684	3.699015506841052	2.965261590601799	3.155203330471174	2.787912631340024	3.2609402815758655	1.2873903640491098	2.028074929426494	1.8911891645238972	2.6157770380107075	3.2727303763890903	2.320652367907877	2.169068783555337	2.605573023078699	2.964050017305423	2.5149707830003427	2.8437780112027045	2.0698401425049657	3.7413143688804436	2.3300709283055268	2.841873502792964	2.0106497459292814	2.022231821496413	2.8415610844099746	0.9575949094816517	0.9899299572393953	1.416930549615616	4.050199371541983	0.7739521866136768	2.1359576566098597	2.15572167371683	0.6044409444226178	1.1903170714717217	2.250303927921397	1.0115242944787566	1.23242066830255	2.7969543588464196	3.4343735262917883	0.5036136894521388	2.938643734380965	2.8061728449472887	1.184745337061601	2.5328257583292575	2.21084823862819	0.6992526890219991	2.381134818534036	1.2297675286534695	3.3093642565304067	2.27044766850708	3.387650559852956	2.4885471074048	2.0457541418631426	4.0871107915707885	3.743286340642807	3.0311269883812155	3.4068255080347276	3.344212695435634	4.014844421036588	3.4005245592679745	3.158688091351444	3.1972231745787423	3.1656233839219774	2.9944559946050946	3.5702218538125994	3.6770744576438723	3.6735841037358496	2.7808006860740178	3.5662135624171154	3.3513184701423624	3.0489918663230795
TL1a_DTT_268_Repeat	2.939210212933844	1.764847207126197	1.9409485577027064	2.8809523041461857	1.8308740150309508	3.059509767916178	0.0	2.6039159654432535	0.7815427450482784	2.1630326380377154	1.196446162929634	2.197101258187864	1.3649777610335392	1.1249129585371977	2.4847474281047166	2.4971354542670414	1.4653333959526977	0.9391489299655891	0.2508453377808735	2.4021208949129296	2.0790478397897636	2.652605366557491	2.047542753989648	1.9927008131078139	1.5762848683526343	1.6308921530523872	0.54391316077106	1.037407558232455	0.6790084695795677	0.17877282167293074	1.1947153580898415	2.3110158325137466	1.8644438737461262	1.3244164926890596	1.2201885804117443	1.124056109433373	1.3344052887639701	1.2772910026517343	1.4968161075307387	0.8494411171737967	0.40011430098633183	0.6931770324601988	0.8441613052188818	1.2726079506123977	0.729522389626163	1.613642096194392	2.001087939429802	2.5254247984322133	1.086371895643745	1.6428064220836442	2.2998957026220914	2.411535288406866	1.8364932720577984	1.4811150294581414	2.3963572577794046	1.4154719081308031	1.1574389642508254	3.056244649975164	1.9780367985435967	1.8723084085579513	2.0540968192179188	1.8496677337569414	1.2352638588894647	1.72961012589774	2.9643062592924014	1.8006630730089954	1.7924519635477065	2.4000930561115017	1.6208786440269445	2.061432872360452	2.4325359029208884	2.0199773980305427	1.920495362345902	1.3718852710368254	2.1351890171240844	1.8803850300214806	1.7899752158899296	1.3903723382864939	1.3679259436488505	0.7658187476757289	0.9524012324631742	1.4253211627732196	1.0784204724050173	2.110782799061358	0.9507773052057757	1.0152812959966993	0.7298502666702354	1.2978841530800085	1.4511426660512874	1.1804849865925031	0.6418874572785043	1.568372525955959	1.3925167413258812	0.702804686777505	0.44868685874988234	1.0845271297355727
TL1a_FP_129	4.152483623409946	2.213232259649416	2.493086842874335	4.07990311130324	3.8563079761616432	0.4994936226556065	2.6039159654432535	0.0	1.916194205568234	2.431565832073733	2.8198411540260886	3.646140316259466	1.3617629120451815	2.6953236028779566	0.24110410346389452	0.44825333671180706	3.1695333626680444	3.201000342869967	2.672475602938181	0.8428528430368172	0.6224206450976297	0.38043982849902164	0.7790665118982417	2.3319843127751647	3.0278541832979315	1.0300659369256124	2.0939485078254285	3.299393029008342	2.4747949082636995	2.7047041857194087	2.321166792961679	2.8087261103841628	0.8744644718018476	1.5480556850018794	1.4757502219107073	2.1530118850736177	2.947925339041966	1.9737584487348279	1.7445251619195556	2.1155885165843054	2.5356641636526716	2.04943604601652	2.36312219854958	1.5772170085618353	3.269332223435722	2.0498955347165086	2.3842909719216303	1.6536411675457283	1.5740037361319676	2.358287018757065	0.5035717086241072	0.5456993032215812	1.0829860277143384	3.5569563097109214	0.518004911740864	1.7115508604838015	1.7288704594408466	0.6249526309597185	0.7512760028679355	1.7864140567741735	0.560327746606256	0.7929256797992676	2.32185073793641	2.95064507632217	0.7474726551752188	2.460753564378801	2.331017638313127	1.0620393613539127	2.052076349048416	1.7734702634976822	0.336941313928695	1.9281664498576179	0.8265354793607481	2.9883447371984913	1.8336657193361978	2.9024579209603374	2.014474345399156	1.7195381726407628	3.5980318464371215	3.3040534589359707	2.5414854734425427	2.9125930145947185	2.8529548398123175	3.727223964212701	2.99463097761493	2.662181548053861	2.753596833037877	2.6752012753361436	2.534547265811953	3.0771550216076147	3.2130910353189823	3.1818986713761364	2.292306898308215	3.146876670686975	2.878342032605713	2.5599328304767925
TL1a_FP_287	3.2120299101611183	1.4867323894213766	1.7891620039705298	3.273010011642902	2.2418648828753325	2.380636831061423	0.7815427450482784	1.916194205568234	0.0	1.9168912878558084	1.3653075145536042	2.5273086517927643	0.6141808448177188	1.1749383109059568	1.8342575300600699	1.8023769954519437	1.8447957975840739	1.6397003755186093	0.9453827004641897	1.7272177362058374	1.3913172818056543	1.995722436559167	1.4953963392224943	1.7524435280315216	1.6462024598626366	0.9058789924171906	0.4185048318515039	1.5441005512103216	0.8284055226458021	0.845613215905817	1.2636622343611439	2.1822687362544073	1.1389818984020295	0.9069302310725454	0.7765123960886923	1.1299451012711783	1.614891141164366	0.9049064140484225	0.7797240775265524	0.709006499427038	0.753827734849731	0.6373985212110602	0.9790822714703107	0.7859864895497537	1.4087418773905478	1.274933541962314	1.8174303586730083	2.103820343340756	0.6740862277333535	1.4833369439807549	1.6602641378255245	1.7215211678635116	1.1731519271237143	1.945259623679349	1.8049354184728386	0.6919255591956731	0.46274866739173026	2.412916546635482	1.3958670236087931	1.4887868052501532	1.3969208069694394	1.1516831118120263	1.2596090646605702	1.8296239335502984	2.324653286364228	1.6449115376265533	1.598195204648403	1.7551245460062155	1.3531135328898374	1.6916708664231133	1.80387466726637	1.6602417378609793	1.2000063494030613	1.729013758348301	1.7505370143599894	1.8523554620944227	1.4688743618919344	1.0219632488996964	1.9184997386249985	1.5443442657117754	1.1133111433671912	1.5752429313102791	1.36478511748159	2.6053301460668274	1.563618296824855	1.1560320217044173	1.2788177858758123	1.4058567472766006	1.5644940171374904	1.5323526063394481	1.3853112302671071	1.8190534012681654	1.2740446732043278	1.393959040318189	1.0960083016600461	1.2181086508489547
TL1a_FP_86	4.975526789068527	0.43397464898259747	0.31132743382575306	4.616755787214485	2.015344637544148	2.8865457410190705	2.1630326380377154	2.431565832073733	1.9168912878558084	0.0	3.2243605045971195	4.249129635764029	2.067124624562532	3.0550237614623827	2.3015622725184515	2.674154820476634	3.5355759319650772	2.455591041824237	2.3119160119614537	2.8823388838352586	2.3781358945117317	2.197739104995393	1.9989043868101548	0.18442119042094865	1.1974141249955683	1.8434167220180129	2.124071884072943	3.171396519824495	1.5078505875560244	2.301232932163204	1.2748837693966415	0.39510933480775984	2.2727826471441137	1.3709020340508633	2.13508919723633	1.3835370172939527	3.389520195581673	2.779105861698624	2.1680113873435642	1.355327011814164	2.451346852578288	1.7161199137744005	1.410175502631739	1.3138785436562748	2.3237338901420115	3.1223008033936224	0.32701077165387815	1.1926301747157135	1.874852987219108	0.5298156730321617	1.9725399928626282	1.9145344865716896	2.5543294252554687	1.8652622905362384	2.487311120504255	2.195502948591028	2.226065859287093	2.5116506320064658	1.9792349181026707	0.7002053673362781	2.1766628348043047	2.181240909604144	1.1257197108345267	0.8993189133466022	3.1441216969826438	0.39544363955692585	0.38449740565767987	3.040620676555587	0.628825037592434	0.786350743044808	2.3397346326237587	0.5330591877368588	2.314039149914868	3.3710352470624594	0.6714816772145845	0.722518500564346	0.5108127808053635	2.724865184985251	2.0544649716242462	2.674902942014003	1.290047969854455	1.1019474344548028	1.3776443162369487	3.9555323551649537	2.61135401042124	1.281260971657897	2.0859114484904198	1.0357606029318596	1.1880764842897151	1.505108559365394	2.361226626783453	1.2828485263789222	0.7885614098346382	2.8287458443532048	2.010571402276833	1.1854489733427556
TL1a_FP_198	1.9571114746266658	2.7996333778318907	3.0450312636461945	2.4574796546927176	2.89908851678767	3.1673546260635823	1.196446162929634	2.8198411540260886	1.3653075145536042	3.2243605045971195	0.0	1.3175853142894343	1.6280980756216188	0.3340050875848754	2.762444878557608	2.533878084569532	0.7676412266419181	1.7705453205073174	1.1447607194545746	2.2686803991343916	2.2013628057273262	3.0151519740719563	2.460312030909517	3.0526744092254714	2.6845155044853293	2.0319832926748	1.1308686470570604	0.7237684322873575	1.823477697783737	1.0862154780174464	2.2751615259072984	3.4344725855736282	2.0022132098469325	2.114744841010523	1.5460347349373715	2.137346957762479	0.4748758709102583	0.8764350931107673	1.708030912689116	1.8872393587597003	0.8127399209647703	1.608476515693832	1.9726988918735964	2.0743764484605767	1.6464004000549217	0.9517829749106174	3.082508337668349	3.352593766059278	1.645588158701046	2.736980595583907	2.7126890676794226	2.8409950577874388	1.7775451225981753	2.5999971024611863	2.5820541222141835	1.59700825172492	1.322341118245273	3.380509087593594	2.377358522669171	2.80366235940899	2.3142657625976932	2.0594862040637025	2.3384535411593537	2.9129465416588136	2.90139576176853	2.902042099499836	2.871987284279616	2.1563425155007563	2.6440970156687604	2.9784401477684894	2.6901952821742556	2.982706449973337	2.040403180662711	0.8411622173334201	3.0640881276169303	3.021905300298548	2.7880397247764575	1.1498019301661895	2.4451007933339466	1.409346281443615	2.12583420051837	2.603697994415724	2.2725633821420144	1.8260378153491685	1.5451686706689494	2.176911671602589	1.7104370914111435	2.4743400096315873	2.564707665184555	2.3611467618314053	1.5609131615903986	2.7561767080082027	2.492145208842059	0.9831296106731127	1.5963118706923851	2.256522497034257
TL1a_FP_161	0.7559248892112492	3.8555292039221767	4.029601938662901	1.4042716901264582	3.8003041653931535	3.898863906743587	2.197101258187864	3.646140316259466	2.5273086517927643	4.249129635764029	1.3175853142894343	0.0	2.7263367979733855	1.6462134914831135	3.5617593116570707	3.348729726924175	0.7323373547234783	2.25693891519157	2.0169177942907237	3.0708424644428574	3.077437830940623	3.847225755784068	3.2357636827551888	4.06702929523524	3.7648690525924353	3.0619097661684376	2.1803090174748245	1.5693281622696553	2.8616539030165895	2.1239843459659524	3.0944379529050074	4.422626926133707	2.978680546858351	3.0476816157769813	2.405218362182037	2.9535985146064436	0.924236718825037	1.9598833014256591	2.953008511452625	2.905874492332312	1.917306378997213	2.5368937338319464	2.8835399387451037	3.081929400536871	2.5282924409610383	1.8515169566192062	4.041271944596534	4.213517407183846	2.545471183524432	3.7460127831921177	3.570577867308014	3.7805193908197503	2.695770128250741	3.4533141504596556	3.2777739292581525	2.8274663416952066	2.5123299103053522	4.14173722923452	3.1917412783855865	3.7840643726761467	3.169870068607554	2.9951837215346604	3.2087762528954666	3.8524565474288646	3.531980742080531	3.9154443043159564	3.8745972366607644	2.9240219259468803	3.6401001537869346	3.905520347824213	3.455863918071681	3.9706319282663887	2.9991048768897186	0.8844490245454004	4.025641752642912	4.0582955258479965	3.8027038042028103	1.9730302585535249	3.248214732196367	2.0220420520382802	3.0789148209975656	3.5838125805235754	3.2028786136764555	1.0846989081692762	1.9224939835507455	3.1997260291383895	2.3619941586193343	3.4278545218376206	3.3455722630381852	3.283269284899997	2.375079849377297	3.678030595358914	3.4803718290496306	1.6939487248725982	2.508170282275656	3.197004152404621
TL1a_FP_266	3.340980361944269	1.6700656225955601	2.0127790455916736	3.453561596855496	2.796409851660859	1.8067113416201233	1.3649777610335392	1.3617629120451815	0.6141808448177188	2.067124624562532	1.6280980756216188	2.7263367979733855	0.0	1.4398987234806797	1.3214110165640254	1.2055612287705455	2.1263343262068632	2.162744917331491	1.483227145249355	1.1348180601604112	0.8121475322593394	1.507049827028207	1.120020007351548	1.9167994230691672	2.089279724728883	0.43582701016155967	0.8738937260330241	2.006615618918785	1.3713425647846935	1.426388027274565	1.6033016096948358	2.4006633193317595	0.5333449758121726	0.9451882917923419	0.6594309344590429	1.4344365524262173	1.868336769318001	0.8516477715720314	0.6027923133956986	1.1286298794760492	1.2535104749579344	1.0401015354120013	1.4287066987333141	0.8498799108735577	2.0219328925735494	1.1262763362051018	1.9968291753097955	1.962195966452009	0.7132733109133781	1.743556866907165	1.2095088531501441	1.2534858883019708	0.6149304172954196	2.5083854097305336	1.3124369064408525	0.5003171391501312	0.38294959860747635	1.914033807273643	0.998113458902032	1.513967516216492	0.8815172202169119	0.5873870490358092	1.599493207416342	2.2201953944972335	1.7492495454445125	1.893638549694344	1.8126113244548367	1.1882466672022207	1.526381659614503	1.6758297221656526	1.3007181704363604	1.6980399733298712	0.5953851694037353	1.9945433934318737	1.735465812031722	2.195686144741349	1.5865816992253914	0.8558161429356477	2.5034526118767766	2.1086863569501024	1.5891249723789471	2.028420231915153	1.875923396669338	2.8931128904268704	2.0110246495729345	1.6533012167163792	1.7662323073895578	1.8323354073811633	1.899623550136472	2.0666790467738547	1.9894117372340665	2.2964146238358865	1.5802506052991014	1.913362835573884	1.695632750992351	1.6657675065975501
TL1a_FP_197	2.2624451420689833	2.6238051347061497	2.8958865606464768	2.7798433087991468	2.7783440437022757	3.0608810538607485	1.1249129585371977	2.6953236028779566	1.1749383109059568	3.0550237614623827	0.3340050875848754	1.6462134914831135	1.4398987234806797	0.0	2.6537755616645966	2.412519608599192	1.092137461526112	1.8495060795475007	1.1451181344548642	2.1524841543577207	2.075784107964621	2.8914278535376883	2.3797211442027066	2.8901908080231995	2.500587148693385	1.8632393944607621	1.0342372646020406	0.7910401068993287	1.6865096388442649	1.0056019638967613	2.2117914701168457	3.2783227037293883	1.8440858191083545	2.003080387853396	1.4865396790658412	2.079654070429007	0.8000663199928572	0.7449054157502795	1.4288355510492525	1.755181270962334	0.7356632241116359	1.5326587650194894	1.8865469391328138	1.9321249528503424	1.581881757027719	0.8913422424898486	2.9421396644572537	3.2340638453835178	1.5687895096710662	2.5837003685646605	2.5908968695762815	2.684197014178754	1.647187130507756	2.508342477747272	2.5133106287461233	1.3292092593179112	1.0963361647245111	3.271350601860554	2.2845994421856903	2.6551789791916853	2.200136808605007	1.9211135930738208	2.2530595040187786	2.785548766177443	2.827757991716948	2.743849205191122	2.718160285171429	2.051856935210129	2.4962238645716157	2.8465388106552356	2.5955538312600956	2.82862053926139	1.887139249821327	1.141763666179693	2.917481603829187	2.8527957519367737	2.6283776890677393	1.127723569081673	2.375894300047876	1.4734621284956295	2.015362131218579	2.466392310311497	2.1657853160935048	2.13453895345961	1.6762938130672629	2.0332341433242616	1.7414590583769578	2.352039047693641	2.5059223397990014	2.253453950479416	1.5340756085832332	2.6381521077071968	2.353573468519227	1.0717789712471708	1.5300619269693185	2.1465813483889447
TL1a_FP_159	4.088330608147775	2.0879226595671896	2.3455876635155875	3.9372795548012562	3.7274632232582596	0.6531698353921641	2.4847474281047166	0.24110410346389452	1.8342575300600699	2.3015622725184515	2.762444878557608	3.5617593116570707	1.3214110165640254	2.6537755616645966	0.0	0.585523773175931	3.0706773311193705	3.031859292233953	2.541818208521843	0.9503560674745138	0.6250273904094148	0.30861195889882864	0.5586262604535849	2.194950245045039	2.9174768968039695	0.9655214022157298	1.984037422187161	3.2182805472300893	2.346501431076415	2.5965265014813212	2.135739098539794	2.6683875294193578	0.8820764282144878	1.3815645946483226	1.344299288251762	1.9666523857672384	2.8644844452972547	1.943434573931413	1.7618636704680892	1.9765581448818557	2.4395622665498595	1.8986876128456418	2.2025492150330557	1.4363342342412069	3.1481430785490203	2.0417609562180115	2.2287839738268787	1.4849286016913246	1.4262769675097693	2.2151108024738737	0.32955127768000275	0.5122894377657712	1.093345782961032	3.413201964779448	0.3735627721521112	1.7187859724322165	1.6974609866387946	0.6186943673317297	0.5539425664108759	1.636121914145045	0.45809657867333003	0.7529439832812079	2.144551064837422	2.79713283755255	0.8577096739584912	2.320965620391823	2.1868749159947862	1.1587449175724343	1.9028235193013847	1.6076606875672395	0.13486854830934744	1.7839913352840127	0.8419287516943994	2.8773508962747765	1.6835809196761888	2.774851915961411	1.8745734964411234	1.6538973063981166	3.452844979889797	3.166757946700056	2.3906271692816365	2.771373268295933	2.703853053244128	3.57992658953231	2.8256524899123274	2.5300349617490236	2.5816375528208533	2.522733209668837	2.342195254163932	2.9325127907504682	3.082811848821185	3.032951833405553	2.1415100735988815	3.0299075087538485	2.744142296905826	2.404600418892345
TL1a_FP_132	3.8192287412686285	2.3982876806812015	2.7075680094126087	3.8808683832973268	3.9008443976804874	0.6602300003586493	2.4971354542670414	0.44825333671180706	1.8023769954519437	2.674154820476634	2.533878084569532	3.348729726924175	1.2055612287705455	2.412519608599192	0.585523773175931	0.0	2.9137437506459576	3.1521021565197485	2.558935802907288	0.3974804613136534	0.4225986765905628	0.821015301324531	0.954227425834415	2.55840377022735	3.1096314843636947	1.004869570189853	1.9631586037279767	3.073524850545133	2.4737576242442185	2.5744424074510994	2.4258588828238317	3.051786044411386	0.673909754452084	1.6436127495049235	1.3664633531057462	2.2401232728378755	2.6757485985328318	1.674108933942625	1.5713946622382529	2.144372995205044	2.3630429878167973	2.0273421092954065	2.4063427167023055	1.654198485204054	3.1892993281754296	1.6937805539050146	2.619624899870412	2.017738629552893	1.5302820413300988	2.529318840077782	0.822345256038102	0.8778730444073052	0.7654620109422299	3.597857481250959	0.6050224462279138	1.5233026838743446	1.5280171452896754	1.0395402352418692	0.891653570525965	2.022893429637776	0.5815445723266072	0.667767259362487	2.4373763177408336	3.1020883668203436	0.5926243430477769	2.6496922525450124	2.528992981044336	0.6167929467163394	2.234205294024129	2.052548211529716	0.5883715810742425	2.1849748487222396	0.6111868055700853	2.752635493594548	2.1184772283993034	3.06147491010912	2.2230993883234276	1.4447389228096472	3.613222866300931	3.192533954531171	2.5977235517560406	3.0124308834948192	2.910033811864116	3.5414672601089445	2.914714756366893	2.7092104779467636	2.7287299735377832	2.7799843726107514	2.6763596410551056	3.127439913390905	3.130119813967056	3.2847532817376583	2.428679518907376	2.9826344181287023	2.824865931995431	2.63857450976995
TL1a_FP_130	1.4811491147583222	3.1404641459492897	3.3136057984098453	1.7158075723026263	3.109561046276964	3.4893416556978383	1.4653333959526977	3.1695333626680444	1.8447957975840739	3.5355759319650772	0.7676412266419181	0.7323373547234783	2.1263343262068632	1.092137461526112	3.0706773311193705	2.9137437506459576	0.0	1.6070310762634226	1.2861420855483048	2.6750308802112146	2.585974741721652	3.3353007476660537	2.6980449351339697	3.3547920633595103	3.0346386928794185	2.4639123604589335	1.4824811000736455	0.9763606975192468	2.130103735336128	1.3977657216430017	2.3978281479589807	3.7034567132270078	2.4526723276346267	2.3842397869018184	1.8084271749360856	2.2648010732942168	0.31566828246086953	1.4346981816888331	2.351823458661463	2.1881397579964967	1.201281138145805	1.8339235437444452	2.1648674590716217	2.406003957858166	1.835923295551399	1.4529588863446175	3.3341235895353476	3.583649553771898	1.904499599126757	3.0268380985793253	3.028878049944056	3.223232815586388	2.2165864951655547	2.755729089923941	2.8256528278627115	2.2280728201166284	1.8997662639821868	3.6678153501120407	2.6463825772732963	3.1011818395711184	2.6507531253529417	2.460493572928976	2.5034113887365717	3.129020620021708	3.1889876361619005	3.1949020718238144	3.1596427270952994	2.5631793856483376	2.9351172025539043	3.2369565465167325	2.97407138858863	3.282045917910085	2.483381028454603	0.25872090826495403	3.3496587290525666	3.3274912166761257	3.100894688200609	1.4742533374681426	2.563251938297801	1.355836292786872	2.3520857755626685	2.8550801455319745	2.4772131692908483	1.072694775294971	1.2869512458288797	2.4677711904435813	1.6709129583899127	2.702013669327639	2.65414135940966	2.5619535096651704	1.68002199279756	2.9570387121680577	2.7619821936775626	1.0033091022547578	1.784019937174996	2.4723393155608484
TL1a_DTT_269_Repeat	3.001294150083131	2.15950504239759	2.1649036375674804	2.5260996786642664	1.7980885045614423	3.636931402528885	0.9391489299655891	3.201000342869967	1.6397003755186093	2.455591041824237	1.7705453205073174	2.25693891519157	2.162744917331491	1.8495060795475007	3.031859292233953	3.1521021565197485	1.6070310762634226	0.0	0.7761579735384428	3.097085121728448	2.740575000615608	3.187846984617517	2.5087705219006806	2.291824344278955	1.9011372148505459	2.3354451325068193	1.3220568238074333	1.4371583235051626	1.2138012161857286	1.0120633928920215	1.2811414537572523	2.4818728960393432	2.5943108927696543	1.7946501015367013	1.7898420595417681	1.2872233489262794	1.6631338008012015	2.0512167210098537	2.404121197153566	1.3822188309749834	1.2055614435399573	1.2053267252889837	1.1238712398152348	1.8321720499722174	0.9174438378702917	2.327701435606409	2.2121875197888135	2.809389399083021	1.6376761286361161	1.9437751889780388	2.835386434244218	3.009063507081702	2.563254675410342	1.3714950633680587	2.8971066580713245	2.3177815919514257	2.032778649761269	3.5517323333711195	2.4822368898048754	2.2520594521334565	2.651993928112893	2.5281592108966033	1.3834352199257685	1.8003764278651828	3.5386059023729546	2.077728806325892	2.081066967942628	3.1008788986293343	1.9752177067022036	2.3750504219041626	2.9600029280212663	2.3709057084086447	2.6424013380670113	1.4865435557117754	2.473615964488008	2.112884821750731	2.1663396856169896	2.0204058003708294	1.1879766953247963	0.560062479010619	1.2179463615442565	1.5910402502509586	1.2065717431755263	1.7333634600318217	0.44163272963172023	1.3705044876589851	0.4670309805937107	1.4722272901261577	1.3957586691144528	1.24730269894406	0.7162173373432205	1.583327339501045	1.7011073017862663	0.8874649292869269	0.77348401635696	1.2945179014599428
TL1a_FP_90	2.7669549474374735	1.9266324396753223	2.0754401768529593	2.640127814051591	1.9533999780061861	3.1130124298178856	0.2508453377808735	2.672475602938181	0.9453827004641897	2.3119160119614537	1.1447607194545746	2.0169177942907237	1.483227145249355	1.1451181344548642	2.541818208521843	2.558935802907288	1.2861420855483048	0.7761579735384428	0.0	2.4562093686758404	2.1444342608860154	2.724090659991103	2.0832242147467523	2.137087485386126	1.7670345466679764	1.7428634690422582	0.6131022099949206	0.9894505410448979	0.8621436884522784	0.3233602805593915	1.2372777339131957	2.448859331811672	1.9539501632768252	1.407236360203744	1.2326163678600373	1.1556556606482968	1.1946652753461853	1.3124439087006796	1.6789425440660266	0.9942498254026776	0.44020759749742683	0.7524791410065782	0.9318673584262704	1.3907662287305593	0.8042208580053944	1.6186459742918955	2.1228937735259046	2.6063796079193917	1.1224687458506601	1.7877529832954535	2.371203000632874	2.5129231410574815	1.897721139774498	1.5762555114899097	2.4196693802497418	1.5850719001343236	1.2925788443799124	3.115114834627783	2.0240175625445964	1.9945113474089033	2.1144711532725857	1.9271456806852236	1.3078710518387777	1.8529797502976306	2.9914424073837482	1.9481126948635106	1.9330127640938517	2.4443522937214595	1.7538142413275346	2.1631405076276935	2.477751824807178	2.1478293219549394	2.005859131900523	1.1760391434419855	2.2517467728568867	2.0442795649714443	1.9302816831001524	1.3723246317527285	1.4379048204217058	0.6359903432443916	1.0774546217446217	1.5701931513116967	1.1985887708656604	1.8670110519522023	0.7185546901439883	1.184471347887396	0.6100500816540936	1.4252605005181795	1.4879761213641143	1.3007835453288608	0.6545863155283066	1.688902406327732	1.5276734787572097	0.5638382735424426	0.5438666396046274	1.2023507130221975
TL1a_FP_195	3.510229091914538	2.564329587047592	2.8901506631382814	3.699186631223123	3.9196919978984988	0.9972576393026997	2.4021208949129296	0.8428528430368172	1.7272177362058374	2.8823388838352586	2.2686803991343916	3.0708424644428574	1.1348180601604112	2.1524841543577207	0.9503560674745138	0.3974804613136534	2.6750308802112146	3.097085121728448	2.4562093686758404	0.0	0.5238386481105425	1.2072582380204993	1.191003525336803	2.7544723006351064	3.1741541726788975	1.0839169505563793	1.8631091623076128	2.856909541185174	2.4759585029145055	2.455847846786157	2.5205009117006543	3.25402873148803	0.6591425035444317	1.7606441452843142	1.3247456431257614	2.3253521476776737	2.4236001404141834	1.4157030498339098	1.4635154234689611	2.1828297764040685	2.2098686612358294	2.024933603579208	2.448524814774291	1.7559309184914131	3.1049261861857835	1.3745313088877082	2.8205680674380957	2.3313399789025633	1.5356225051282542	2.679122763706673	1.1499242370036016	1.2134183349802805	0.5690316846185678	3.6159018813555437	0.8681391560888837	1.4001449312659429	1.3844823340805548	1.432007931641342	1.1121606973654026	2.238154106593296	0.7906742109625817	0.7302171904976108	2.5408220240426296	3.2239846643773618	0.7484402754168623	2.8124423241545053	2.70135113348962	0.22331137486981445	2.39991290398102	2.299621756889976	0.9245344789320723	2.4127539196690204	0.6019147009285957	2.5362384059004044	2.3694217455336517	3.192736625207095	2.4114855057649285	1.2265997407898785	3.6079695559618687	3.079395003111224	2.646561432590509	3.091649214169753	2.9529633294640827	3.366395170259064	2.8375624003611324	2.7484060750356734	2.703333938681517	2.8671291076425733	2.7966408920834223	3.160676170689211	3.043740681194735	3.3617678465031897	2.5509634675032173	2.8245570647748854	2.77091709622796	2.7058711764909495
TL1a_FP_158	3.604397849980253	2.0680681200712607	2.3799699613953105	3.63203006132628	3.496575440651489	1.012864480704994	2.0790478397897636	0.6224206450976297	1.3913172818056543	2.3781358945117317	2.2013628057273262	3.077437830940623	0.8121475322593394	2.075784107964621	0.6250273904094148	0.4225986765905628	2.585974741721652	2.740575000615608	2.1444342608860154	0.5238386481105425	0.0	0.884143226268819	0.7208433549019025	2.2470192052554165	2.73139869055939	0.6196749381935717	1.5483775674344427	2.6983944508267954	2.0582548998956236	2.161235409152025	2.0356929821852465	2.74542856288673	0.3102189146744502	1.2593521092618585	0.9630410000988658	1.847237543956431	2.3491718973894846	1.351346921259096	1.2600389291044893	1.7332681954315377	1.9616107293341571	1.6079601453042698	1.9950588342454378	1.2644572913581353	2.7698178336380503	1.4415586440225783	2.3040784494837907	1.8390274090354015	1.11608076791325	2.177875217207711	0.7056670197457194	0.8122074012028542	0.472135393748579	3.18617080106721	0.5999626755203914	1.1951170293816982	1.154347432706575	1.2218611006245672	0.6206180455056398	1.7212061655712585	0.29175786675899107	0.25278208801525065	2.0495189154992564	2.7306139924097144	0.9527009467096894	2.3100606190303883	2.194032895955027	0.6941711511232586	1.8902172507503705	1.7801768176439134	0.5967845534461736	1.899057124447137	0.25623949592213285	2.4206627041890885	1.8553939064970448	2.7088186162523926	1.9019623877280571	1.121080784714742	3.1955623115102223	2.779392797097471	2.1901132367538008	2.6227309823912517	2.5021769821896553	3.227278331608465	2.5182521082036455	2.304898469645418	2.3163054117638615	2.388742411988605	2.2997393293522963	2.718507749826273	2.70974307905313	2.892055489365445	2.0552390366933584	2.582775365799503	2.4024964821933255	2.237132275206564
