	TL1a_FP_140	TL1a_FP_207	TL1a_FP_206	TL1a_FP_242	TL1a_DTT_169_Re_extracted	TL1a_FP_98	TL1a_FP_75	TL1a_FP_141	TL1a_FP_62	TL1a_FP_74	TL1a_FP_171	TL1a_FP_99	TL1a_FP_63	TL1a_FP_243	TL1a_FP_170	TL1a_FP_205	TL1a_DTT_139	TL1a_DTT_171	TL1a_FP_73	TL1a_DTT_74	TL1a_FP_139	TL1a_DTT_141	TL1a_DTT_241	TL1a_DTT_243	TL1a_DTT_205	TL1a_DTT_206	TL1a_DTT_62	TL1a_DTT_242	TL1a_DTT_73	TL1a_DTT_63	TL1a_DTT_207	TL1a_DTT_75	TL1a_DTT_97	TL1a_FP_169	TL1a_FP_61	TL1a_FP_241	TL1a_DTT_140	TL1a_DTT_99	TL1a_DTT_98	TL1a_FP_97	TL1a_DTT_170	TL1A_FP_638	TL1A_FP_685	TL1A_FP_686	TL1A_FP_639	TL1A_FP_687	TL1A_DTT_638	TL1A_FP_637	TL1A_DTT_639	TL1A_DTT_687
TL1a_FP_140	0.0	2.320052878334731	2.640323128257978	2.2871539823681144	5.771452554059519	1.1234084153132877	1.2497968740830057	1.137117441971862	0.2957076413235476	1.9701528041071625	1.5205309146005477	1.4816378962811734	0.5724615336997982	2.0398364481600235	1.1135181152860238	2.433767091345799	0.5565886357503227	1.2423044401786467	0.6958294913716944	0.3813614241718864	0.543681894826745	0.42361323016861435	2.766060827536629	2.2025097430103444	3.411746216700044	2.2673273184473843	0.7829632772307884	2.804379354052417	0.7636633402225266	1.1122395639390708	3.0627800342105043	1.562850061651338	0.5124079775974396	0.9301112552872985	0.6118324726733168	1.9733107334589313	0.8856655186804058	0.3651602163359371	0.9642365111094301	1.2277479819831212	1.2151437240464684	1.6284383157073432	2.3160022082347895	2.015896245745363	2.4474983051408823	2.1060337317346343	2.3429670325000878	2.2528478139674206	1.3032013376750384	2.5025115676121152
TL1a_FP_207	2.320052878334731	0.0	0.36821648064398105	0.8437379867231161	4.563449392774693	2.0815022556682043	2.267855578754992	1.989425217314288	2.489915507004162	2.389538533198194	3.4375494658856143	2.1373772762846133	2.2574487562484653	0.7553007481929064	2.1600347188384776	0.31594900998675957	1.984724061125711	1.7989846781104168	2.129314649940193	2.079240052294963	2.098150790582267	2.125282320662217	0.7455225391317702	0.17634719620547626	2.2479049141448124	0.24579951401645705	1.7662825903030097	0.590795385920912	2.0377603313125032	1.9216976340430674	1.050008484927124	2.0241459244907487	1.951057281080461	1.8560794595830747	2.796002250610568	0.5838488012914372	1.6338117155741134	2.155316384441148	1.9539019292807323	2.0155210211758234	1.5675315202137727	2.5273809104879814	2.8032224303781517	2.694716489556041	2.760420666381885	2.4831147458143907	2.757953289821027	2.539819189279786	2.6819665651904976	2.750516649258022
TL1a_FP_206	2.640323128257978	0.36821648064398105	0.0	1.132246613812794	4.654213654751435	2.448152537425434	2.629320410946244	2.356930936451252	2.8148164354812697	2.7412007524216713	3.672558612518553	2.5005905760807634	2.6084145460381762	1.0935371334146193	2.5264064084456823	0.540777501311891	2.3338170588762908	2.166770611904047	2.4807799352095383	2.420190519998735	2.4461387177678713	2.470216613768644	0.8420188359254078	0.45799495586550937	2.0399311976748	0.5732507160552289	2.122311228951174	0.5794289452782618	2.396053860653742	2.2889342690759475	0.7212742527868354	2.386278887329688	2.288540317327578	2.218899578928105	3.0933382532519165	0.9426891426351022	1.9873489183377298	2.4969341344568923	2.317437898104672	2.382068928499591	1.9353749216364569	2.88657445068033	3.1456626759182216	3.0496249959892374	3.0937942702869905	2.8279141620465906	3.0944591623741275	2.8782159239577827	3.041996156548878	3.0790413845467497
TL1a_FP_242	2.2871539823681144	0.8437379867231161	1.132246613812794	0.0	3.876976921885077	1.648522986042916	1.8115590352833926	1.5559042746868275	2.4099043272440785	1.6924704914648436	3.650299873489028	1.5791090367082667	2.028381066578957	0.27430325127373834	1.7278496722329542	0.5961836144669367	1.8055134344933697	1.3454666980028884	1.8853098553450762	1.9515828138247415	1.9053991239154884	1.9646966327339959	0.5837185387177224	0.9212219615452144	3.087355304743453	0.599235612376595	1.5576161795476218	0.8089091724812898	1.7573099348299466	1.5064510326974425	1.8533546960530876	1.4313974911756633	1.8419436979756025	1.5377291933279236	2.8205469628528936	0.44581123912826953	1.4427420581765333	2.0135621177688745	1.6025503487561894	1.548117997651971	1.1895506676789767	1.9627381652952256	2.078644162717466	2.0206104048241365	2.0048110146259455	1.770690184018566	2.0373967122805423	1.7987463786671776	2.2426487260149672	1.9879153831118233
TL1a_DTT_169_Re_extracted	5.771452554059519	4.563449392774693	4.654213654751435	3.876976921885077	0.0	4.702356270164667	4.707640325863411	4.6597679231129545	5.799800006169376	3.9646979472973802	7.268919545437612	4.379949414414951	5.292447115998325	4.125235990593838	4.741968999896635	4.250822963675591	5.21673657386814	4.5302926855333085	5.164600226666553	5.390263776401038	5.262975754660055	5.354905164076626	3.8324829229847435	4.692865019894397	6.6517225810987215	4.3651547554471195	5.012123653507993	4.093916171119272	5.034271975998095	4.670698849397386	5.221655042660884	4.252461273443823	5.325575182770622	4.846480542136854	6.2810216911146854	4.321561317568	4.9527859230817715	5.416062702274094	4.827638662449601	4.584583494349644	4.581525746526397	4.477479990277871	3.866461858927066	4.122873977638187	3.667152729870687	3.8841119390362127	3.8346031991581904	3.7448235136288504	4.9689010252607755	3.601207466716997
TL1a_FP_98	1.1234084153132877	2.0815022556682043	2.448152537425434	1.648522986042916	4.702356270164667	0.0	0.32230184077914303	0.115287760439695	1.113285447390657	0.8520938632515723	2.613864510860376	0.36492944242872627	0.5963211125500221	1.4794585418062185	0.0809888464059802	2.0464856497440382	0.6102482004537718	0.30986902335360883	0.5150002439660266	0.7683312093988632	0.608954457026075	0.703508894775352	2.2203738590682276	2.030637561120044	3.8439390388706656	1.9198432039363258	0.5791282801798491	2.382770849438027	0.3758298618661804	0.17129369440847858	3.0643797567807955	0.4521653790616974	0.7673685116330364	0.31899062264698397	1.6026510266600722	1.5396010126779198	0.6243768533283931	0.7606672524576866	0.21971419753752425	0.12811386792556587	0.5426103615919977	0.6402248602181319	1.234914179484403	0.9541398722669583	1.3433155493903435	0.9937153216759691	1.2645171800939081	1.1368357733279713	0.6725885398610182	1.3957072684726521
TL1a_FP_75	1.2497968740830057	2.267855578754992	2.629320410946244	1.8115590352833926	4.707640325863411	0.32230184077914303	0.0	0.42646653500945025	1.1632251445066648	0.8164293540971664	2.665039209476233	0.3611474250294537	0.6815731038874119	1.6488151942050528	0.28322472117985015	2.22865472284007	0.792821828313649	0.5643267615050259	0.5756705456181219	0.9385084134072252	0.7283530792659056	0.8610379935519517	2.3747871235820437	2.2314938370751567	4.017003150274823	2.105438864223557	0.8398923669640431	2.562868746427853	0.542674561990371	0.46930844066635186	3.2443842096219826	0.5248018503977454	0.89364771975524	0.5543623427123829	1.6323000592754522	1.723852624843838	0.8105858164968317	0.9030161844587252	0.4406149053297085	0.3374447545672162	0.8099172415053528	0.4074934432608079	1.0964962360971784	0.8347251690588096	1.2261806821548034	0.8961749540559719	1.1000842303682485	1.0462217873510855	0.4314025624870911	1.2753162993973362
TL1a_FP_141	1.137117441971862	1.989425217314288	2.356930936451252	1.5559042746868275	4.6597679231129545	0.115287760439695	0.42646653500945025	0.0	1.1555946588494361	0.8616299319525612	2.64315575318001	0.3912170416854674	0.6441433104389349	1.3877868236870565	0.19091750483436704	1.9513098887836318	0.605157088675064	0.21044002735685827	0.5627061647631548	0.7684785398362037	0.6332917902278586	0.7139790685179067	2.128769822260715	1.9370865931311756	3.7747194148635437	1.8256279202812224	0.5206178558263457	2.285802984554083	0.39710271078956433	0.07412826008975577	2.9775105905772405	0.4325147224021987	0.7703610339557816	0.28121072510631095	1.6450638511591371	1.4464091769476821	0.5794879229221217	0.7750906435357017	0.21892443840858167	0.13280904752616746	0.4367546974355763	0.7239499584591086	1.273579224727174	0.9999179216537394	1.3686262644705418	1.0158534349714008	1.305094467825747	1.1533199162917047	0.7873486946036564	1.418894603807101
TL1a_FP_62	0.2957076413235476	2.489915507004162	2.8148164354812697	2.4099043272440785	5.799800006169376	1.113285447390657	1.1632251445066648	1.1555946588494361	0.0	1.9358830931130955	1.5088327292807275	1.4493270230027813	0.5177163044951592	2.1646314219345766	1.087161126357346	2.5926731476292724	0.636764795825881	1.2877224721587444	0.6403333153427896	0.5052826204849595	0.5460829724775624	0.49743421945503535	2.9024693913135575	2.385456027869874	3.602731914230175	2.4275756898300043	0.9126969595939446	2.9669490454011807	0.76980280233071	1.1422597873175184	3.2498932863440406	1.5583391216764833	0.5707411713896536	0.9720740200374508	0.4904229500890993	2.116515004618891	0.9692320066033988	0.43504063787794617	0.9748968497372228	1.2221019023194086	1.3149306652941066	1.5222628632391344	2.233693939363745	1.9396296443946066	2.3784938690031066	2.0495491220237434	2.2522789351881167	2.199470483047119	1.1400970235293173	2.433494430558325
TL1a_FP_74	1.9701528041071625	2.389538533198194	2.7412007524216713	1.6924704914648436	3.9646979472973802	0.8520938632515723	0.8164293540971664	0.8616299319525612	1.9358830931130955	0.0	3.4442981843383067	0.5138693743775855	1.4243995901334703	1.6504638084245138	0.8581692752880201	2.243813712903772	1.4594045563707456	0.8635672621695757	1.3386240278333188	1.6185965678124028	1.4564768048828727	1.5535449861229018	2.2498389856254297	2.3917338211197237	4.4282496159474	2.1719358990734436	1.3678947737956253	2.5000981758826986	1.2258204280869418	0.910486819818224	3.4341901896141755	0.47737546799069075	1.6056901764431937	1.121579407406486	2.4183797394772113	1.8061519596589573	1.3746672894338137	1.6105690385260065	1.0464473660613423	0.7683511725756051	1.0910361528943133	0.5801076046982337	0.48027958093187045	0.3398940472877399	0.5293460350393406	0.21711451266482673	0.5472537359141137	0.3194509641351958	1.0408306452107927	0.5861101279804934
TL1a_FP_171	1.5205309146005477	3.4375494658856143	3.672558612518553	3.650299873489028	7.268919545437612	2.613864510860376	2.665039209476233	2.64315575318001	1.5088327292807275	3.4442981843383067	0.0	2.9555605157560274	2.022263622750444	3.382365515947775	2.592528713819586	3.6425308766414775	2.0620906045466363	2.750034292758011	2.1310839231086716	1.8965398165632386	2.018953479181456	1.935180126053305	4.0356168918685205	3.3003422430334473	3.617423574817008	3.4697947420726583	2.281881516770569	4.002950948438968	2.253839837979917	2.6203520538381975	3.8552977465498195	3.0566338169145864	1.9436196774643903	2.4286904426699087	1.0356828984020146	3.263911034657559	2.325627948166724	1.8715208469056392	2.456975705160118	2.7193904023270035	2.7089476492906153	3.012650320200355	3.7293741007150927	3.435113471235502	3.8808991453487556	3.556469873835516	3.7443724848452855	3.706668011466157	2.5846722890807787	3.9356524705851017
TL1a_FP_99	1.4816378962811734	2.1373772762846133	2.5005905760807634	1.5791090367082667	4.379949414414951	0.36492944242872627	0.3611474250294537	0.3912170416854674	1.4493270230027813	0.5138693743775855	2.9555605157560274	0.0	0.9376399905337494	1.4566680414696078	0.3815778172081721	2.0535213688727167	0.9629361889514211	0.4318458109780381	0.8327694621031031	1.1277085779901979	0.9536716861397434	1.0632962231696654	2.1543500215771565	2.11494881075497	4.037966710032506	1.9485907797887088	0.8992259385295519	2.3626449041187607	0.7245280362093123	0.43757339448074534	3.1556174597636923	0.17545976127899268	1.095640541044585	0.626917108938817	1.9332892282221665	1.5650017262116744	0.8872690934769006	1.118290116244705	0.5432856776092815	0.27262606811718715	0.696886949758783	0.4261197093595352	0.8992670660545473	0.6555476454085788	0.9909466572685017	0.6365799553152693	0.9169774664632443	0.778977472456861	0.7256126677007703	1.037902372442441
TL1a_FP_63	0.5724615336997982	2.2574487562484653	2.6084145460381762	2.028381066578957	5.292447115998325	0.5963211125500221	0.6815731038874119	0.6441433104389349	0.5177163044951592	1.4243995901334703	2.022263622750444	0.9376399905337494	0.0	1.807376735763861	0.5704667864811195	2.3032142221033673	0.29831608888144034	0.7954492151603033	0.20120974750409384	0.3282351319661774	0.17175186258693353	0.23928171950826088	2.5620198826216756	2.1731538154887167	3.69205699311162	2.150472735196096	0.5512990008865106	2.668173230207714	0.28154735972186845	0.6391685177724273	3.1332415712277393	1.04426005304761	0.39206059765506357	0.5040648641059319	1.0075126865893742	1.8010931198917113	0.6292466218534482	0.25552319391012096	0.4788871632096394	0.7086129069377958	0.8770675477563226	1.0560901293717855	1.7487178011656617	1.4535761730440029	1.8839837840936198	1.5475433664372442	1.7729607338079836	1.6962666707243466	0.765276660285336	1.9392011400479396
TL1a_FP_243	2.0398364481600235	0.7553007481929064	1.0935371334146193	0.27430325127373834	4.125235990593838	1.4794585418062185	1.6488151942050528	1.3877868236870565	2.1646314219345766	1.6504638084245138	3.382365515947775	1.4566680414696078	1.807376735763861	0.0	1.5595288819676643	0.6022273239422495	1.5744416785906385	1.1801564935530988	1.6628659207886416	1.7152173041396725	1.6748620171515507	1.7330850246596856	0.7557417275271251	0.7983972160682803	2.9480371905518186	0.5267211271872541	1.3348101135051083	0.9144124302608414	1.5445307329623674	1.33088040213726	1.7999298971586144	1.3250980436650945	1.5947615052955528	1.3313175194504172	2.5632451631220414	0.21929870653666192	1.2028583040456278	1.7784007377953424	1.4054161471672468	1.3886222244939868	1.000667544194944	1.8468155829372972	2.0566157954512603	1.964644960810062	2.0078529486029137	1.738443767252955	2.01508762727756	1.788642220111296	2.0789623071991152	1.9984501179360994
TL1a_FP_170	1.1135181152860238	2.1600347188384776	2.5264064084456823	1.7278496722329542	4.741968999896635	0.0809888464059802	0.28322472117985015	0.19091750483436704	1.087161126357346	0.8581692752880201	2.592528713819586	0.3815778172081721	0.5704667864811195	1.5595288819676643	0.0	2.126857392043631	0.6234440144100134	0.39022920598458205	0.5037472680624432	0.7717811674968439	0.6054144183271456	0.7004279349379713	2.2999382208204286	2.1082314387404604	3.9044932206937397	1.9997171096471795	0.624332175764214	2.463493804368634	0.3828045350656743	0.24880430677763862	3.139360196500507	0.49194918021180484	0.7812669277570207	0.37164211314988294	1.575356073995052	1.6196058651322596	0.6775525233352769	0.7549861966368087	0.2633730962887202	0.19137357922578468	0.6212228264971131	0.6012595653241332	1.2203302616662348	0.9309667998820418	1.3392749957032293	0.9953523976793347	1.2539349087069742	1.1409146958885705	0.5991909067225777	1.3947549825999288
TL1a_FP_205	2.433767091345799	0.31594900998675957	0.540777501311891	0.5961836144669367	4.250822963675591	2.0464856497440382	2.22865472284007	1.9513098887836318	2.5926731476292724	2.243813712903772	3.6425308766414775	2.0535213688727167	2.3032142221033673	0.6022273239422495	2.126857392043631	0.0	2.041822433220902	1.7486920158255594	2.1686407670486014	2.1557404356777354	2.154410570708756	2.191524329500238	0.44965547116805893	0.4489760330004661	2.5386829484430065	0.17323278857156246	1.8041080178487352	0.3771897609773498	2.060368465076864	1.8893340184945366	1.2613329532892699	1.923186153409348	2.0346489092767945	1.8600191999020534	2.9381718205918057	0.510963492011177	1.6791344843521172	2.2292181595557863	1.948306854958976	1.96614195573268	1.5362778587537784	2.445870094608923	2.645335874582246	2.563055573091022	2.583792705281894	2.330464147086283	2.60049919052385	2.3714316608325188	2.654837684189476	2.5686909678967553
TL1a_DTT_139	0.5565886357503227	1.984724061125711	2.3338170588762908	1.8055134344933697	5.21673657386814	0.6102482004537718	0.792821828313649	0.605157088675064	0.636764795825881	1.4594045563707456	2.0620906045466363	0.9629361889514211	0.29831608888144034	1.5744416785906385	0.6234440144100134	2.041822433220902	0.0	0.6891768404806887	0.2992872418626698	0.18094645743673277	0.16062788062246341	0.16144266099362023	2.323796320502567	1.8925807051110652	3.435181416256677	1.8857973687436524	0.2858939346968695	2.408282372123081	0.25182519553826466	0.568819835973373	2.8542358254991207	1.0244906103073128	0.22670699034910713	0.37476615462786717	1.1021228984780107	1.5481945620219237	0.3946912264808351	0.2134028838785488	0.42439850312404764	0.6967871817280212	0.6802768377888917	1.1881867509384854	1.8393033854679242	1.5542588444114558	1.9502021097302387	1.598681917790942	1.8593814491706862	1.7415676968759324	0.9974952732712613	1.9995026943415344
TL1a_DTT_171	1.2423044401786467	1.7989846781104168	2.166770611904047	1.3454666980028884	4.5302926855333085	0.30986902335360883	0.5643267615050259	0.21044002735685827	1.2877224721587444	0.8635672621695757	2.750034292758011	0.4318458109780381	0.7954492151603033	1.1801564935530988	0.39022920598458205	1.7486920158255594	0.6891768404806887	0.0	0.6871618812826293	0.8620998714333562	0.7452562669465759	0.8247929813313646	1.918822823570373	1.7541553938947148	3.6510504272493054	1.6272750836810255	0.5287770572569069	2.0793622151016735	0.520920294936405	0.16913915843418179	2.801671866950697	0.3944672708171781	0.8305714232477652	0.3246555352660329	1.7704951624736462	1.2463036484230698	0.5380019930009655	0.8862007323746559	0.32556797436484086	0.23741775028040205	0.27053746317460436	0.8314705797991507	1.3051588869428883	1.0645286222677055	1.371039891423706	1.0163577941946735	1.323275102414584	1.1420451947326082	0.9663019481914856	1.4113353331680851
TL1a_FP_73	0.6958294913716944	2.129314649940193	2.4807799352095383	1.8853098553450762	5.164600226666553	0.5150002439660266	0.5756705456181219	0.5627061647631548	0.6403333153427896	1.3386240278333188	2.1310839231086716	0.8327694621031031	0.20120974750409384	1.6628659207886416	0.5037472680624432	2.1686407670486014	0.2992872418626698	0.6871618812826293	0.0	0.40785685595910737	0.17389820370022283	0.3371465791469395	2.415496279337219	2.055824192566391	3.620834854498314	2.0177036084197377	0.5095495920831536	2.533961679162952	0.1973093290240653	0.5470454721035249	3.0180227961330823	0.9356840010845537	0.3448425258559647	0.3907938886415969	1.1175862577497089	1.6637848982757415	0.4992146167721533	0.36136701846092006	0.3636046651695561	0.6049554304785772	0.7743143171295739	0.9751457118411001	1.6669643361370288	1.3904314063410856	1.790920527204793	1.4486011310577205	1.6732671883022145	1.5966670388175794	0.7430222613070386	1.838894965626116
TL1a_DTT_74	0.3813614241718864	2.079240052294963	2.420190519998735	1.9515828138247415	5.390263776401038	0.7683312093988632	0.9385084134072252	0.7684785398362037	0.5052826204849595	1.6185965678124028	1.8965398165632386	1.1277085779901979	0.3282351319661774	1.7152173041396725	0.7717811674968439	2.1557404356777354	0.18094645743673277	0.8620998714333562	0.40785685595910737	0.0	0.2343401663389592	0.09106546697291282	2.4574925886048447	1.9760529718732462	3.419432579162929	1.995746971069898	0.41637814685565594	2.523699185748498	0.4099448215295595	0.7376120936660434	2.9101031033713665	1.1946187709016676	0.2559652954942822	0.5535892018940092	0.9530223746002624	1.6732068798968025	0.5449489588196162	0.09540778108128903	0.5975301693807278	0.8643315470966513	0.8405324251089301	1.328202518254416	1.9906840647617683	1.6972815934190757	2.108886442876923	1.7604938434686082	2.0163390688950535	1.9045120600369605	1.0871383431274744	2.1611285461362852
TL1a_FP_139	0.543681894826745	2.098150790582267	2.4461387177678713	1.9053991239154884	5.262975754660055	0.608954457026075	0.7283530792659056	0.6332917902278586	0.5460829724775624	1.4564768048828727	2.018953479181456	0.9536716861397434	0.17175186258693353	1.6748620171515507	0.6054144183271456	2.154410570708756	0.16062788062246341	0.7452562669465759	0.17389820370022283	0.2343401663389592	0.0	0.1695551262303514	2.426432759710761	2.0117946473089727	3.526500398681851	1.998660914226812	0.43135959594543277	2.5225202235090234	0.23707859248383067	0.6087367206858697	2.963752773991848	1.0399716186392558	0.2295406952667688	0.42643701060452693	1.025568713919342	1.6565267456420403	0.4788239118845275	0.1946123201576952	0.4382871576385638	0.7041510427631564	0.7822290435841586	1.1253907871430784	1.8059326560402136	1.521093812374271	1.927443449828981	1.5813621127710011	1.8206837862275271	1.7280250167888167	0.8860017308612723	1.977295779722659
TL1a_DTT_141	0.42361323016861435	2.125282320662217	2.470216613768644	1.9646966327339959	5.354905164076626	0.703508894775352	0.8610379935519517	0.7139790685179067	0.49743421945503535	1.5535449861229018	1.935180126053305	1.0632962231696654	0.23928171950826088	1.7330850246596856	0.7004279349379713	2.191524329500238	0.16144266099362023	0.8247929813313646	0.3371465791469395	0.09106546697291282	0.1695551262303514	0.0	2.480776587570735	2.027284805882743	3.4996587664300596	2.033724058219072	0.42636962712777676	2.55859529480182	0.3462217773876648	0.6894682671520461	2.9724306740466697	1.1395417816806628	0.27371557601268665	0.5157635523227174	0.9673875888597082	1.7020080927631442	0.5517421678598926	0.0660699634601937	0.5437551757438412	0.8053867431020758	0.8315621796456519	1.2472568878474002	1.915915149025142	1.6207019462551202	2.038513928517923	1.6926164826656978	1.9426622037524888	1.8379053330169213	0.9972378805940642	2.091983948142366
TL1a_DTT_241	2.766060827536629	0.7455225391317702	0.8420188359254078	0.5837185387177224	3.8324829229847435	2.2203738590682276	2.3747871235820437	2.128769822260715	2.9024693913135575	2.2498389856254297	4.0356168918685205	2.1543500215771565	2.5620198826216756	0.7557417275271251	2.2999382208204286	0.44965547116805893	2.323796320502567	1.918822823570373	2.415496279337219	2.4574925886048447	2.426432759710761	2.480776587570735	0.0	0.8953391938725604	2.87966904424525	0.6000107267870896	2.0809747365626756	0.3474096023197016	2.300238441286924	2.075861248329608	1.511764061648312	2.0093070058319435	2.3334301025155444	2.086617484223528	3.2783106013558934	0.7936804328301481	1.950858955102105	2.524185017288076	2.1584792844611482	2.1220534834935476	1.747491100643699	2.5267640047023683	2.6068802405123175	2.578404494349456	2.5131653813425583	2.31017629123383	2.5518921974947126	2.3233641384034867	2.8054167018149747	2.48487075168638
TL1a_DTT_243	2.2025097430103444	0.17634719620547626	0.45799495586550937	0.9212219615452144	4.692865019894397	2.030637561120044	2.2314938370751567	1.9370865931311756	2.385456027869874	2.3917338211197237	3.3003422430334473	2.11494881075497	2.1731538154887167	0.7983972160682803	2.1082314387404604	0.4489760330004661	1.8925807051110652	1.7541553938947148	2.055824192566391	1.9760529718732462	2.0117946473089727	2.027284805882743	0.8953391938725604	0.0	2.181567470862325	0.340312217859904	1.675712217260416	0.7309821388194527	1.963886660503118	1.8676988261737242	1.0666775889516145	2.007097006684612	1.858517521677322	1.790339442325536	2.680390875932037	0.6000001732652366	1.5586845220104366	2.055429804921411	1.893542825445158	1.9737881755165072	1.5101883872434108	2.5099936226819497	2.819308506684218	2.691320032982128	2.7874808454996516	2.4970827566565985	2.7821720897344973	2.5616175303892246	2.638518003277967	2.7832861624543317
TL1a_DTT_205	3.411746216700044	2.2479049141448124	2.0399311976748	3.087355304743453	6.6517225810987215	3.8439390388706656	4.017003150274823	3.7747194148635437	3.602731914230175	4.4282496159474	3.617423574817008	4.037966710032506	3.69205699311162	2.9480371905518186	3.9044932206937397	2.5386829484430065	3.435181416256677	3.6510504272493054	3.620834854498314	3.419432579162929	3.526500398681851	3.4996587664300596	2.87966904424525	2.181567470862325	0.0	2.4910701652531135	3.3422107884121743	2.5993635069461125	3.611647620605741	3.700988229766659	1.4354462013441647	3.982014287559911	3.3045886007592626	3.5345196165986694	3.605550523745711	2.7401990126809097	3.2310978698416544	3.4890864992063695	3.644398459403586	3.832756144983519	3.4072213967255585	4.379144830621966	4.848245764044998	4.679340673262043	4.850831517086495	4.531574366241313	4.799263542579724	4.621545506483783	4.333836449076869	4.851053235959808
TL1a_DTT_206	2.2673273184473843	0.24579951401645705	0.5732507160552289	0.599235612376595	4.3651547554471195	1.9198432039363258	2.105438864223557	1.8256279202812224	2.4275756898300043	2.1719358990734436	3.4697947420726583	1.9485907797887088	2.150472735196096	0.5267211271872541	1.9997171096471795	0.17323278857156246	1.8857973687436524	1.6272750836810255	2.0177036084197377	1.995746971069898	1.998660914226812	2.033724058219072	0.6000107267870896	0.340312217859904	2.4910701652531135	0.0	1.6533122434184324	0.5469278718198546	1.913717913244419	1.7611943525509195	1.2823382654577413	1.8259670481988428	1.8724819969316229	1.7187094347894412	2.7676436913096087	0.3844445507052729	1.5250162519490278	2.0696608663091896	1.8105359572223605	1.8451645730362531	1.4067930953916474	2.34204023110938	2.5830557232090645	2.4839292276553695	2.533802472159791	2.264314797847234	2.540046287441981	2.31529079802294	2.527734308141171	2.52299107425388
TL1a_DTT_62	0.7829632772307884	1.7662825903030097	2.122311228951174	1.5576161795476218	5.012123653507993	0.5791282801798491	0.8398923669640431	0.5206178558263457	0.9126969595939446	1.3678947737956253	2.281881516770569	0.8992259385295519	0.5512990008865106	1.3348101135051083	0.624332175764214	1.8041080178487352	0.2858939346968695	0.5287770572569069	0.5095495920831536	0.41637814685565594	0.43135959594543277	0.42636962712777676	2.0809747365626756	1.675712217260416	3.3422107884121743	1.6533122434184324	0.0	2.1633492138001333	0.36364615582692217	0.4638694569912215	2.672782021637869	0.9117954892029612	0.43491654585754314	0.2979545039456752	1.3622698854818218	1.3120332293519144	0.2900881744322797	0.4820697733394742	0.40132875011334107	0.6293890497902063	0.43627914182909455	1.2124349758898025	1.792252966676125	1.5199711040887147	1.8792587901386106	1.5238970225250716	1.8158050928407716	1.656824533713673	1.1333899244366228	1.9246735203241672
TL1a_DTT_242	2.804379354052417	0.590795385920912	0.5794289452782618	0.8089091724812898	4.093916171119272	2.382770849438027	2.562868746427853	2.285802984554083	2.9669490454011807	2.5000981758826986	4.002950948438968	2.3626449041187607	2.668173230207714	0.9144124302608414	2.463493804368634	0.3771897609773498	2.408282372123081	2.0793622151016735	2.533961679162952	2.523699185748498	2.5225202235090234	2.55859529480182	0.3474096023197016	0.7309821388194527	2.5993635069461125	0.5469278718198546	2.1633492138001333	0.0	2.4197884060652988	2.2272917956835787	1.2165245926187525	2.2216821475644957	2.4082987401978917	2.2141655426358504	3.313361514151432	0.8702869977377643	2.0474084405794337	2.5979839698770317	2.2988698334956443	2.2963622112906257	1.8757392500288497	2.7523520515787747	2.883960484502887	2.828833483458059	2.801935869934439	2.578489034806447	2.8377688312448646	2.602168651129323	2.9925375098395035	2.779930811522559
TL1a_DTT_73	0.7636633402225266	2.0377603313125032	2.396053860653742	1.7573099348299466	5.034271975998095	0.3758298618661804	0.542674561990371	0.39710271078956433	0.76980280233071	1.2258204280869418	2.253839837979917	0.7245280362093123	0.28154735972186845	1.5445307329623674	0.3828045350656743	2.060368465076864	0.25182519553826466	0.520920294936405	0.1973093290240653	0.4099448215295595	0.23707859248383067	0.3462217773876648	2.300238441286924	1.963886660503118	3.611647620605741	1.913717913244419	0.36364615582692217	2.4197884060652988	0.0	0.3755125610002559	2.9557533745225095	0.8049145734550259	0.4016443894677723	0.22387647583306575	1.2557132859136635	1.5531325062899388	0.41930753177736113	0.39897888762830225	0.20696863920200118	0.46885261782837273	0.6052418732349162	0.9371730123567198	1.5920129794026496	1.3095495137907724	1.7064579308216363	1.3571340510029415	1.6104161781156243	1.5021200287955938	0.7834589125835999	1.7562499074070963
TL1a_DTT_63	1.1122395639390708	1.9216976340430674	2.2889342690759475	1.5064510326974425	4.670698849397386	0.17129369440847858	0.46930844066635186	0.07412826008975577	1.1422597873175184	0.910486819818224	2.6203520538381975	0.43757339448074534	0.6391685177724273	1.33088040213726	0.24880430677763862	1.8893340184945366	0.568819835973373	0.16913915843418179	0.5470454721035249	0.7376120936660434	0.6087367206858697	0.6894682671520461	2.075861248329608	1.8676988261737242	3.700988229766659	1.7611943525509195	0.4638694569912215	2.2272917956835787	0.3755125610002559	0.0	2.9060366970339118	0.4630539535300691	0.7275738938079988	0.22428423789008597	1.6294860636620876	1.3831052162388497	0.5116688081966343	0.7509045631557114	0.18734693165994837	0.17319859120163889	0.37248545147727696	0.782447369914263	1.328567552978053	1.0621295914928266	1.4173681002726306	1.062511869192224	1.3542486405838554	1.1981125081894783	0.8398283465675628	1.4646016542595393
TL1a_DTT_207	3.0627800342105043	1.050008484927124	0.7212742527868354	1.8533546960530876	5.221655042660884	3.0643797567807955	3.2443842096219826	2.9775105905772405	3.2498932863440406	3.4341901896141755	3.8552977465498195	3.1556174597636923	3.1332415712277393	1.7999298971586144	3.139360196500507	1.2613329532892699	2.8542358254991207	2.801671866950697	3.0180227961330823	2.9101031033713665	2.963752773991848	2.9724306740466697	1.511764061648312	1.0666775889516145	1.4354462013441647	1.2823382654577413	2.672782021637869	1.2165245926187525	2.9557533745225095	2.9060366970339118	0.0	3.054828359244897	2.7771964225757424	2.8042355991056422	3.4463862771213836	1.6303710273492638	2.539247310002156	2.987814935459408	2.909271575007408	3.012168224381244	2.559678926682327	3.5334465053490938	3.841235178435546	3.7328545397103072	3.79744224811374	3.5222199213211702	3.7861723844272555	3.579680725570347	3.638045519164037	3.7833350305746873
TL1a_DTT_75	1.562850061651338	2.0241459244907487	2.386278887329688	1.4313974911756633	4.252461273443823	0.4521653790616974	0.5248018503977454	0.4325147224021987	1.5583391216764833	0.47737546799069075	3.0566338169145864	0.17545976127899268	1.04426005304761	1.3250980436650945	0.49194918021180484	1.923186153409348	1.0244906103073128	0.3944672708171781	0.9356840010845537	1.1946187709016676	1.0399716186392558	1.1395417816806628	2.0093070058319435	2.007097006684612	3.982014287559911	1.8259670481988428	0.9117954892029612	2.2216821475644957	0.8049145734550259	0.4630539535300691	3.054828359244897	0.0	1.1615105795611087	0.6648070988179207	2.045442393604522	1.4450940782716073	0.900429877388431	1.1983066244791067	0.6067059033392791	0.3376473268040471	0.6312663999382702	0.5754145445961955	0.9173407840271834	0.7042130335253568	0.9766346011034488	0.6223051724541292	0.9361704892516426	0.7481009822603406	0.9000471167420846	1.017421219703128
TL1a_DTT_97	0.5124079775974396	1.951057281080461	2.288540317327578	1.8419436979756025	5.325575182770622	0.7673685116330364	0.89364771975524	0.7703610339557816	0.5707411713896536	1.6056901764431937	1.9436196774643903	1.095640541044585	0.39206059765506357	1.5947615052955528	0.7812669277570207	2.0346489092767945	0.22670699034910713	0.8305714232477652	0.3448425258559647	0.2559652954942822	0.2295406952667688	0.27371557601268665	2.3334301025155444	1.858517521677322	3.3045886007592626	1.8724819969316229	0.43491654585754314	2.4082987401978917	0.4016443894677723	0.7275738938079988	2.7771964225757424	1.1615105795611087	0.0	0.5103183768790135	0.9969143171738508	1.5507951926277088	0.40590221049781006	0.26947575616088104	0.5625471076308198	0.8399271947099515	0.801523697660729	1.3001188360110203	1.9695776309817032	1.6985419483035142	2.0780935289650766	1.7266267907537511	1.9714436188924873	1.8701798937961152	1.0861200056458975	2.121395544770607
TL1a_FP_169	0.9301112552872985	1.8560794595830747	2.218899578928105	1.5377291933279236	4.846480542136854	0.31899062264698397	0.5543623427123829	0.28121072510631095	0.9720740200374508	1.121579407406486	2.4286904426699087	0.626917108938817	0.5040648641059319	1.3313175194504172	0.37164211314988294	1.8600191999020534	0.37476615462786717	0.3246555352660329	0.3907938886415969	0.5535892018940092	0.42643701060452693	0.5157635523227174	2.086617484223528	1.790339442325536	3.5345196165986694	1.7187094347894412	0.2979545039456752	2.2141655426358504	0.22387647583306575	0.22428423789008597	2.8042355991056422	0.6648070988179207	0.5103183768790135	0.0	1.4501772424577009	1.3509506364788466	0.3122630781368452	0.5733770378845524	0.1177758228929377	0.35869939668415624	0.38813035955611996	0.9289397501686827	1.5243310946173387	1.2599738203359463	1.6162192504367587	1.2599965261591266	1.5373540726389847	1.3979354034849032	0.8935397691218165	1.6600345831478385
TL1a_FP_61	0.6118324726733168	2.796002250610568	3.0933382532519165	2.8205469628528936	6.2810216911146854	1.6026510266600722	1.6323000592754522	1.6450638511591371	0.4904229500890993	2.4183797394772113	1.0356828984020146	1.9332892282221665	1.0075126865893742	2.5632451631220414	1.575356073995052	2.9381718205918057	1.1021228984780107	1.7704951624736462	1.1175862577497089	0.9530223746002624	1.025568713919342	0.9673875888597082	3.2783106013558934	2.680390875932037	3.605550523745711	2.7676436913096087	1.3622698854818218	3.313361514151432	1.2557132859136635	1.6294860636620876	3.4463862771213836	2.045442393604522	0.9969143171738508	1.4501772424577009	0.0	2.4897206061055206	1.4019535377580046	0.9022235388623545	1.4596300216372056	1.7099486338708643	1.7772692046599066	1.9772533780225077	2.694953275159477	2.4042016123846017	2.8460797149108887	2.524019992459665	2.7088068670967176	2.6744104802979876	1.5581656248695528	2.9006017805588953
TL1a_FP_241	1.9733107334589313	0.5838488012914372	0.9426891426351022	0.44581123912826953	4.321561317568	1.5396010126779198	1.723852624843838	1.4464091769476821	2.116515004618891	1.8061519596589573	3.263911034657559	1.5650017262116744	1.8010931198917113	0.21929870653666192	1.6196058651322596	0.510963492011177	1.5481945620219237	1.2463036484230698	1.6637848982757415	1.6732068798968025	1.6565267456420403	1.7020080927631442	0.7936804328301481	0.6000001732652366	2.7401990126809097	0.3844445507052729	1.3120332293519144	0.8702869977377643	1.5531325062899388	1.3831052162388497	1.6303710273492638	1.4450940782716073	1.5507951926277088	1.3509506364788466	2.4897206061055206	0.0	1.179766373971703	1.7424297526387984	1.4379458958309697	1.4621763679880335	1.0350613904622525	1.959911353055262	2.224949175356616	2.111620672704136	2.18860323690419	1.9036992382992264	2.186466829477772	1.9642156835644955	2.147972262393132	2.1834698929793084
TL1a_DTT_140	0.8856655186804058	1.6338117155741134	1.9873489183377298	1.4427420581765333	4.9527859230817715	0.6243768533283931	0.8105858164968317	0.5794879229221217	0.9692320066033988	1.3746672894338137	2.325627948166724	0.8872690934769006	0.6292466218534482	1.2028583040456278	0.6775525233352769	1.6791344843521172	0.3946912264808351	0.5380019930009655	0.4992146167721533	0.5449489588196162	0.4788239118845275	0.5517421678598926	1.950858955102105	1.5586845220104366	3.2310978698416544	1.5250162519490278	0.2900881744322797	2.0474084405794337	0.41930753177736113	0.5116688081966343	2.539247310002156	0.900429877388431	0.40590221049781006	0.3122630781368452	1.4019535377580046	1.179766373971703	0.0	0.5910786868520708	0.41488828423035673	0.6395005485445286	0.44390146754782667	1.1949949239529665	1.7807304773458086	1.5382139840333182	1.8565497717080397	1.500182258641447	1.7740306128346703	1.6320216733911512	1.143450553551884	1.8906068967702054
TL1a_DTT_99	0.3651602163359371	2.155316384441148	2.4969341344568923	2.0135621177688745	5.416062702274094	0.7606672524576866	0.9030161844587252	0.7750906435357017	0.43504063787794617	1.6105690385260065	1.8715208469056392	1.118290116244705	0.25552319391012096	1.7784007377953424	0.7549861966368087	2.2292181595557863	0.2134028838785488	0.8862007323746559	0.36136701846092006	0.09540778108128903	0.1946123201576952	0.0660699634601937	2.524185017288076	2.055429804921411	3.4890864992063695	2.0696608663091896	0.4820697733394742	2.5979839698770317	0.39897888762830225	0.7509045631557114	2.987814935459408	1.1983066244791067	0.26947575616088104	0.5733770378845524	0.9022235388623545	1.7424297526387984	0.5910786868520708	0.0	0.5999055697832713	0.8629201840378166	0.8909460321256966	1.2897020141200555	1.9662359528728297	1.6712779515096667	2.091128199291031	1.7462781786580672	1.9910421222045325	1.8923366756736666	1.0207391374964438	2.144438968130756
TL1a_DTT_98	0.9642365111094301	1.9539019292807323	2.317437898104672	1.6025503487561894	4.827638662449601	0.21971419753752425	0.4406149053297085	0.21892443840858167	0.9748968497372228	1.0464473660613423	2.456975705160118	0.5432856776092815	0.4788871632096394	1.4054161471672468	0.2633730962887202	1.948306854958976	0.42439850312404764	0.32556797436484086	0.3636046651695561	0.5975301693807278	0.4382871576385638	0.5437551757438412	2.1584792844611482	1.893542825445158	3.644398459403586	1.8105359572223605	0.40132875011334107	2.2988698334956443	0.20696863920200118	0.18734693165994837	2.909271575007408	0.6067059033392791	0.5625471076308198	0.1177758228929377	1.4596300216372056	1.4379458958309697	0.41488828423035673	0.5999055697832713	0.0	0.27848956345707654	0.46362769905694934	0.8184617212739185	1.4328514128747718	1.1632864412459203	1.533740966611537	1.1796987347886048	1.447507173009568	1.321385530129683	0.779211799756887	1.5800344094895138
TL1a_FP_97	1.2277479819831212	2.0155210211758234	2.382068928499591	1.548117997651971	4.584583494349644	0.12811386792556587	0.3374447545672162	0.13280904752616746	1.2221019023194086	0.7683511725756051	2.7193904023270035	0.27262606811718715	0.7086129069377958	1.3886222244939868	0.19137357922578468	1.96614195573268	0.6967871817280212	0.23741775028040205	0.6049554304785772	0.8643315470966513	0.7041510427631564	0.8053867431020758	2.1220534834935476	1.9737881755165072	3.832756144983519	1.8451645730362531	0.6293890497902063	2.2963622112906257	0.46885261782837273	0.17319859120163889	3.012168224381244	0.3376473268040471	0.8399271947099515	0.35869939668415624	1.7099486338708643	1.4621763679880335	0.6395005485445286	0.8629201840378166	0.27848956345707654	0.0	0.49903324918586306	0.615447712388663	1.1674211520310864	0.9049628993254273	1.2617564687131704	0.9071084975859021	1.1883164579720245	1.047142953850244	0.7338069261671684	1.3091477269074192
TL1a_DTT_170	1.2151437240464684	1.5675315202137727	1.9353749216364569	1.1895506676789767	4.581525746526397	0.5426103615919977	0.8099172415053528	0.4367546974355763	1.3149306652941066	1.0910361528943133	2.7089476492906153	0.696886949758783	0.8770675477563226	1.000667544194944	0.6212228264971131	1.5362778587537784	0.6802768377888917	0.27053746317460436	0.7743143171295739	0.8405324251089301	0.7822290435841586	0.8315621796456519	1.747491100643699	1.5101883872434108	3.4072213967255585	1.4067930953916474	0.43627914182909455	1.8757392500288497	0.6052418732349162	0.37248545147727696	2.559678926682327	0.6312663999382702	0.801523697660729	0.38813035955611996	1.7772692046599066	1.0350613904622525	0.44390146754782667	0.8909460321256966	0.46362769905694934	0.49903324918586306	0.0	1.1002198704670303	1.5477244927024094	1.3200621905984895	1.5956975881303934	1.2467230072027768	1.5617989786235857	1.36117291795292	1.2048561387612484	1.6300920460461206
