""
"BioGeo.Vil1.14B.FP166_merged_R1_001.fastq_profiled_metagenome 0 3.25317042297577 1.52933011208374 1.06801241230839 0.665557788683313 3.22576363147642 1.0910870511788 3.19030013099965 1.1189403157034 3.14670932088671 1.85923602643816 3.14002673508878 3.36619421974197 1.99321390790025 3.08325513075714 1.68959544790351 3.21761418644266 2.13733473544283 2.9887020865618 1.37192131304049 2.73805581434901 1.61573307252135 3.41435886857997 1.87180491310549 0.226958601260154 3.06226855734771 1.20016192991949 1.75535011458641 1.93825702114188 3.03458051822601 1.65259519233805 3.27860103400983 2.16967133220596 3.15936568088352 1.94787803364486 3.02107955586204 1.30757278144772 2.99492072923917 1.5971619864229 3.1902611488653 2.78556934327335 1.45787056097087 2.91640281838451 1.69493847050144 2.87633809543547 1.57725916438914 3.08003097564398 1.30799646221151 2.76036041721351 2.78746161313464 2.58730348449515 1.07715388810359 2.76464041840339 1.9446154873988 2.80282402463395" 
"BioGeo.Vil1.14B.FP164_merged_R1_001.fastq_profiled_metagenome 3.25317042297577 0 1.92077148384408 2.19163038335778 3.196003487502 2.35136014605351 2.2545932035431 1.46032025780003 2.54014286838228 0.241510077660283 2.23285897136153 0.474154184529554 0.19169294065868 1.61324360973734 0.951200034133726 2.15769461386444 0.302071059702977 1.3268038206084 0.479515216828245 2.39549335551289 0.956308372039482 2.35898522070023 0.468581028553894 3.19698494168327 3.08918964477408 3.23207412244715 2.31833209177851 2.83353347541829 3.35643507399384 3.60255841094662 3.59740518955449 3.33341129737307 2.56505362528998 0.339568034157643 2.42841146344423 0.334988013541294 2.80872120966925 0.379125754601843 1.83493419081364 0.401406442522649 0.906295429267562 1.8686328218515 0.529169431936699 1.87674430495858 0.641320595082983 1.67672870242339 0.27662786546195 1.95892878508473 0.540707399487056 0.594436744314647 1.16928775823154 2.53870622853461 0.662756001419896 1.63033431284958 0.526680472260613" 
"BioGeo.Vil1.13B.FP154.REP1_S47_R1_001.fastq_profiled_metagenome 1.52933011208374 1.92077148384408 0 0.750801169945606 1.73301789440712 1.95460904546599 0.983720112294398 1.70856029731236 1.38292785933299 1.82398802106004 1.80231426962437 1.70466393900765 2.03107379067001 1.38885795291125 1.71850831369325 1.58784751162975 1.85080145156461 1.26993091182975 1.62892831287871 1.51257522356367 1.43046508816196 1.69078057046922 2.08740269966555 1.57363531766453 1.44099253175084 2.17308370902174 0.866388802032139 1.26120834349502 1.79348253006869 2.40028227246831 1.89946916328783 2.40147307807308 2.2522034256169 1.81813080837204 2.01080169283607 1.65848329286421 1.8368485473789 1.74356965141796 1.11604580614229 1.95176413802108 1.38352261227374 0.781036502585803 1.58553203161994 1.30679620494484 1.76272344215099 0.615245552446089 1.82561007566295 0.496660430580019 1.45865453155979 1.57630248692286 1.21745557482726 1.39558890418054 1.56310036283391 1.35488788179289 1.55168656405023" 
"BioGeo.Vil1.13B.FP152_merged_R1_001.fastq_profiled_metagenome 1.06801241230839 2.19163038335778 0.750801169945606 0 1.09503197016114 2.62820314158872 0.272946058998485 2.34491702998114 0.70347002217731 2.08564968944908 1.18693063959617 2.11583676247266 2.30400814656574 1.04459828833258 2.12360607248363 0.971146452674775 2.17325908081497 1.12503880797471 1.95517604004487 0.824027493118214 1.76609363036504 1.02211175096421 2.37361697249101 1.92690373532552 0.901885082762196 2.81523762179563 0.68505677520002 1.63091107129068 2.05527540088373 2.94329504745129 2.00902590891419 3.01597970547409 1.63431371405729 2.11472920464258 1.37322359730567 1.97445273905185 1.09412360910313 1.92855514137022 0.628956166945199 2.13537268085004 1.81463116973837 0.497366388054394 1.88184698302047 0.791547689317011 1.81391936207789 0.521109743377604 2.01454243558981 0.334464269715205 1.70908496304567 1.73440785661411 1.66543991114996 0.681196255519661 1.71988983236099 0.987570137618387 1.73835262807151" 
"BioGeo.Vil1.10B.FP118.REP1_S45_R1_001.fastq_profiled_metagenome 0.665557788683313 3.196003487502 1.73301789440712 1.09503197016114 0 3.6137179775634 0.951365554256928 3.41696044565437 0.709645080108902 3.06392758353023 1.49425141818179 3.1769774069271 3.2872691411485 1.85375323746866 3.21274661449732 1.40205767850966 3.21923087033655 2.06884343305933 3.01632376016407 1.16339605433778 2.84896637336886 1.20976206370618 3.41458400722982 2.47150547732588 0.59636121538261 3.57945540462811 1.50225814477656 2.30299797433051 2.55569407720095 3.6143165037407 2.302942293225 3.80836936220312 1.64538925468482 3.15947449427089 1.48959116386349 3.01932610258426 0.825639906458731 2.88539832522942 1.41833796337316 3.13679529852961 2.90708906630706 1.52563669594165 2.9403862267459 1.45091122948372 2.72778159982246 1.59260150214136 3.00217258132176 1.42118156032907 2.74986201641329 2.74807004128314 2.75884870734284 0.959271673063218 2.74081194995468 1.78334009812658 2.7012577063996" 
"BioGeo.Vil1.10B.FP116.REP1_S44_R1_001.fastq_profiled_metagenome 3.22576363147642 2.35136014605351 1.95460904546599 2.62820314158872 3.6137179775634 0 2.88097831283389 0.929088884018495 3.31107479655874 2.41314612683505 3.48556048488192 1.88133895137035 2.46616655694078 2.8092077287084 1.58544053135836 3.26394752286508 2.10048492566451 2.5203931718187 1.96295419546909 3.20854792561964 1.70779130622515 3.47904779562089 2.21855728506114 1.83616557086165 3.1758143430499 1.08400218126464 2.29285939873043 1.6719347987693 2.00188317691753 1.48755351037989 2.44837165970285 1.06460659218046 4.01484591852969 2.11671559066025 3.75247031621424 2.06855666842783 3.68520006506673 2.50718737377181 2.83654842292683 2.41357621620046 1.56066168023411 2.38729110168408 1.99338894455035 3.00749042628664 2.69184878212104 2.33072620161564 2.43362937741549 2.30895717760433 2.11011910989885 2.28208554966326 1.43391889610501 3.12343918303192 2.24255835053125 2.83859567157475 2.43300686811813" 
"BioGeo.Vil1.09B.FP106_merged_R1_001.fastq_profiled_metagenome 1.0910870511788 2.2545932035431 0.983720112294398 0.272946058998485 0.951365554256928 2.88097831283389 0 2.54916430312977 0.44325250217507 2.13486487100051 0.990289692419883 2.23283795347995 2.35549989926068 1.0129723542104 2.28284081513015 0.804675018362654 2.26853996542184 1.16037586598121 2.06552644127037 0.68932480174228 1.91932143872705 0.7871497632413 2.46470739647596 2.18300419482793 0.910521420349295 3.08220435810325 0.912311317125059 1.89630493887915 2.3045731605065 3.2129932221686 2.22833881907042 3.28752907203456 1.38570773137084 2.20836043602484 1.14021447486707 2.06933917286317 0.857101402030174 1.95980386765245 0.536684380946085 2.19533793232591 1.97690099398735 0.654843974440065 1.98965196443235 0.652116901447946 1.81560649187442 0.656426198039519 2.06296535064831 0.575538217550185 1.7987760797514 1.80287886912375 1.85374409050029 0.588503844391759 1.79653888177154 0.938418894761556 1.77411628362104" 
"BioGeo.Vil1.09B.FP104_merged_R1_001.fastq_profiled_metagenome 3.19030013099965 1.46032025780003 1.70856029731236 2.34491702998114 3.41696044565437 0.929088884018495 2.54916430312977 0 2.95596382529773 1.52737302427849 2.99094524932314 0.986810681135924 1.55784893442779 2.28518476831507 0.862758661697688 2.8079478573067 1.22646562049887 1.95921699167453 1.13713571120484 2.85881151988299 1.05710779609331 3.02449433763071 1.3690778675499 2.31642923897255 3.09403905435211 1.9004015535309 2.18657386665887 2.0347226234633 2.50572234347009 2.32914687474976 2.88071113062215 1.96813941950299 3.46652830783186 1.26448353621336 3.24250462273476 1.21504318520841 3.33187282473769 1.65515385864777 2.36885976843832 1.58470929951929 0.833913850338784 2.05353479603998 1.19572145925546 2.51276171347551 1.88741745748023 1.91480280420521 1.58577006105519 2.01673639941178 1.32809222013146 1.51975612806451 0.867819120114624 2.85211218298184 1.50193209601401 2.31039964258187 1.61446758597859" 
"BioGeo.Vil1.08B.FP94.REP1_S42_R1_001.fastq_profiled_metagenome 1.1189403157034 2.54014286838228 1.38292785933299 0.70347002217731 0.709645080108902 3.31107479655874 0.44325250217507 2.95596382529773 0 2.40036009281262 0.934383034550723 2.57375997967102 2.62161492450753 1.25418211962054 2.67411906554892 0.845476895962491 2.59322599961948 1.46778934208287 2.41042150557659 0.767149584628091 2.3107088489374 0.647025190622515 2.7871533849157 2.53717325465998 0.954916160040062 3.47737039395993 1.31091539382838 2.28043353233289 2.65462853511511 3.60117558974725 2.52092630731524 3.69842043277506 1.14196668375719 2.53451668533269 0.962989637196653 2.39530697734258 0.576554144549475 2.21168084046923 0.783490562942365 2.4888095194868 2.36951063120476 1.0758481001117 2.33515602015328 0.797477163243571 2.04352499893053 1.06253325027993 2.3405913770831 1.01544384981605 2.12803442583116 2.11473890246926 2.2685967110482 0.708086010199499 2.11874564583362 1.1663243407772 2.03439484350661" 
"BioGeo.Vil1.08B.FP92.REP1_S41_R1_001.fastq_profiled_metagenome 3.14670932088671 0.241510077660283 1.82398802106004 2.08564968944908 3.06392758353023 2.41314612683505 2.13486487100051 1.52737302427849 2.40036009281262 0 2.14201428951003 0.567828732955533 0.229857658282297 1.56639586750333 1.10510439766797 2.07440325773151 0.496423192185905 1.29869347650514 0.604296324686454 2.32079510198112 1.05938216584896 2.2479149663778 0.7062717220317 3.17600537430165 2.98742311783283 3.24221274801811 2.27789167510376 2.81738205836263 3.35275535613343 3.62288941400667 3.57423360628347 3.37208184980891 2.44132426105405 0.529368977525089 2.32022002887442 0.438039141077049 2.69563755996276 0.23617918137652 1.73160330611602 0.576119433674424 0.987698394383718 1.80735789006478 0.642373499306323 1.77298313009635 0.575864435862028 1.58131360670123 0.349166144708682 1.8699138003205 0.569040902792998 0.648380806187252 1.23168652396302 2.46003760569239 0.731965619009405 1.56780706036291 0.368929220533389" 
"BioGeo.Vil1.07B.FP83_merged_R1_001.fastq_profiled_metagenome 1.85923602643816 2.23285897136153 1.80231426962437 1.18693063959617 1.49425141818179 3.48556048488192 0.990289692419883 2.99094524932314 0.934383034550723 2.14201428951003 0 2.39218999530627 2.32458855667765 0.757456066801212 2.45622661625911 0.254110134458893 2.30581157860089 1.08592638298668 2.15560807071734 0.585563286167222 2.09567779456933 0.301930422011226 2.4192744731237 3.01927966536685 1.64387802663837 3.88418854174509 1.56448998385557 2.69486195629237 3.07622395030956 4.01095279841177 3.00941038397224 4.03392661237488 0.623965592659887 2.22584743598365 0.305066050523157 2.14341010485549 0.741883810114053 1.91291069366472 0.698057084957217 2.06909345302656 2.23370277223156 1.15801566017867 2.06367742025754 0.520659454381765 1.62905322042729 1.22589446111918 1.97754516480212 1.34795284035222 1.86904635937494 1.75777153147883 2.18778691365168 0.870116695847111 1.75687577650627 0.699637444197711 1.79164905928119" 
"BioGeo.Vil1.07B.FP79_merged_R1_001.fastq_profiled_metagenome 3.14002673508878 0.474154184529554 1.70466393900765 2.11583676247266 3.1769774069271 1.88133895137035 2.23283795347995 0.986810681135924 2.57375997967102 0.567828732955533 2.39218999530627 0 0.589529293237299 1.71145372823869 0.621293090929882 2.27083342883275 0.291020535202536 1.38641923141749 0.319073544321494 2.44385585164485 0.706651680718897 2.48397985936023 0.547543298060605 2.84566788525179 2.99449930308338 2.77875804505376 2.15343369107797 2.49549423506198 3.01629835054673 3.16371074670793 3.29647283733221 2.87486122650929 2.79023609467176 0.359852794483207 2.6153139586594 0.285566677660685 2.89051769181572 0.710634218079879 1.88583672212481 0.674610903032449 0.548871649264813 1.78665580573093 0.420795756954214 1.971899231393 0.972660365279576 1.59924758606239 0.626855497404866 1.8362577260448 0.534752001531709 0.710044699660004 0.825265011794378 2.53587820414569 0.737903543891581 1.73250570973629 0.738168781790479" 
"BioGeo.Vil1.06B.FP67_merged_R1_001.fastq_profiled_metagenome 3.36619421974197 0.19169294065868 2.03107379067001 2.30400814656574 3.2872691411485 2.46616655694078 2.35549989926068 1.55784893442779 2.62161492450753 0.229857658282297 2.32458855667765 0.589529293237299 0 1.74144444656784 1.1183539893249 2.26348829725868 0.467854809177207 1.47001521698605 0.659965164065853 2.51567514863917 1.1401140523213 2.44608908838965 0.607280203053692 3.33854532223611 3.20510110445958 3.34433112416893 2.46859076076466 2.97991443146784 3.50973887889385 3.73325783653571 3.74828410587036 3.45702633830869 2.61789213946556 0.523019717874314 2.50262457118209 0.508089940584411 2.9012521136572 0.420211873975996 1.94036442212514 0.560621442737049 1.0706407280681 2.00723200695342 0.715512346924749 1.97547748058206 0.712113402798816 1.79542211725568 0.416105665946916 2.08199785366421 0.709068358740734 0.764497025321902 1.33594744550066 2.6627452624863 0.839511840232546 1.75072777819174 0.587402627575974" 
"BioGeo.Vil1.05B.FP59.REP1_S37_R1_001.fastq_profiled_metagenome 1.99321390790025 1.61324360973734 1.38885795291125 1.04459828833258 1.85375323746866 2.8092077287084 1.0129723542104 2.28518476831507 1.25418211962054 1.56639586750333 0.757456066801212 1.71145372823869 1.74144444656784 0 1.70710663896422 0.60757704929184 1.62610389655313 0.338978225082005 1.44998444284162 0.818576690638937 1.34517583648309 0.905764302061702 1.73380482600416 2.63225169388227 1.78095276288401 3.3301503402294 1.22601811014988 2.26682119518354 2.69880211265119 3.49227940787025 2.7453344113556 3.4470392415308 1.31680157634697 1.53854720135118 1.04340989290531 1.46691538237404 1.31397214092455 1.35383691464829 0.509351565921426 1.41540348318729 1.50177308503555 0.721079226571086 1.3516792018959 0.485656144287997 1.09281076043207 0.786045036912012 1.35806483124204 0.999399768053467 1.18149250060836 1.06970134704467 1.4578446491621 1.0251311485731 1.04996792553017 0.106667780046418 1.23087027353402" 
"BioGeo.Vil1.05B.FP55_merged_R1_001.fastq_profiled_metagenome 3.08325513075714 0.951200034133726 1.71850831369325 2.12360607248363 3.21274661449732 1.58544053135836 2.28284081513015 0.862758661697688 2.67411906554892 1.10510439766797 2.45622661625911 0.621293090929882 1.1183539893249 1.70710663896422 0 2.29742022790838 0.654877268184932 1.37147112520274 0.519415700557428 2.40341722224346 0.37768983105416 2.56454691412733 0.69369344976055 2.57236981369566 2.93468346775862 2.53035563428972 1.96387066387659 2.21728904839727 2.68468432109847 2.84030227742688 2.99982321693317 2.55022397797085 2.95110868599138 0.628867738825152 2.72254623019712 0.674790624508849 2.93254892202394 1.16456075508292 1.95380013350944 0.872594612551729 0.353920479213768 1.71096782239144 0.538175414433322 2.05481216330394 1.29001163098426 1.6352474962299 0.978765954994703 1.81499695352197 0.748962569668745 0.845603291196137 0.523360357091918 2.47330407168875 0.800322130202524 1.75868291498928 1.16479616548098" 
"BioGeo.Vil1.04B.FP47_merged_R1_001.fastq_profiled_metagenome 1.68959544790351 2.15769461386444 1.58784751162975 0.971146452674775 1.40205767850966 3.26394752286508 0.804675018362654 2.8079478573067 0.845476895962491 2.07440325773151 0.254110134458893 2.27083342883275 2.26348829725868 0.60757704929184 2.29742022790838 0 2.202349883276 0.932845856031017 2.03150273618991 0.384841343654615 1.9282901776555 0.33852944239946 2.32455766625013 2.77032501339886 1.4698406395853 3.64372153010847 1.31173382037395 2.4438246051733 2.82509243212582 3.76112050971547 2.76750886147117 3.78950831884842 0.859593782316703 2.12092015361381 0.536468423686071 2.03326064134832 0.731271029741898 1.85299870253001 0.51118981886337 1.99191958681155 2.066517266654 0.915311897154869 1.93761733932394 0.371000370877641 1.58735763079195 1.01760347317263 1.90648598249843 1.11924987440819 1.74959591275007 1.65275400113919 1.99713849736563 0.668684047114112 1.64322337969495 0.551556064946231 1.71774229211435" 
"BioGeo.Vil1.04B.FP43.Rep1_S88_R1_001.fastq_profiled_metagenome 3.21761418644266 0.302071059702977 1.85080145156461 2.17325908081497 3.21923087033655 2.10048492566451 2.26853996542184 1.22646562049887 2.59322599961948 0.496423192185905 2.30581157860089 0.291020535202536 0.467854809177207 1.62610389655313 0.654877268184932 2.202349883276 0 1.30991952595115 0.25465499230004 2.40253605158082 0.717363051255549 2.43031130230828 0.291478591852646 3.01541919065818 3.05684387186264 3.01369318944009 2.21226670623472 2.65250246463282 3.16232721585555 3.3720272299528 3.4288587809246 3.09033749631286 2.69703457881699 0.106958069532401 2.52825525769413 0.205948383813142 2.86038759218637 0.603766248990539 1.86774585043099 0.401497731082675 0.66369387210289 1.81277784897087 0.335528997262562 1.92972543848889 0.813102004320867 1.65231715228857 0.422953996842711 1.91056893082047 0.474057770933063 0.561655947778078 0.93831070639552 2.5258880018115 0.593053398512975 1.65657237405451 0.688300504792781" 
"BioGeo.Vil1.03B.FP35.REP1_S38_R1_001.fastq_profiled_metagenome 2.13733473544283 1.3268038206084 1.26993091182975 1.12503880797471 2.06884343305933 2.5203931718187 1.16037586598121 1.95921699167453 1.46778934208287 1.29869347650514 1.08592638298668 1.38641923141749 1.47001521698605 0.338978225082005 1.37147112520274 0.932845856031017 1.30991952595115 0 1.12074692761024 1.10479028089003 1.01085795773685 1.21204238313622 1.42657869955095 2.53048003957232 1.93827998074457 3.10953831808698 1.2302597154943 2.15267762627819 2.61421422578943 3.30461016418412 2.71836856452515 3.21803386859937 1.61561506916182 1.22208180026319 1.36098332869718 1.14923215134317 1.61175088006239 1.10530454541555 0.685765005954221 1.13277500458845 1.16520369308625 0.723212919591622 1.02165757286631 0.730451948964994 0.887029691640623 0.724433276271576 1.08346586798308 0.977978824808776 0.861053137415333 0.76291802847087 1.13640761813143 1.260865004115 0.735237531478761 0.388944470487724 0.981788154964918" 
"BioGeo.Vil1.03B.FP31_merged_R1_001.fastq_profiled_metagenome 2.9887020865618 0.479515216828245 1.62892831287871 1.95517604004487 3.01632376016407 1.96295419546909 2.06552644127037 1.13713571120484 2.41042150557659 0.604296324686454 2.15560807071734 0.319073544321494 0.659965164065853 1.44998444284162 0.519415700557428 2.03150273618991 0.25465499230004 1.12074692761024 0 2.204969619292 0.482289618752194 2.26882374453969 0.460285886949652 2.77739293107711 2.8289133532022 2.83898817869312 1.96369889529514 2.41046667987149 2.91856898308382 3.17543886367925 3.17897777436548 2.91790137365838 2.58464833553708 0.205302232360871 2.39311191282563 0.167253599831571 2.6805054949703 0.645169257639344 1.68210922299431 0.470825473144873 0.444737785473054 1.58166110446714 0.105997210889584 1.75899257089677 0.801984641058367 1.43600140234665 0.481664110458063 1.68213865334169 0.298961280591639 0.432114571949838 0.70401964318207 2.31276910018868 0.439108773800645 1.48324701172405 0.658873799070346" 
"BioGeo.Vil1.02B.FP23_merged_R1_001.fastq_profiled_metagenome 1.37192131304049 2.39549335551289 1.51257522356367 0.824027493118214 1.16339605433778 3.20854792561964 0.68932480174228 2.85881151988299 0.767149584628091 2.32079510198112 0.585563286167222 2.44385585164485 2.51567514863917 0.818576690638937 2.40341722224346 0.384841343654615 2.40253605158082 1.10479028089003 2.204969619292 0 2.02627240560635 0.515341385776174 2.53131498521948 2.51637566172859 1.14626375759056 3.49200780187858 1.07270626183722 2.21204945988546 2.54692812376374 3.55913033075762 2.44931984841137 3.63400664299345 1.1211684215719 2.31997745179012 0.799214723731338 2.22763001712169 0.611020124255611 2.11248959941194 0.641807995497292 2.22661810754941 2.16483638064743 0.832758579345897 2.1097867719292 0.608087597882947 1.87241909861179 1.02773703203747 2.15343035928074 1.01832996327242 1.9373549803128 1.86198726174518 2.04677830097415 0.305947641824647 1.83941439410522 0.782863951901226 1.96236984313266" 
"BioGeo.Vil1.02B.FP19_merged_R1_001.fastq_profiled_metagenome 2.73805581434901 0.956308372039482 1.43046508816196 1.76609363036504 2.84896637336886 1.70779130622515 1.91932143872705 1.05710779609331 2.3107088489374 1.05938216584896 2.09567779456933 0.706651680718897 1.1401140523213 1.34517583648309 0.37768983105416 1.9282901776555 0.717363051255549 1.01085795773685 0.482289618752194 2.02627240560635 0 2.19737426276205 0.816758400970067 2.39419453549822 2.58109774571327 2.5410834912698 1.62477642319743 2.0213653928072 2.50155493270516 2.81604452382581 2.77291220035653 2.58945329113177 2.60739188928944 0.653127166590682 2.36715276303131 0.636990809335445 2.55760519590952 1.04574253339547 1.58610020913976 0.824025189406402 0.264698823264834 1.34102495135324 0.43103669730756 1.69011178135152 1.10001671005976 1.28030270567865 0.888603425470477 1.46636882947601 0.551461591202714 0.629679435191853 0.333769195247101 2.09692461821991 0.565931654917455 1.39626608884102 0.996200032378725" 
"BioGeo.Vil1.01B.FP11_merged_R1_001.fastq_profiled_metagenome 1.61573307252135 2.35898522070023 1.69078057046922 1.02211175096421 1.20976206370618 3.47904779562089 0.7871497632413 3.02449433763071 0.647025190622515 2.2479149663778 0.301930422011226 2.48397985936023 2.44608908838965 0.905764302061702 2.56454691412733 0.33852944239946 2.43031130230828 1.21204238313622 2.26882374453969 0.515341385776174 2.19737426276205 0 2.57192517328696 2.89810761441179 1.40980594897709 3.8027269935014 1.48362466870209 2.59382553234325 2.97049279061865 3.92555254447367 2.87437842180122 3.97585643279707 0.645265023886105 2.35661682156605 0.360541287008238 2.25373902652249 0.495751020871685 2.02733380032454 0.657902716452057 2.23253090204904 2.31170072813622 1.11835153335682 2.18110494611483 0.519516664845495 1.77618260570251 1.16731828794579 2.11837835058943 1.24224647628376 1.97722711939237 1.89630612974351 2.24753911165916 0.727700674680222 1.8980161199017 0.829170052226516 1.8853092460053" 
"BioGeo.Vil1.01B.FP07.Rep1_S107_R1_001.fastq_profiled_metagenome 3.41435886857997 0.468581028553894 2.08740269966555 2.37361697249101 3.41458400722982 2.21855728506114 2.46470739647596 1.3690778675499 2.7871533849157 0.7062717220317 2.4192744731237 0.547543298060605 0.607280203053692 1.73380482600416 0.69369344976055 2.32455766625013 0.291478591852646 1.42657869955095 0.460285886949652 2.53131498521948 0.816758400970067 2.57192517328696 0 3.18788545333919 3.24528581148071 3.17510172266489 2.37029315780732 2.82134044614172 3.31069624176699 3.51488741899426 3.58608588539102 3.2188359789158 2.81604756353828 0.28362442006442 2.64644271637783 0.473365951175559 3.01093446441074 0.791046264127725 2.03633008137136 0.377921255925513 0.826611973114085 1.98053016189421 0.506658616651032 2.08384875727636 0.930501955198231 1.85693446866397 0.546818354044717 2.11385017236952 0.67768752838954 0.681155840486968 1.08645190138864 2.67161650101596 0.692975202541962 1.77768518333582 0.909011467003757" 
"BioGeo.SLCFP131.REP1_S33_R1_001.fastq_profiled_metagenome 1.87180491310549 3.19698494168327 1.57363531766453 1.92690373532552 2.47150547732588 1.83616557086165 2.18300419482793 2.31642923897255 2.53717325465998 3.17600537430165 3.01927966536685 2.84566788525179 3.33854532223611 2.63225169388227 2.57236981369566 2.77032501339886 3.01541919065818 2.53048003957232 2.77739293107711 2.51637566172859 2.39419453549822 2.89810761441179 3.18788545333919 0 1.91408554022725 1.34004612430687 1.47343490903262 0.386769178108551 0.363202703378934 1.17517852878795 0.664556740514727 1.48442948455942 3.53715980633784 2.98165765848063 3.24752511490919 2.87434958587222 2.84654015572974 3.13666159780391 2.45167347802165 3.16699563530174 2.36895561277795 1.93796173359461 2.74150002571663 2.63290763593852 3.16515469652278 2.03285296139599 3.13108825007656 1.77831162732788 2.7202725755202 2.83264844065725 2.10196209527927 2.28024295313891 2.78295874645465 2.63719710131533 2.97228906597535" 
"BioGeo.SLCFP095_merged_R1_001.fastq_profiled_metagenome 0.226958601260154 3.08918964477408 1.44099253175084 0.901885082762196 0.59636121538261 3.1758143430499 0.910521420349295 3.09403905435211 0.954916160040062 2.98742311783283 1.64387802663837 2.99449930308338 3.20510110445958 1.78095276288401 2.93468346775862 1.4698406395853 3.05684387186264 1.93827998074457 2.8289133532022 1.14626375759056 2.58109774571327 1.40980594897709 3.24528581148071 1.91408554022725 0 3.0877704494886 1.05436106567486 1.75462291626803 1.97146668988866 3.07428905649821 1.7185474410998 3.29087736394446 1.98013457927454 2.99457003821663 1.74452810427472 2.8616586243877 1.11811168084924 2.82726967106558 1.39768579269368 3.01051579988424 2.64251380634167 1.27483273738993 2.75264383978409 1.48937216731974 2.69274487533738 1.41433175947606 2.90569834567645 1.15877979438211 2.59406575148318 2.60873225449327 2.45035995103486 0.850393273617861 2.58493511626917 1.73396774796377 2.63858860909711" 
"BioGeo.SLCFP091.REP1_S29_R1_001.fastq_profiled_metagenome 3.06226855734771 3.23207412244715 2.17308370902174 2.81523762179563 3.57945540462811 1.08400218126464 3.08220435810325 1.9004015535309 3.47737039395993 3.24221274801811 3.88418854174509 2.77875804505376 3.34433112416893 3.3301503402294 2.53035563428972 3.64372153010847 3.01369318944009 3.10953831808698 2.83898817869312 3.49200780187858 2.5410834912698 3.8027269935014 3.17510172266489 1.34004612430687 3.0877704494886 0 2.4526844671288 1.42383424718475 1.5425926863432 0.585314016498957 1.96015481597698 0.411731261725714 4.39913830190949 3.02071451184386 4.12921502067194 2.93262323220936 3.87836906009602 3.30078692977918 3.22240144226232 3.30033319754192 2.41239540523374 2.7303061522709 2.85128036877574 3.41228480795783 3.45571451863584 2.70478480010296 3.27847997010738 2.56332624684361 2.90743298485208 3.08059451073172 2.21959884091698 3.31807557908179 3.04152310917526 3.34198565288479 3.18003727038989" 
"BioGeo.SLCFP077_merged_R1_001.fastq_profiled_metagenome 1.20016192991949 2.31833209177851 0.866388802032139 0.68505677520002 1.50225814477656 2.29285939873043 0.912311317125059 2.18657386665887 1.31091539382838 2.27789167510376 1.56448998385557 2.15343369107797 2.46859076076466 1.22601811014988 1.96387066387659 1.31173382037395 2.21226670623472 1.2302597154943 1.96369889529514 1.07270626183722 1.62477642319743 1.48362466870209 2.37029315780732 1.47343490903262 1.05436106567486 2.4526844671288 0 1.1468362157871 1.5185498526405 2.48820358892521 1.5221018761766 2.58270235734424 2.12301848870605 2.14368240317215 1.81371205893239 2.03817299177111 1.51977844774388 2.14525267655154 1.06677272114046 2.19600782087091 1.7120882702267 0.562714457477026 1.88551525214536 1.22458331480605 2.0396316958778 0.822463881719742 2.14801148095989 0.582733428206563 1.78252973724144 1.80496604332859 1.48534541631606 0.894292675688564 1.7575808070647 1.22899875787463 1.9736000659107" 
"BioGeo.SLCFP071.REP1_S27_R1_001.fastq_profiled_metagenome 1.75535011458641 2.83353347541829 1.26120834349502 1.63091107129068 2.30299797433051 1.6719347987693 1.89630493887915 2.0347226234633 2.28043353233289 2.81738205836263 2.69486195629237 2.49549423506198 2.97991443146784 2.26682119518354 2.21728904839727 2.4438246051733 2.65250246463282 2.15267762627819 2.41046667987149 2.21204945988546 2.0213653928072 2.59382553234325 2.82134044614172 0.386769178108551 1.75462291626803 1.42383424718475 1.1468362157871 0 0.558719509979105 1.36573227867238 0.850378927244752 1.55705359372867 3.23046710090554 2.61423973728783 2.93592895704315 2.50963279088379 2.58790628645486 2.77126650800568 2.11473984382083 2.78996390399113 2.00859700191998 1.5859014789844 2.37016153980823 2.29666227146821 2.79046459290998 1.68593300841012 2.75824454644405 1.44842270911702 2.34718089554308 2.45285966235201 1.73798138136498 1.9992175973754 2.40154491643944 2.27591717650245 2.60913613763347" 
"BioGeo.SLCFP023.REP1_S26_R1_001.fastq_profiled_metagenome 1.93825702114188 3.35643507399384 1.79348253006869 2.05527540088373 2.55569407720095 2.00188317691753 2.3045731605065 2.50572234347009 2.65462853511511 3.35275535613343 3.07622395030956 3.01629835054673 3.50973887889385 2.69880211265119 2.68468432109847 2.82509243212582 3.16232721585555 2.61421422578943 2.91856898308382 2.54692812376374 2.50155493270516 2.97049279061865 3.31069624176699 0.363202703378934 1.97146668988866 1.5425926863432 1.5185498526405 0.558719509979105 0 1.2628470096224 0.478710644397568 1.60151987999669 3.61544075956267 3.1194946745033 3.31251915678332 3.02805113050382 2.89863614171265 3.30204541378666 2.55792512670668 3.28594690733362 2.50993318015165 2.02936858083507 2.87479924371448 2.72948376640966 3.30339715920574 2.17850958612867 3.27337757646944 1.92054511678181 2.86301056277164 2.95367050579379 2.23217051713033 2.31038017505275 2.89542671957643 2.71399768270713 3.14330862025263" 
"BioGeo.SLCFP019a_merged_R1_001.fastq_profiled_metagenome 3.03458051822601 3.60255841094662 2.40028227246831 2.94329504745129 3.6143165037407 1.48755351037989 3.2129932221686 2.32914687474976 3.60117558974725 3.62288941400667 4.01095279841177 3.16371074670793 3.73325783653571 3.49227940787025 2.84030227742688 3.76112050971547 3.3720272299528 3.30461016418412 3.17543886367925 3.55913033075762 2.81604452382581 3.92555254447367 3.51488741899426 1.17517852878795 3.07428905649821 0.585314016498957 2.48820358892521 1.36573227867238 1.2628470096224 0 1.67195126050489 0.525637303231445 4.54980284025418 3.36365823159178 4.26108955685086 3.2849450066663 3.94656685418402 3.65517133422214 3.39045192999737 3.61756383003137 2.73384703754145 2.86305689526415 3.17215610550323 3.57767914413183 3.76710411435552 2.90382175442993 3.61506894907539 2.71991347922118 3.22529060618142 3.3733539625082 2.50545515877148 3.36030313878506 3.3229649570125 3.51080416377206 3.52697298640455" 
"BioGeo.SLCFP005.REP1_S24_R1_001.fastq_profiled_metagenome 1.65259519233805 3.59740518955449 1.89946916328783 2.00902590891419 2.302942293225 2.44837165970285 2.22833881907042 2.88071113062215 2.52092630731524 3.57423360628347 3.00941038397224 3.29647283733221 3.74828410587036 2.7453344113556 2.99982321693317 2.76750886147117 3.4288587809246 2.71836856452515 3.17897777436548 2.44931984841137 2.77291220035653 2.87437842180122 3.58608588539102 0.664556740514727 1.7185474410998 1.96015481597698 1.5221018761766 0.850378927244752 0.478710644397568 1.67195126050489 0 2.05299813617275 3.51455077812671 3.37947209200925 3.21944962864763 3.27825450974927 2.72511723929852 3.49805556288692 2.55352093410243 3.51687200476293 2.79818099620905 2.06856057801069 3.12563013692244 2.71320168128267 3.4666607496315 2.24185370512513 3.48875315902035 1.95150457446552 3.08384965936599 3.158362891163 2.52199190468354 2.18220676628474 3.1032111754231 2.75109072077298 3.3274737151104" 
"BioGeo.SLCFP001_merged_R1_001.fastq_profiled_metagenome 3.27860103400983 3.33341129737307 2.40147307807308 3.01597970547409 3.80836936220312 1.06460659218046 3.28752907203456 1.96813941950299 3.69842043277506 3.37208184980891 4.03392661237488 2.87486122650929 3.45702633830869 3.4470392415308 2.55022397797085 3.78950831884842 3.09033749631286 3.21803386859937 2.91790137365838 3.63400664299345 2.58945329113177 3.97585643279707 3.2188359789158 1.48442948455942 3.29087736394446 0.411731261725714 2.58270235734424 1.55705359372867 1.60151987999669 0.525637303231445 2.05299813617275 0 4.57793035719869 3.09273541192375 4.29449900140673 3.02812291610212 4.06113891921661 3.43294049135449 3.39221908111028 3.36765983396867 2.48383029355756 2.87675055249851 2.92864875675681 3.57765665591975 3.57763149800864 2.88513599640699 3.37782385437913 2.75169284137048 3.01074542018847 3.1698182513915 2.28706272291536 3.47028892701466 3.12195343362659 3.47100183297552 3.32562867177129" 
"BioGeo.Lyz2.08B.FP295.S93_merged_R1_001.fastq_profiled_metagenome 2.16967133220596 2.56505362528998 2.2522034256169 1.63431371405729 1.64538925468482 4.01484591852969 1.38570773137084 3.46652830783186 1.14196668375719 2.44132426105405 0.623965592659887 2.79023609467176 2.61789213946556 1.31680157634697 2.95110868599138 0.859593782316703 2.69703457881699 1.61561506916182 2.58464833553708 1.1211684215719 2.60739188928944 0.645265023886105 2.81604756353828 3.53715980633784 1.98013457927454 4.39913830190949 2.12301848870605 3.23046710090554 3.61544075956267 4.54980284025418 3.51455077812671 4.57793035719869 0 2.62826536269391 0.331867002119779 2.54000842662392 0.9064133906996 2.21236032479161 1.19165031343826 2.44750839412929 2.72149045246901 1.71590179923935 2.50298201170472 1.01366957605439 1.93486059679557 1.71167485770803 2.32365590384979 1.8401273771311 2.29127513824396 2.18185453000973 2.71018223501554 1.35262059867195 2.20119196442975 1.24612918746393 2.10807436753859" 
"BioGeo.Lyz2.08B.FP291.S89_merged_R1_001.fastq_profiled_metagenome 3.15936568088352 0.339568034157643 1.81813080837204 2.11472920464258 3.15947449427089 2.11671559066025 2.20836043602484 1.26448353621336 2.53451668533269 0.529368977525089 2.22584743598365 0.359852794483207 0.523019717874314 1.53854720135118 0.628867738825152 2.12092015361381 0.106958069532401 1.22208180026319 0.205302232360871 2.31997745179012 0.653127166590682 2.35661682156605 0.28362442006442 2.98165765848063 2.99457003821663 3.02071451184386 2.14368240317215 2.61423973728783 3.1194946745033 3.36365823159178 3.37947209200925 3.09273541192375 2.62826536269391 0 2.4532844466752 0.19445309075459 2.78696311587544 0.594653790854788 1.79799836647817 0.328024223110198 0.636122783951662 1.74151941999964 0.260497055034897 1.85735622890236 0.761798772130591 1.59502964043186 0.382712614163152 1.85448644989352 0.409930272981587 0.471880260900954 0.899780347755742 2.44749692751758 0.496443878306651 1.57304178718595 0.670472628350763" 
"BioGeo.Lyz2.07B.FP283.S81_merged_R1_001.fastq_profiled_metagenome 1.94787803364486 2.42841146344423 2.01080169283607 1.37322359730567 1.48959116386349 3.75247031621424 1.14021447486707 3.24250462273476 0.962989637196653 2.32022002887442 0.305066050523157 2.6153139586594 2.50262457118209 1.04340989290531 2.72254623019712 0.536468423686071 2.52825525769413 1.36098332869718 2.39311191282563 0.799214723731338 2.36715276303131 0.360541287008238 2.64644271637783 3.24752511490919 1.74452810427472 4.12921502067194 1.81371205893239 2.93592895704315 3.31251915678332 4.26108955685086 3.21944962864763 4.29449900140673 0.331867002119779 2.4532844466752 0 2.36623023477772 0.707655520600872 2.08993109919469 0.926861830653327 2.28669217956369 2.49348440068682 1.42070209905981 2.305535329879 0.749068310046672 1.80831004061801 1.45690928635942 2.17862459459696 1.57136985848808 2.10137893992116 1.99242741065679 2.45948151744712 1.04986381429266 2.00072628790266 0.977415873753649 1.97348699759234" 
"BioGeo.Lyz2.07B.FP279.S77_merged_R1_001.fastq_profiled_metagenome 3.02107955586204 0.334988013541294 1.65848329286421 1.97445273905185 3.01932610258426 2.06855666842783 2.06933917286317 1.21504318520841 2.39530697734258 0.438039141077049 2.14341010485549 0.285566677660685 0.508089940584411 1.46691538237404 0.674790624508849 2.03326064134832 0.205948383813142 1.14923215134317 0.167253599831571 2.22763001712169 0.636990809335445 2.25373902652249 0.473365951175559 2.87434958587222 2.8616586243877 2.93262323220936 2.03817299177111 2.50963279088379 3.02805113050382 3.2849450066663 3.27825450974927 3.02812291610212 2.54000842662392 0.19445309075459 2.36623023477772 0 2.67680615089172 0.499457221697692 1.6791856242614 0.437874018538982 0.576609594132232 1.6273033723037 0.22695029122804 1.74826031281207 0.706785712303883 1.45339659978929 0.370981910119967 1.71457405709174 0.29108007135335 0.434660343024981 0.834689909422261 2.34359507323989 0.475146679213049 1.49080734231472 0.531583366409844" 
"BioGeo.Lyz2.06B.FP271.S69_merged_R1_001.fastq_profiled_metagenome 1.30757278144772 2.80872120966925 1.8368485473789 1.09412360910313 0.825639906458731 3.68520006506673 0.857101402030174 3.33187282473769 0.576554144549475 2.69563755996276 0.741883810114053 2.89051769181572 2.9012521136572 1.31397214092455 2.93254892202394 0.731271029741898 2.86038759218637 1.61175088006239 2.6805054949703 0.611020124255611 2.55760519590952 0.495751020871685 3.01093446441074 2.84654015572974 1.11811168084924 3.87836906009602 1.51977844774388 2.58790628645486 2.89863614171265 3.94656685418402 2.72511723929852 4.06113891921661 0.9064133906996 2.78696311587544 0.707655520600872 2.67680615089172 0 2.48301388880209 1.00592000919013 2.68612255171028 2.66755225574785 1.32249408580248 2.59242298704644 0.933600862920835 2.24888045136324 1.42278211437043 2.57469273622344 1.38978652153869 2.39497748262664 2.33064018884766 2.56471299906005 0.650337235173584 2.32493503655481 1.24781671607147 2.32824242344736" 
"BioGeo.Lyz2.06B.FP267.S64_merged_R1_001.fastq_profiled_metagenome 2.99492072923917 0.379125754601843 1.74356965141796 1.92855514137022 2.88539832522942 2.50718737377181 1.95980386765245 1.65515385864777 2.21168084046923 0.23617918137652 1.91291069366472 0.710634218079879 0.420211873975996 1.35383691464829 1.16456075508292 1.85299870253001 0.603766248990539 1.10530454541555 0.645169257639344 2.11248959941194 1.04574253339547 2.02733380032454 0.791046264127725 3.13666159780391 2.82726967106558 3.30078692977918 2.14525267655154 2.77126650800568 3.30204541378666 3.65517133422214 3.49805556288692 3.43294049135449 2.21236032479161 0.594653790854788 2.08993109919469 0.499457221697692 2.48301388880209 0 1.53189078828016 0.5450080577781 1.02052984269897 1.64894143124056 0.64458125262496 1.56034362823974 0.348108220401199 1.43268414733574 0.280727734440386 1.73318404556022 0.503773263384509 0.526265490794035 1.23461527745661 2.26579950073571 0.618449477583946 1.352995856442 0.20064886460744" 
"BioGeo.Lyz2.05B.FP259.S56_merged_R1_001.fastq_profiled_metagenome 1.5971619864229 1.83493419081364 1.11604580614229 0.628956166945199 1.41833796337316 2.83654842292683 0.536684380946085 2.36885976843832 0.783490562942365 1.73160330611602 0.698057084957217 1.88583672212481 1.94036442212514 0.509351565921426 1.95380013350944 0.51118981886337 1.86774585043099 0.685765005954221 1.68210922299431 0.641807995497292 1.58610020913976 0.657902716452057 2.03633008137136 2.45167347802165 1.39768579269368 3.22240144226232 1.06677272114046 2.11473984382083 2.55792512670668 3.39045192999737 2.55352093410243 3.39221908111028 1.19165031343826 1.79799836647817 0.926861830653327 1.6791856242614 1.00592000919013 1.53189078828016 0 1.73365870373385 1.67870102476065 0.559440505961769 1.59759269829766 0.192759582053218 1.33582926390068 0.532018335105102 1.61397678396272 0.695651183924509 1.39784682964138 1.35696477875929 1.6063846906574 0.762590167721274 1.35383670874239 0.419524130296406 1.36551045214901" 
"BioGeo.Lyz2.05B.FP255.S52_merged_R1_001.fastq_profiled_metagenome 3.1902611488653 0.401406442522649 1.95176413802108 2.13537268085004 3.13679529852961 2.41357621620046 2.19533793232591 1.58470929951929 2.4888095194868 0.576119433674424 2.06909345302656 0.674610903032449 0.560621442737049 1.41540348318729 0.872594612551729 1.99191958681155 0.401497731082675 1.13277500458845 0.470825473144873 2.22661810754941 0.824025189406402 2.23253090204904 0.377921255925513 3.16699563530174 3.01051579988424 3.30033319754192 2.19600782087091 2.78996390399113 3.28594690733362 3.61756383003137 3.51687200476293 3.36765983396867 2.44750839412929 0.328024223110198 2.28669217956369 0.437874018538982 2.68612255171028 0.5450080577781 1.73365870373385 0 0.889292890730622 1.7523032390297 0.453289639468955 1.76036357431676 0.578361108640214 1.62852622346865 0.264714302827267 1.9082928785543 0.498996751316233 0.403192170099434 1.1171224591231 2.39052514452921 0.439058136200348 1.45505403597894 0.661525707356524" 
