	IL17.DTT.116	IL17.DTT.117	IL17.DTT.128	IL17.DTT.129	IL17.DTT.140	IL17.DTT.141	IL17.DTT.188	IL17.DTT.189	IL17.DTT.201	IL17.DTT.200	IL17.DTT.218	IL17.DTT.219	IL17.DTT.26	IL17.DTT.27	IL17.DTT.105	IL17.DTT.104	IL17.DTT.50	IL17.DTT.51	IL17.DTT.86	IL17.DTT.87	TKO.DTT.2	TKO.DTT.3	TKO.DTT.44	TKO.DTT.45	TKO.DTT.32	TKO.DTT.33	TKO.DTT.20	TKO.DTT.21	TKO.DTT.56	TKO.DTT.57	TKO.DTT.69	TKO.DTT.74	TKO.DTT.75	TKO.DTT.87	TKO.DTT.92	TKO.DTT.93	TKO.DTT.104	TKO.DTT.105	TKO.DTT.110	TKO.DTT.111	TKO.DTT.123	TKO.DTT.128	TKO.DTT.129	TKO.DTT.140	TKO.DTT.141	TKO.DTT.152	TKO.DTT.153
IL17.DTT.116	0.0	0.7317376392707786	1.3921480580953365	2.9211964208386774	2.336061574854584	2.581812777109395	1.6955983838006128	2.2318589775882907	1.2475757133132022	1.0777873350962743	0.3792007577868796	0.8932205430554299	1.506677748121132	2.997747994684369	1.4936664225905256	0.7770879159845098	1.0916320187257162	1.8061769065375235	0.2281588379307236	0.7359280985423889	2.4488942582296627	2.9889270301939996	2.575952002949067	2.90723125982832	2.850827258755434	2.9516902857991054	2.9763370538279696	3.0538811305036235	2.45978400965706	2.8922642391908826	3.038676179835743	2.7817860997431945	3.5896624020915415	3.729394712109906	2.213752501018636	2.661651460877366	2.3345868888012578	3.069943912534366	2.640820580177339	3.1441147531149873	2.9491967987163292	2.2803727165945835	3.0604532588530917	2.4748936112577598	2.6398771251874527	2.4411009638868166	3.253933210833922
IL17.DTT.117	0.7317376392707786	0.0	1.711728213532456	2.3769249223464852	1.694579917338741	1.8758211320797036	1.2904637979164095	1.5287422169189535	0.807905720498319	1.2034226451637577	0.6484191519637116	0.6688461850850891	0.8085681962992952	2.289552475242797	1.0498958965469274	0.6663193778460655	0.6729963627724881	1.1878581896488682	0.5111201231466609	0.33889646753460256	2.0797885490195105	2.2819410711801145	2.238542598458244	2.378765177445952	2.5202292229196654	2.4668100154441475	2.517914011619389	2.416639190131786	2.072694362057835	2.2193648467791225	2.353173959863173	2.0577763495059775	2.8689241327278285	3.0794174510722914	1.6206139497101673	1.9504559682458396	1.6470242742388865	2.351473418855945	1.9222803039871053	2.421453201801051	2.2577296608023243	1.8736214503648634	2.4583061764525125	1.8015949557524822	1.9492912252673522	1.9176784833710416	2.5590027290490847
IL17.DTT.128	1.3921480580953365	1.711728213532456	0.0	4.009344337486643	3.349039419543793	3.3925726836806267	1.5543711790165242	2.677800541631472	1.438276925972414	0.5648551565983858	1.1393878832230264	1.1659207550362254	2.1398835539009715	3.73161639827723	2.7358556557671037	2.1228161855431114	2.334701772845337	2.8799011426909122	1.47677227726876	1.941171748536712	3.7208162917540752	3.7700347048247185	1.9519535425081997	2.646281820255865	2.16035738235678	2.5783673855961484	2.531128260602902	3.086046088248034	1.9650018245770016	3.0781796913834847	3.2733321825017208	3.3016942940234655	4.256851627958631	3.741488458195477	2.271130356572368	3.090666512591199	2.6937003588821447	3.6059673808134893	3.1135471306857943	3.7811314796255737	3.808322807528294	1.8796184536352956	2.9794600690380504	2.7243747014101634	2.9318519578634556	2.2642253918036914	3.4971817239564498
IL17.DTT.129	2.9211964208386774	2.3769249223464852	4.009344337486643	0.0	0.881089761529893	1.189914424712168	2.965591077745858	2.018583771783682	2.7426033103469614	3.478162655079504	2.957875517568656	2.8772249394504534	2.0249675497378683	1.2949287038349793	1.5175169033013354	2.2384667901593303	1.8819216928978386	1.2694487397421852	2.7218965669857256	2.213053041581188	0.9173272269506169	1.2268200707658803	3.771087616618312	3.3352816360707114	3.990907446513782	3.535403833006614	3.6738877209101823	2.8696134515074334	3.547057832777521	2.5383626122667717	2.4646125623859025	1.8515435079227964	1.7219649592179325	3.185338906050681	2.6814719935190037	2.0163030494104266	2.1516679892682893	1.7971190258732894	1.943952595411348	1.614026714702246	1.042247101029001	3.3607813254228045	3.077549945591003	2.370493211891117	2.308706458255242	3.0649179864210363	2.5343442006285954
IL17.DTT.140	2.336061574854584	1.694579917338741	3.349039419543793	0.881089761529893	0.0	0.5745954822463393	2.2796423839657702	1.3261973421757474	2.0292270152951684	2.7982397337197225	2.327842197729342	2.1908137458569037	1.3004002313465264	0.9581906227672012	1.0054486022801785	1.7022924082121995	1.303330979164862	0.5396909800931365	2.121403078822492	1.6017144635464446	1.1603935404834338	0.8642342123977699	3.083310094580893	2.6952872324674386	3.3171817810007154	2.8928952857768158	3.0164137587851174	2.2796834931310226	2.855599459921378	1.9395969435436777	1.9153589633671793	1.267735328739528	1.5111562593522434	2.703978236577792	1.990376612108136	1.4076298607359263	1.488008212021085	1.370414921293942	1.3172488065900203	1.2252907625675007	0.7115975578025278	2.667168279387873	2.4746466459053633	1.7025811414027978	1.663073408061973	2.3915138874870356	2.0110717153539106
IL17.DTT.141	2.581812777109395	1.8758211320797036	3.3925726836806267	1.189914424712168	0.5745954822463393	0.0	2.115548166755606	0.962646059838839	1.9794883315947607	2.828477845822912	2.491146384312115	2.232347176258439	1.255798923256866	0.4554532810321427	1.4673953825339798	2.0647997721945837	1.6705884293144606	0.9422385100360008	2.3558645146194723	1.8812250797265717	1.7035032729899353	0.40760249150616024	2.788756669561992	2.2775802700745698	2.995148566348968	2.4912879599877917	2.625385966358261	1.7829291432853933	2.5572395970855335	1.4367594218273012	1.3827784113249326	0.7182391566240189	1.0376823848279475	2.1515323931822508	1.6636884704323438	0.902419027592819	1.0933732736850847	0.8008225760207418	0.80839515363065	0.6726795573493315	0.4206893389226106	2.38829717253673	1.9991673008412851	1.2782219848357979	1.1894575463275132	2.0435255952911726	1.4553073789833912
IL17.DTT.188	1.6955983838006128	1.2904637979164095	1.5543711790165242	2.965591077745858	2.2796423839657702	2.115548166755606	0.0	1.2348697462813032	0.49073534765188165	1.0711168466953507	1.3386337328173468	0.8089810817656637	0.9986421821149082	2.357176066480307	2.12941608125608	1.9385205318755623	1.8608892156691867	1.982591637683952	1.5522358140139436	1.5976640362223835	3.017486257932453	2.4320332253821726	0.9818683833582009	1.244669823522865	1.2560686467570845	1.2667003064620392	1.2976751318871613	1.5607116064053523	0.8174853159575215	1.5406948502248203	1.7318125610649806	1.8461986853839325	2.8229446568684122	2.2268903535894458	0.7347728537792967	1.602847522162423	1.20172251341242	2.128493483798097	1.6484923401040659	2.3507655707496515	2.5308789325298626	0.6189830670435755	1.4857933908370327	1.2049415515742752	1.417331306225182	0.7936487615514253	1.9617107690257702
IL17.DTT.189	2.2318589775882907	1.5287422169189535	2.677800541631472	2.018583771783682	1.3261973421757474	0.962646059838839	1.2348697462813032	0.0	1.2474912179090305	2.1257985509352895	2.0123487036230925	1.5971512099465772	0.7333938115091982	1.1429728468837168	1.7251629159190114	2.0026659131606785	1.69772335648531	1.3032674872872463	2.01307203292297	1.699304149824163	2.3536445597418076	1.220325151293741	1.826635625191782	1.3697907596711938	2.0340593098303126	1.567285263718415	1.6929895157630392	1.0433203325513285	1.5952793488682235	0.7553331255150617	0.8434852992903038	0.628775775315232	1.5949933334972393	1.6253939036041332	0.7011282214919623	0.4366710438451073	0.17702558290332363	0.9311474871530993	0.4444903284370401	1.1204503448013698	1.3511416005430534	1.4294002529656864	1.1919022355479796	0.40002475883827854	0.4624719421672059	1.08558721535353	1.0435688623328951
IL17.DTT.201	1.2475757133132022	0.807905720498319	1.438276925972414	2.7426033103469614	2.0292270152951684	1.9794883315947607	0.49073534765188165	1.2474912179090305	0.0	0.8802257559478703	0.915132144803793	0.39446793710580164	0.7420197232873966	2.299373943583455	1.7192877032357228	1.4644835343245823	1.414218707202679	1.6492637072200595	1.0884205225112225	1.127089123583666	2.6737965791177465	2.343291561954274	1.4346099573800477	1.6597565346150644	1.7154993175764277	1.7122047732407542	1.748375581046445	1.8550738330019252	1.2738472769184952	1.7527431515695926	1.9282858935938687	1.8704735505521661	2.8190634767761398	2.5368322676687263	0.9964607028422596	1.6719394757891313	1.2838421782387968	2.1753733598728546	1.686975392054974	2.343062830283	2.3995708157172433	1.0768211158850796	1.8316996188760482	1.356601757888872	1.5534898539586286	1.1937118847567219	2.153794910457275
IL17.DTT.200	1.0777873350962743	1.2034226451637577	0.5648551565983858	3.478162655079504	2.7982397337197225	2.828477845822912	1.0711168466953507	2.1257985509352895	0.8802257559478703	0.0	0.7351012058309635	0.6090082004942529	1.5770549909968765	3.169338552824934	2.2454161512989073	1.7061018413833968	1.8566610939069084	2.3428522242673697	1.0842415031575487	1.4710925492569964	3.2409436202760165	3.205827413781409	1.6798333587631555	2.246784295168972	1.9305301335270224	2.217913458600131	2.197128856912096	2.6114876090957915	1.6317085142090404	2.5696812074374016	2.75913405110981	2.7483047724699303	3.696968901009972	3.282820366588833	1.7702380706471033	2.545091934074355	2.15196334216393	3.0546192947829907	2.5631040986221647	3.2218065226817405	3.2446518099076593	1.5024412559089453	2.532442279913829	2.1980035604294317	2.4021305979483962	1.8251958649606426	2.9837727292040888
IL17.DTT.218	0.3792007577868796	0.6484191519637116	1.1393878832230264	2.957875517568656	2.327842197729342	2.491146384312115	1.3386337328173468	2.0123487036230925	0.915132144803793	0.7351012058309635	0.0	0.5356623536808153	1.3146741601536518	2.8842581552318145	1.6093289399406627	0.9912623597669833	1.2045651174503973	1.8212224599600835	0.35200854944995835	0.8109379093069868	2.5956167267259382	2.89327043634159	2.2008814105663115	2.5645478249785865	2.4744015259324565	2.596764579387968	2.6156432224720985	2.758562418477485	2.090343869190642	2.625166878337158	2.784311389408509	2.5977151282435633	3.46266404340539	3.438570747820541	1.9049403318889082	2.4485561621663865	2.0943787086772363	2.8938131834937098	2.440162280434435	3.0013298823459076	2.8829323302656555	1.914811456866206	2.745535594953102	2.2131587528541004	2.3924326918426324	2.1012944604364807	3.005882158936319
IL17.DTT.219	0.8932205430554299	0.6688461850850891	1.1659207550362254	2.8772249394504534	2.1908137458569037	2.232347176258439	0.8089810817656637	1.5971512099465772	0.39446793710580164	0.6090082004942529	0.5356623536808153	0.0	0.9834125359565077	2.5862782099415096	1.692714915955058	1.2717932981142457	1.3294002564793426	1.7448101872897719	0.7708674205411117	0.972762770521378	2.6824138906923762	2.6165269505558317	1.6961814716538386	2.0294685592955126	1.9744315281299145	2.062355581702027	2.0840025483069518	2.2494020999800886	1.5694328085727627	2.142674496605224	2.3141526038883398	2.21117920283759	3.133241259285348	2.9309004552395277	1.390383948540065	2.0301497589722795	1.6517789727486718	2.5144611086905853	2.0363674547659083	2.6601010809826056	2.6457382535348644	1.387456047707688	2.2221958604679743	1.7412147796553985	1.9332392583101365	1.5673122120214278	2.5391142984647486
IL17.DTT.26	1.506677748121132	0.8085681962992952	2.1398835539009715	2.0249675497378683	1.3004002313465264	1.255798923256866	0.9986421821149082	0.7333938115091982	0.7420197232873966	1.5770549909968765	1.3146741601536518	0.9834125359565077	0.0	1.6040781974964708	1.2163538422040319	1.3098922187509683	1.0635449888884387	0.9881210471018017	1.2849076026917958	0.986665261481397	2.062290692851184	1.6351126391827806	1.8934682321331917	1.7677152567778978	2.154560328984155	1.9051332554317926	1.9949841322530428	1.672938778976521	1.6821250403038523	1.4460000791969476	1.563760506971399	1.290378480878228	2.1650858984993775	2.311803677155073	0.9707436485605818	1.1584464331944335	0.8534007923869863	1.579422135390412	1.1416631626136635	1.6957746361199215	1.6725388335496585	1.4777178377685976	1.7518605770271762	1.0354297986286256	1.1711430033106922	1.3435748862019985	1.773225774200893
IL17.DTT.27	2.997747994684369	2.289552475242797	3.73161639827723	1.2949287038349793	0.9581906227672012	0.4554532810321427	2.357176066480307	1.1429728468837168	2.299373943583455	3.169338552824934	2.8842581552318145	2.5862782099415096	1.6040781974964708	0.0	1.9002727108249116	2.5024813416739002	2.110135462487593	1.3844093204851715	2.7701644797476876	2.309774490636592	1.9930545433452556	0.18010550915267637	2.9230671431902797	2.3015944306243608	3.0988937896368003	2.525661501958728	2.6717206270644223	1.7188159516408352	2.69492087939069	1.386426021286297	1.2690659746586033	0.6692589270025562	0.6330877939254452	1.950378425619256	1.811241955671997	0.9072283530550318	1.2181221425685755	0.5349016827785893	0.835113313243648	0.32335890985923454	0.3923900690298529	2.545922226795847	1.9575507409243496	1.35897367391646	1.2167784529598131	2.150173226515266	1.2843115295444107
IL17.DTT.105	1.4936664225905256	1.0498958965469274	2.7358556557671037	1.5175169033013354	1.0054486022801785	1.4673953825339798	2.12941608125608	1.7251629159190114	1.7192877032357228	2.2454161512989073	1.6093289399406627	1.692714915955058	1.2163538422040319	1.9002727108249116	0.0	0.7546009120561211	0.4093973429636965	0.5310224246512256	1.3147083342429295	0.799265439061855	1.0631248339569705	1.835881060654903	3.0771757325429077	2.969778953420227	3.3477938419929876	3.1176192466793733	3.2083392995399445	2.767009640419784	2.876275738713069	2.473403028192381	2.5267250728791373	1.9927688450727474	2.487527696568913	3.33211401236284	2.1746503866815994	2.018734126413715	1.8938216375415649	2.195922667964595	1.9500889984853516	2.136030539370245	1.7116162935410624	2.6703113669071668	2.8955134771200592	2.1123740851128567	2.170975143641523	2.557499171037782	2.6851735519661046
IL17.DTT.104	0.7770879159845098	0.6663193778460655	2.1228161855431114	2.2384667901593303	1.7022924082121995	2.0647997721945837	1.9385205318755623	2.0026659131606785	1.4644835343245823	1.7061018413833968	0.9912623597669833	1.2717932981142457	1.3098922187509683	2.5024813416739002	0.7546009120561211	0.0	0.40065379171847976	1.1711318027419535	0.647475692218935	0.34722034620279	1.7020470834063335	2.463214723759376	2.8989157163324855	3.0099391175236065	3.179978646777563	3.110342633096052	3.169818307314094	2.9784831239549887	2.733402356228075	2.742164953180075	2.846104789757405	2.436198285168836	3.1008905048142243	3.615095094609068	2.23037585760829	2.3866753816353468	2.1469089013038913	2.692168301912671	2.3396581327170627	2.6976092830797973	2.377376503805045	2.5325059377666803	3.0490376749620562	2.3349940927449744	2.452533865196187	2.553831207288419	3.037636280194603
IL17.DTT.50	1.0916320187257162	0.6729963627724881	2.334701772845337	1.8819216928978386	1.303330979164862	1.6705884293144606	1.8608892156691867	1.69772335648531	1.414218707202679	1.8566610939069084	1.2045651174503973	1.3294002564793426	1.0635449888884387	2.110135462487593	0.4093973429636965	0.40065379171847976	0.0	0.7708951692073317	0.9081379826199029	0.39416600991631723	1.4433867983318711	2.066254533662646	2.822722705750415	2.820396403129901	3.100048338682099	2.945085841733535	3.0204149642252407	2.7110507312084113	2.6360488119342986	2.44933611423638	2.535061220741934	2.0797185683646435	2.706921207793745	3.3227624118838444	2.0248566600984987	2.0541676481324553	1.8540832005168917	2.323498445577432	1.9991371581276016	2.3124465900984243	1.9770138557151027	2.4306567292678944	2.8072211256369006	2.0562662916039334	2.151634500524176	2.3817418071284973	2.715420532789292
IL17.DTT.51	1.8061769065375235	1.1878581896488682	2.8799011426909122	1.2694487397421852	0.5396909800931365	0.9422385100360008	1.982591637683952	1.3032674872872463	1.6492637072200595	2.3428522242673697	1.8212224599600835	1.7448101872897719	0.9881210471018017	1.3844093204851715	0.5310224246512256	1.1711318027419535	0.7708951692073317	0.0	1.5957256442703496	1.0706948715867313	1.174280318635133	1.3191990247239815	2.8670973338818504	2.628092730547897	3.123371800332227	2.800043899906028	2.905055906005667	2.338964312498062	2.649574700592117	2.0244451673742443	2.056345760188627	1.4835859456725742	1.9666091939311434	2.8650059688489806	1.8562051901955565	1.5391339247409594	1.4778361291774116	1.6795051103283993	1.4610791867072412	1.6092245394310745	1.211852049380012	2.4496067772574253	2.4938467065981462	1.6979611457981845	1.722910756154187	2.2570822690837695	2.1967460686017244
IL17.DTT.86	0.2281588379307236	0.5111201231466609	1.47677227726876	2.7218965669857256	2.121403078822492	2.3558645146194723	1.5522358140139436	2.01307203292297	1.0884205225112225	1.0842415031575487	0.35200854944995835	0.7708674205411117	1.2849076026917958	2.7701644797476876	1.3147083342429295	0.647475692218935	0.9081379826199029	1.5957256442703496	0.0	0.5311808523480646	2.2918737890319885	2.76275629958066	2.4669386335307055	2.7429535392998163	2.745276757522235	2.8001821957660495	2.833955188811973	2.8576999740978635	2.335335524144174	2.685184665194614	2.826719585430636	2.557429128262599	3.362574827367321	3.5294395592612595	2.027416376242279	2.4408959171120803	2.119957010090431	2.843506391158624	2.418636650061806	2.916687134333398	2.7259257259579703	2.148054541824847	2.8747095157774645	2.2672420049788626	2.4278213201903713	2.2756526766515193	3.0406560468819044
IL17.DTT.87	0.7359280985423889	0.33889646753460256	1.941171748536712	2.213053041581188	1.6017144635464446	1.8812250797265717	1.5976640362223835	1.699304149824163	1.127089123583666	1.4710925492569964	0.8109379093069868	0.972762770521378	0.986665261481397	2.309774490636592	0.799265439061855	0.34722034620279	0.39416600991631723	1.0706948715867313	0.5311808523480646	0.0	1.8133262769335023	2.2874030142140964	2.560668895568344	2.6643185666289346	2.8412297689679167	2.7633260302485323	2.823223210983369	2.65060429582335	2.3911962132577456	2.4268484088734277	2.540733308582207	2.1747289415491156	2.907428068674381	3.2963344468980615	1.8878838564064582	2.1004499772687435	1.834811349991877	2.444767520987466	2.061670720409106	2.4806022719024634	2.2308067562397613	2.1891933067089338	2.712574793472127	2.014859809150749	2.1437887449871367	2.2071961437887975	2.7397391387301764
TKO.DTT.2	2.4488942582296627	2.0797885490195105	3.7208162917540752	0.9173272269506169	1.1603935404834338	1.7035032729899353	3.017486257932453	2.3536445597418076	2.6737965791177465	3.2409436202760165	2.5956167267259382	2.6824138906923762	2.062290692851184	1.9930545433452556	1.0631248339569705	1.7020470834063335	1.4433867983318711	1.174280318635133	2.2918737890319885	1.8133262769335023	0.0	1.9075727798009496	3.9411033334061143	3.6903505532644694	4.1943135520845605	3.8646881761034066	3.9814475927978523	3.3496438262218655	3.729069904687185	3.0243948671734886	3.007662651137166	2.392356003865983	2.5009909578841927	3.7920591778742474	2.937370019521181	2.504039351881915	2.5144026744104635	2.452797223831875	2.4279617987290383	2.302935531157632	1.7111396328357604	3.525627634653745	3.52360120853704	2.7499587400221794	2.747355651687372	3.331985469845374	3.122288537282164
TKO.DTT.3	2.9889270301939996	2.2819410711801145	3.7700347048247185	1.2268200707658803	0.8642342123977699	0.40760249150616024	2.4320332253821726	1.220325151293741	2.343291561954274	3.205827413781409	2.89327043634159	2.6165269505558317	1.6351126391827806	0.18010550915267637	1.835881060654903	2.463214723759376	2.066254533662646	1.3191990247239815	2.76275629958066	2.2874030142140964	1.9075727798009496	0.0	3.0219687778135786	2.4186591445918557	3.2051529152683593	2.6428329511034883	2.7850470835014907	1.8425540444279287	2.792067379823383	1.5044528182216126	1.3961631273715966	0.7642424088448543	0.6550095214904258	2.084206730313111	1.903352334977277	1.0132252784014837	1.3121865755670996	0.6761376762872362	0.9282989203670262	0.418607114521408	0.23370307051432992	2.6391523215060366	2.081141616081331	1.4569276820356367	1.3183857740304672	2.2534663005471147	1.406043684784288
TKO.DTT.44	2.575952002949067	2.238542598458244	1.9519535425081997	3.771087616618312	3.083310094580893	2.788756669561992	0.9818683833582009	1.826635625191782	1.4346099573800477	1.6798333587631555	2.2008814105663115	1.6961814716538386	1.8934682321331917	2.9230671431902797	3.0771757325429077	2.8989157163324855	2.822722705750415	2.8670973338818504	2.4669386335307055	2.560668895568344	3.9411033334061143	3.0219687778135786	0.0	0.869045673160823	0.2824682157404794	0.7079936832395564	0.6138177293850767	1.51980983019142	0.23185815439585838	1.7040234125296578	1.9029318624695257	2.3031199062354473	3.244201592442424	2.0344887337058233	1.1258679125630018	2.036135287377205	1.7131652450864447	2.5449928319513155	2.1120235042926647	2.8186570415546934	3.1727625490991307	0.4190255763910884	1.3114530484819455	1.5760556179218916	1.751839915730201	0.7780084324209803	2.0828544688912003
TKO.DTT.45	2.90723125982832	2.378765177445952	2.646281820255865	3.3352816360707114	2.6952872324674386	2.2775802700745698	1.244669823522865	1.3697907596711938	1.6597565346150644	2.246784295168972	2.5645478249785865	2.0294685592955126	1.7677152567778978	2.3015944306243608	2.969778953420227	3.0099391175236065	2.820396403129901	2.628092730547897	2.7429535392998163	2.6643185666289346	3.6903505532644694	2.4186591445918557	0.869045673160823	0.0	0.9082889370617508	0.23116773229127197	0.38032053291994083	0.6872536124872597	0.7283456734938469	0.9506945256020293	1.1237350211471373	1.6625447842636754	2.5161116368746295	1.1685754560444612	0.7977308893454332	1.407130243389265	1.2089640831957262	1.8450165323921899	1.4998425167829388	2.138511204002502	2.606172884723323	0.7673595952996898	0.45277879920049025	1.0039907636355359	1.1093291422070906	0.4676604127543852	1.2709850351329905
TKO.DTT.32	2.850827258755434	2.5202292229196654	2.16035738235678	3.990907446513782	3.3171817810007154	2.995148566348968	1.2560686467570845	2.0340593098303126	1.7154993175764277	1.9305301335270224	2.4744015259324565	1.9744315281299145	2.154560328984155	3.0988937896368003	3.3477938419929876	3.179978646777563	3.100048338682099	3.123371800332227	2.745276757522235	2.8412297689679167	4.1943135520845605	3.2051529152683593	0.2824682157404794	0.9082889370617508	0.0	0.6994975326502325	0.5680912034241601	1.5926599743112388	0.4757528639773094	1.8216379069748962	2.0104265761266187	2.469925434035247	3.3837049138467337	2.0302964125126373	1.335916237754101	2.2031257682008354	1.9069561687868275	2.6913899221970947	2.2854186138774875	2.975463310656223	3.367363988769421	0.6784239043016465	1.3606266665603894	1.750745329365138	1.9104477086182647	0.9539896512878872	2.1724956871207084
TKO.DTT.33	2.9516902857991054	2.4668100154441475	2.5783673855961484	3.535403833006614	2.8928952857768158	2.4912879599877917	1.2667003064620392	1.567285263718415	1.7122047732407542	2.217913458600131	2.596764579387968	2.062355581702027	1.9051332554317926	2.525661501958728	3.1176192466793733	3.110342633096052	2.945085841733535	2.800043899906028	2.8001821957660495	2.7633260302485323	3.8646881761034066	2.6428329511034883	0.7079936832395564	0.23116773229127197	0.6994975326502325	0.0	0.16210175073871075	0.9124042200035333	0.6187405025810582	1.181551352254113	1.3531864252986403	1.8888493748730795	2.746630043630893	1.3385269905330746	0.9470779583196745	1.6304521462514732	1.4112727658997792	2.0732327564254134	1.7225413311444504	2.3677417047714813	2.827423149995514	0.7155231564124034	0.6695052779210242	1.215901310591917	1.3330302925104542	0.5635394274088505	1.4970952651773164
TKO.DTT.20	2.9763370538279696	2.517914011619389	2.531128260602902	3.6738877209101823	3.0164137587851174	2.625385966358261	1.2976751318871613	1.6929895157630392	1.748375581046445	2.197128856912096	2.6156432224720985	2.0840025483069518	1.9949841322530428	2.6717206270644223	3.2083392995399445	3.169818307314094	3.0204149642252407	2.905055906005667	2.833955188811973	2.823223210983369	3.9814475927978523	2.7850470835014907	0.6138177293850767	0.38032053291994083	0.5680912034241601	0.16210175073871075	0.0	1.059091919774495	0.5693569439019813	1.3270699516398665	1.5021827251236541	2.0295341372919515	2.893300183136355	1.465930481867567	1.050446073674183	1.7718419068108333	1.5425089699978194	2.222921372019141	1.8609010501426535	2.5136100835802613	2.9667573556638853	0.706860728382721	0.8156268725360857	1.3480931683104915	1.4705104395482023	0.654702374052096	1.641391802494146
TKO.DTT.21	3.0538811305036235	2.416639190131786	3.086046088248034	2.8696134515074334	2.2796834931310226	1.7829291432853933	1.5607116064053523	1.0433203325513285	1.8550738330019252	2.6114876090957915	2.758562418477485	2.2494020999800886	1.672938778976521	1.7188159516408352	2.767009640419784	2.9784831239549887	2.7110507312084113	2.338964312498062	2.8576999740978635	2.65060429582335	3.3496438262218655	1.8425540444279287	1.51980983019142	0.6872536124872597	1.5926599743112388	0.9124042200035333	1.059091919774495	0.0	1.3372070473654885	0.3475126256102034	0.46387698935644217	1.094500515958643	1.8537833955712424	0.6833615007524693	0.8599234665975304	0.881308290056244	0.8757310643822226	1.219131406881471	0.9779406664813326	1.5137593199492023	2.0511665410976527	1.2984921452004734	0.2534871351744808	0.6581204709577004	0.626988878689901	0.8467416856777966	0.5852422032120529
TKO.DTT.56	2.45978400965706	2.072694362057835	1.9650018245770016	3.547057832777521	2.855599459921378	2.5572395970855335	0.8174853159575215	1.5952793488682235	1.2738472769184952	1.6317085142090404	2.090343869190642	1.5694328085727627	1.6821250403038523	2.69492087939069	2.876275738713069	2.733402356228075	2.6360488119342986	2.649574700592117	2.335335524144174	2.3911962132577456	3.729069904687185	2.792067379823383	0.23185815439585838	0.7283456734938469	0.4757528639773094	0.6187405025810582	0.5693569439019813	1.3372070473654885	0.0	1.4966252655485	1.6988571637109244	2.0766129663816577	3.02408790567323	1.8936266281380907	0.8947100130353959	1.810116169746786	1.4831108794046193	2.3241538663567867	1.884290732226728	2.594095045035462	2.9415901502903865	0.20788041761268947	1.1469656113372275	1.3490488913751002	1.528718133548983	0.5570500683992782	1.8863159254252415
TKO.DTT.57	2.8922642391908826	2.2193648467791225	3.0781796913834847	2.5383626122667717	1.9395969435436777	1.4367594218273012	1.5406948502248203	0.7553331255150617	1.7527431515695926	2.5696812074374016	2.625166878337158	2.142674496605224	1.4460000791969476	1.386426021286297	2.473403028192381	2.742164953180075	2.44933611423638	2.0244451673742443	2.685184665194614	2.4268484088734277	3.0243948671734886	1.5044528182216126	1.7040234125296578	0.9506945256020293	1.8216379069748962	1.181551352254113	1.3270699516398665	0.3475126256102034	1.4966252655485	0.0	0.21255383975236777	0.7498858130279031	1.5677131131149433	0.8767535595937693	0.8086854273236722	0.5366395874697445	0.6038855239605845	0.9064898505268043	0.6312664907842068	1.1940206998191483	1.7088333503561521	1.4131406259987287	0.5789344336243916	0.4183985811261348	0.3069809381202102	0.9547165159447317	0.42254131151706537
TKO.DTT.69	3.038676179835743	2.353173959863173	3.2733321825017208	2.4646125623859025	1.9153589633671793	1.3827784113249326	1.7318125610649806	0.8434852992903038	1.9282858935938687	2.75913405110981	2.784311389408509	2.3141526038883398	1.563760506971399	1.2690659746586033	2.5267250728791373	2.846104789757405	2.535061220741934	2.056345760188627	2.826719585430636	2.540733308582207	3.007662651137166	1.3961631273715966	1.9029318624695257	1.1237350211471373	2.0104265761266187	1.3531864252986403	1.5021827251236541	0.46387698935644217	1.6988571637109244	0.21255383975236777	0.0	0.6754542156942347	1.3966328784564361	0.8086721630528091	1.005538943398987	0.5195415325214827	0.7110726839748127	0.7580185341807115	0.6094948289904105	1.0531746982414247	1.6126383868126943	1.6179033255006263	0.7147956813407843	0.5771161502635808	0.4125586384472886	1.1573251279730972	0.24285862441144696
TKO.DTT.74	2.7817860997431945	2.0577763495059775	3.3016942940234655	1.8515435079227964	1.267735328739528	0.7182391566240189	1.8461986853839325	0.628775775315232	1.8704735505521661	2.7483047724699303	2.5977151282435633	2.21117920283759	1.290378480878228	0.6692589270025562	1.9927688450727474	2.436198285168836	2.0797185683646435	1.4835859456725742	2.557429128262599	2.1747289415491156	2.392356003865983	0.7642424088448543	2.3031199062354473	1.6625447842636754	2.469925434035247	1.8888493748730795	2.0295341372919515	1.094500515958643	2.0766129663816577	0.7498858130279031	0.6754542156942347	0.0	0.9830433194021355	1.443876859136334	1.2149484813481155	0.2747513984401169	0.6504123538666544	0.350020806952297	0.19998456713832047	0.5265864022049981	0.961719111099662	1.942268271555296	1.3277540310713452	0.7277398998054482	0.5624582763864482	1.5291953015503317	0.7442126113237196
TKO.DTT.75	3.5896624020915415	2.8689241327278285	4.256851627958631	1.7219649592179325	1.5111562593522434	1.0376823848279475	2.8229446568684122	1.5949933334972393	2.8190634767761398	3.696968901009972	3.46266404340539	3.133241259285348	2.1650858984993775	0.6330877939254452	2.487527696568913	3.1008905048142243	2.706921207793745	1.9666091939311434	3.362574827367321	2.907428068674381	2.5009909578841927	0.6550095214904258	3.244201592442424	2.5161116368746295	3.3837049138467337	2.746630043630893	2.893300183136355	1.8537833955712424	3.02408790567323	1.5677131131149433	1.3966328784564361	0.9830433194021355	0.0	1.8725178917060565	2.187769627619999	1.2368255214843544	1.6258908721501097	0.724193060808774	1.1823225000686008	0.4782276313368965	0.8144272379508253	2.9045080943904473	2.107094289278189	1.6897801968944635	1.4981855910452455	2.4706000687418785	1.2976464782869563
TKO.DTT.87	3.729394712109906	3.0794174510722914	3.741488458195477	3.185338906050681	2.703978236577792	2.1515323931822508	2.2268903535894458	1.6253939036041332	2.5368322676687263	3.282820366588833	3.438570747820541	2.9309004552395277	2.311803677155073	1.950378425619256	3.33211401236284	3.615095094609068	3.3227624118838444	2.8650059688489806	3.5294395592612595	3.2963344468980615	3.7920591778742474	2.084206730313111	2.0344887337058233	1.1685754560444612	2.0302964125126373	1.3385269905330746	1.465930481867567	0.6833615007524693	1.8936266281380907	0.8767535595937693	0.8086721630528091	1.443876859136334	1.8725178917060565	0.0	1.541248573352954	1.3270574860954216	1.4713018355034253	1.4163400596971631	1.412059008811606	1.6850831111029596	2.3146880889547248	1.9006625477760084	0.7655063918674977	1.2840669742993647	1.1776936788187082	1.4784391884808685	0.7067481673345296
TKO.DTT.92	2.213752501018636	1.6206139497101673	2.271130356572368	2.6814719935190037	1.990376612108136	1.6636884704323438	0.7347728537792967	0.7011282214919623	0.9964607028422596	1.7702380706471033	1.9049403318889082	1.390383948540065	0.9707436485605818	1.811241955671997	2.1746503866815994	2.23037585760829	2.0248566600984987	1.8562051901955565	2.027416376242279	1.8878838564064582	2.937370019521181	1.903352334977277	1.1258679125630018	0.7977308893454332	1.335916237754101	0.9470779583196745	1.050446073674183	0.8599234665975304	0.8947100130353959	0.8086854273236722	1.005538943398987	1.2149484813481155	2.187769627619999	1.541248573352954	0.0	0.9519808313039513	0.5934045454891782	1.485569026053425	1.016573600847394	1.7355933049327874	2.0479973328820864	0.7359754730394255	0.8473713061309439	0.5040266451465019	0.7120890859388973	0.40432819166357264	1.2300859210739357
TKO.DTT.93	2.661651460877366	1.9504559682458396	3.090666512591199	2.0163030494104266	1.4076298607359263	0.902419027592819	1.602847522162423	0.4366710438451073	1.6719394757891313	2.545091934074355	2.4485561621663865	2.0301497589722795	1.1584464331944335	0.9072283530550318	2.018734126413715	2.3866753816353468	2.0541676481324553	1.5391339247409594	2.4408959171120803	2.1004499772687435	2.504039351881915	1.0132252784014837	2.036135287377205	1.407130243389265	2.2031257682008354	1.6304521462514732	1.7718419068108333	0.881308290056244	1.810116169746786	0.5366395874697445	0.5195415325214827	0.2747513984401169	1.2368255214843544	1.3270574860954216	0.9519808313039513	0.0	0.4034189752966783	0.5446558575300945	0.11126930605507955	0.7860712817399792	1.200027809968511	1.6766033658589952	1.0981219092728887	0.46332405722576375	0.311774186939874	1.2601558635739332	0.6699377678272928
TKO.DTT.104	2.3345868888012578	1.6470242742388865	2.6937003588821447	2.1516679892682893	1.488008212021085	1.0933732736850847	1.20172251341242	0.17702558290332363	1.2838421782387968	2.15196334216393	2.0943787086772363	1.6517789727486718	0.8534007923869863	1.2181221425685755	1.8938216375415649	2.1469089013038913	1.8540832005168917	1.4778361291774116	2.119957010090431	1.834811349991877	2.5144026744104635	1.3121865755670996	1.7131652450864447	1.2089640831957262	1.9069561687868275	1.4112727658997792	1.5425089699978194	0.8757310643822226	1.4831108794046193	0.6038855239605845	0.7110726839748127	0.6504123538666544	1.6258908721501097	1.4713018355034253	0.5934045454891782	0.4034189752966783	0.0	0.931108815448085	0.4532048080955147	1.1602530203696395	1.4629280136912113	1.3286404815853075	1.0203203400771934	0.24240118984380882	0.3355173836448666	0.9533195370969055	0.9282231473395199
TKO.DTT.105	3.069943912534366	2.351473418855945	3.6059673808134893	1.7971190258732894	1.370414921293942	0.8008225760207418	2.128493483798097	0.9311474871530993	2.1753733598728546	3.0546192947829907	2.8938131834937098	2.5144611086905853	1.579422135390412	0.5349016827785893	2.195922667964595	2.692168301912671	2.323498445577432	1.6795051103283993	2.843506391158624	2.444767520987466	2.452797223831875	0.6761376762872362	2.5449928319513155	1.8450165323921899	2.6913899221970947	2.0732327564254134	2.222921372019141	1.219131406881471	2.3241538663567867	0.9064898505268043	0.7580185341807115	0.350020806952297	0.724193060808774	1.4163400596971631	1.485569026053425	0.5446558575300945	0.931108815448085	0.0	0.5192561639239746	0.3209468933079409	0.9061439621859968	2.200569118385935	1.4656064081440046	0.9952672492090603	0.8144847407129	1.7679110061071468	0.7559334208380604
TKO.DTT.110	2.640820580177339	1.9222803039871053	3.1135471306857943	1.943952595411348	1.3172488065900203	0.80839515363065	1.6484923401040659	0.4444903284370401	1.686975392054974	2.5631040986221647	2.440162280434435	2.0363674547659083	1.1416631626136635	0.835113313243648	1.9500889984853516	2.3396581327170627	1.9991371581276016	1.4610791867072412	2.418636650061806	2.061670720409106	2.4279617987290383	0.9282989203670262	2.1120235042926647	1.4998425167829388	2.2854186138774875	1.7225413311444504	1.8609010501426535	0.9779406664813326	1.884290732226728	0.6312664907842068	0.6094948289904105	0.19998456713832047	1.1823225000686008	1.412059008811606	1.016573600847394	0.11126930605507955	0.4532048080955147	0.5192561639239746	0.0	0.7236194446359924	1.109235413912525	1.7461024462928763	1.1954392264826292	0.5363476373779013	0.3932743542118294	1.3396422193279054	0.7363710732141702
TKO.DTT.111	3.1441147531149873	2.421453201801051	3.7811314796255737	1.614026714702246	1.2252907625675007	0.6726795573493315	2.3507655707496515	1.1204503448013698	2.343062830283	3.2218065226817405	3.0013298823459076	2.6601010809826056	1.6957746361199215	0.32335890985923454	2.136030539370245	2.6976092830797973	2.3124465900984243	1.6092245394310745	2.916687134333398	2.4806022719024634	2.302935531157632	0.418607114521408	2.8186570415546934	2.138511204002502	2.975463310656223	2.3677417047714813	2.5136100835802613	1.5137593199492023	2.594095045035462	1.1940206998191483	1.0531746982414247	0.5265864022049981	0.4782276313368965	1.6850831111029596	1.7355933049327874	0.7860712817399792	1.1602530203696395	0.3209468933079409	0.7236194446359924	0.0	0.6499410052260166	2.462662358451829	1.7622699531976995	1.2476258875949218	1.0715266960840124	2.0419371051322717	1.0237141068130147
TKO.DTT.123	2.9491967987163292	2.2577296608023243	3.808322807528294	1.042247101029001	0.7115975578025278	0.4206893389226106	2.5308789325298626	1.3511416005430534	2.3995708157172433	3.2446518099076593	2.8829323302656555	2.6457382535348644	1.6725388335496585	0.3923900690298529	1.7116162935410624	2.377376503805045	1.9770138557151027	1.211852049380012	2.7259257259579703	2.2308067562397613	1.7111396328357604	0.23370307051432992	3.1727625490991307	2.606172884723323	3.367363988769421	2.827423149995514	2.9667573556638853	2.0511665410976527	2.9415901502903865	1.7088333503561521	1.6126383868126943	0.961719111099662	0.8144272379508253	2.3146880889547248	2.0479973328820864	1.200027809968511	1.4629280136912113	0.9061439621859968	1.109235413912525	0.6499410052260166	0.0	2.78016636852891	2.285240187066513	1.6252616997947817	1.5024979052337073	2.413592337624596	1.6314117468117741
TKO.DTT.128	2.2803727165945835	1.8736214503648634	1.8796184536352956	3.3607813254228045	2.667168279387873	2.38829717253673	0.6189830670435755	1.4294002529656864	1.0768211158850796	1.5024412559089453	1.914811456866206	1.387456047707688	1.4777178377685976	2.545922226795847	2.6703113669071668	2.5325059377666803	2.4306567292678944	2.4496067772574253	2.148054541824847	2.1891933067089338	3.525627634653745	2.6391523215060366	0.4190255763910884	0.7673595952996898	0.6784239043016465	0.7155231564124034	0.706860728382721	1.2984921452004734	0.20788041761268947	1.4131406259987287	1.6179033255006263	1.942268271555296	2.9045080943904473	1.9006625477760084	0.7359754730394255	1.6766033658589952	1.3286404815853075	2.200569118385935	1.7461024462928763	2.462662358451829	2.78016636852891	0.0	1.1381977160696974	1.2170563142930995	1.4090563637739777	0.4626578704993234	1.8193512207457485
TKO.DTT.129	3.0604532588530917	2.4583061764525125	2.9794600690380504	3.077549945591003	2.4746466459053633	1.9991673008412851	1.4857933908370327	1.1919022355479796	1.8316996188760482	2.532442279913829	2.745535594953102	2.2221958604679743	1.7518605770271762	1.9575507409243496	2.8955134771200592	3.0490376749620562	2.8072211256369006	2.4938467065981462	2.8747095157774645	2.712574793472127	3.52360120853704	2.081141616081331	1.3114530484819455	0.45277879920049025	1.3606266665603894	0.6695052779210242	0.8156268725360857	0.2534871351744808	1.1469656113372275	0.5789344336243916	0.7147956813407843	1.3277540310713452	2.107094289278189	0.7655063918674977	0.8473713061309439	1.0981219092728887	1.0203203400771934	1.4656064081440046	1.1954392264826292	1.7622699531976995	2.285240187066513	1.1381977160696974	0.0	0.7968994437227498	0.8209843598229073	0.7159979319115444	0.8332680291626235
TKO.DTT.140	2.4748936112577598	1.8015949557524822	2.7243747014101634	2.370493211891117	1.7025811414027978	1.2782219848357979	1.2049415515742752	0.40002475883827854	1.356601757888872	2.1980035604294317	2.2131587528541004	1.7412147796553985	1.0354297986286256	1.35897367391646	2.1123740851128567	2.3349940927449744	2.0562662916039334	1.6979611457981845	2.2672420049788626	2.014859809150749	2.7499587400221794	1.4569276820356367	1.5760556179218916	1.0039907636355359	1.750745329365138	1.215901310591917	1.3480931683104915	0.6581204709577004	1.3490488913751002	0.4183985811261348	0.5771161502635808	0.7277398998054482	1.6897801968944635	1.2840669742993647	0.5040266451465019	0.46332405722576375	0.24240118984380882	0.9952672492090603	0.5363476373779013	1.2476258875949218	1.6252616997947817	1.2170563142930995	0.7968994437227498	0.0	0.21261160055458342	0.8038833505299471	0.7979284105191133
TKO.DTT.141	2.6398771251874527	1.9492912252673522	2.9318519578634556	2.308706458255242	1.663073408061973	1.1894575463275132	1.417331306225182	0.4624719421672059	1.5534898539586286	2.4021305979483962	2.3924326918426324	1.9332392583101365	1.1711430033106922	1.2167784529598131	2.170975143641523	2.452533865196187	2.151634500524176	1.722910756154187	2.4278213201903713	2.1437887449871367	2.747355651687372	1.3183857740304672	1.751839915730201	1.1093291422070906	1.9104477086182647	1.3330302925104542	1.4705104395482023	0.626988878689901	1.528718133548983	0.3069809381202102	0.4125586384472886	0.5624582763864482	1.4981855910452455	1.1776936788187082	0.7120890859388973	0.311774186939874	0.3355173836448666	0.8144847407129	0.3932743542118294	1.0715266960840124	1.5024979052337073	1.4090563637739777	0.8209843598229073	0.21261160055458342	0.0	0.9795542581835782	0.6150334646548408
