	IL17.DTT.118	IL17.DTT.119	IL17.DTT.120	IL17.DTT.130	IL17.DTT.131	IL17.DTT.132	IL17.DTT.143	IL17.DTT.144	IL17.DTT.142	IL17.DTT.202	IL17.DTT.203	IL17.DTT.220	IL17.DTT.221	IL17.DTT.222	IL17.DTT.28	IL17.DTT.29	IL17.DTT.106	IL17.DTT.53	IL17.DTT.52	IL17.DTT.88	IL17.DTT.89	IL17.DTT.90	TKO.DTT.4	TKO.DTT.5	TKO.DTT.6	TKO.DTT.46	TKO.DTT.47	TKO.DTT.48	TKO.DTT.34	TKO.DTT.35	TKO.DTT.16	TKO.DTT.17	TKO.DTT.18	TKO.DTT.22	TKO.DTT.23	TKO.DTT.24	TKO.DTT.58	TKO.DTT.59	TKO.DTT.60	TKO.DTT.70	TKO.DTT.71	TKO.DTT.72	TKO.DTT.78	TKO.DTT.76	TKO.DTT.77	TKO.DTT.88	TKO.DTT.89	TKO.DTT.90	TKO.DTT.94	TKO.DTT.95	TKO.DTT.106	TKO.DTT.107	TKO.DTT.108	TKO.DTT.112	TKO.DTT.113	TKO.DTT.124	TKO.DTT.125	TKO.DTT.126	TKO.DTT.130	TKO.DTT.131	TKO.DTT.132	TKO.DTT.142	TKO.DTT.143	TKO.DTT.144	TKO.DTT.154	TKO.DTT.155	TKO.DTT.156
IL17.DTT.118	0.0	0.730348376377999	1.0595332220396894	4.139097342788314	0.7167864990317392	1.071186880198416	3.0259911535231487	2.9299452767632004	2.6717453645798357	2.859999717465308	2.787752811801539	0.9506466798605583	0.5738275483445117	0.7154953934551447	2.974017624980163	2.752452688422973	1.223501573845997	2.2319559059383987	1.693453492679141	1.773351393913784	1.7678046701497732	3.3583771081600995	1.2927520981880047	1.353590368327642	2.4606213859039734	2.8339694640986273	2.6122854654159755	2.8173713188522673	4.164084010404474	3.1716054771341797	1.1450352737233782	2.0247257982121334	2.3984545746861095	1.2473924119926154	0.5758722248775476	1.0456957286058912	1.0996819282823473	0.8283235620214949	1.3901671987470545	2.6920652126855935	2.9210874001130174	2.8136805626160832	1.4824738055677797	2.0169332915786318	1.6896357541389389	3.5718951156432417	2.373701397521151	2.0722042618457768	1.4461151918651973	0.811306997200139	3.0634196467550505	2.78389424449296	3.1076319575728184	2.2583143850446277	2.356809586528132	2.636770275012258	2.0527358311259443	2.0853826788407357	2.660367416663147	1.6057818860466675	1.92314883761012	1.0586423141895969	1.1961041585304564	2.166324443287875	0.9425347883368378	1.1580654599866576	1.8635193631038638
IL17.DTT.119	0.730348376377999	0.0	0.4613379169794097	3.6102218843276583	0.7378959041587106	0.5980760307254747	3.1138638291779883	2.9222234380204815	2.9891506065358757	2.9709702185309417	3.0287218623786374	1.5533970127902959	1.2898950904959774	0.9420499463871039	3.295365420197473	2.958685499126617	1.7603152218923532	2.2848022347932484	2.2975364276608676	2.09297941180021	1.4251217290470628	2.789977782930095	1.4283690967452527	1.8587556700075374	1.8826694593109559	2.88120526544494	2.6591833566871173	2.464433614791321	3.906356715888177	3.0024323529080625	1.2699973258126183	1.6812679205753853	1.8377463447934008	1.9597142187882621	0.6509389634309585	0.5044480405351436	1.0961889834176564	0.6862457180793818	0.7866786860169414	3.0328205951459	3.254183358268796	2.757395772003652	1.4691841208506888	2.2676042925599407	1.964502528701315	3.42922575909283	2.60023888449595	2.2295278953219264	2.042175007120929	1.0976539119876965	3.0371165136336513	2.87829974320409	2.8237956071787043	2.506239446541256	2.9057977088792626	3.008213026627078	1.997450417371003	1.9910130864397524	2.405970565740455	1.7907462448661844	1.473060536415647	0.3761016116315156	0.46897195931487284	1.7163642693127952	0.7078749644552857	1.7391786879777051	1.2539945506021397
IL17.DTT.120	1.0595332220396894	0.4613379169794097	0.0	3.583717419068954	1.0352831479743498	0.8272116797389605	3.2834604466093817	3.075752418095964	3.2345692115009137	3.2058971058854233	3.2439021416494143	1.9107240456938162	1.6040339876882217	1.3181172891716344	3.522353265663772	3.184621831004585	2.026330429701364	2.4342421794444107	2.583825770053016	2.4001123201574686	1.5513955051833532	2.7681665516582648	1.7960883222317732	2.1373323414959895	1.8668873609381456	3.131862431986333	2.9108233524226583	2.5475844887848806	4.042149395168563	3.1935719343559077	1.6662950467805215	1.8990004179870057	1.8958436177813789	2.2374508237647586	1.078833647364467	0.7851779852627929	1.4947684437514897	1.0797252813574494	0.9408055132750944	3.2796524447522346	3.4958957421018333	2.9562838536399574	1.727317597738654	2.566179658867281	2.2584597806664646	3.6189004072654454	2.880910504755282	2.469059074516683	2.344243899650885	1.1218894512781163	3.2523463376532846	3.0909814226164007	2.964041290146033	2.7865900636024468	3.121321967811975	3.254316774996443	2.265167797517807	2.2296463791736962	2.610080119386314	2.0542991612591273	1.5687943686757433	0.444128422759577	0.3858419127831466	1.8083441113351175	0.7935443702635238	2.019108082514535	1.1832745730134626
IL17.DTT.130	4.139097342788314	3.6102218843276583	3.583717419068954	0.0	3.4897795435981185	3.081713572565344	3.255310136866861	2.8346126845282837	4.063585960015445	3.2575358764533524	3.809212476633384	4.329362411262807	4.477827290920456	3.642006414080762	4.232900705003273	3.636355572252759	4.29156243796404	3.0898723033344475	4.741408619297233	3.774230589713803	2.4317377765365626	0.8663973588614362	3.3955962585182466	4.231155999391141	1.734593907987545	2.9988548443722545	2.977712474445391	1.5766825477510658	1.7841164240626386	2.132562969102677	3.4552861636321763	2.293192325994094	1.8391799804379458	4.976604836853099	3.64539046243155	3.1632249429800448	3.3384293642671685	3.3740361783798063	2.8673627207953842	4.171862517445853	4.2450394592430705	2.5933559730319202	3.039499015834408	3.6055951053175948	3.635166266323455	2.2656964006072284	3.591669380934647	3.3341680416247135	4.557834788243203	4.182088968165847	2.7211651744461376	3.187759176474185	1.66540194583591	3.642578021020594	5.0003289493143	4.282963923685812	2.7546297368221198	2.6355586519288186	2.017281577472672	3.411235608975612	2.2202681871043453	3.5701047587607393	3.30696012886996	1.9863597531787585	3.3383828494613805	4.38355326080614	2.4022157417682903
IL17.DTT.131	0.7167864990317392	0.7378959041587106	1.0352831479743498	3.4897795435981185	0.0	0.5830017349087031	2.4226995454395266	2.2748772727326614	2.251407203003565	2.277783100805245	2.2957049375904184	1.043826795585999	1.0043325101925926	0.3550176053287166	2.557969313202238	2.2313970744985663	1.1412026876391008	1.6059267626696758	1.6979354639915443	1.3712013504113936	1.0752780827712953	2.750844748160076	0.8209381930558824	1.201392386359898	1.8761671585021538	2.2292355929072727	2.004037432174193	2.1154839426861676	3.4735401721276022	2.496490369819024	0.7422330605046173	1.410964540557933	1.8391898391623216	1.5797053877713698	0.4143319801974313	0.6908039559311746	0.6785983282366819	0.411306903272943	0.9874505240852058	2.2958956796028187	2.5165994935651197	2.1493092876167723	0.8182571680237049	1.5485752071629624	1.2363173128133	2.9009880541562727	1.8805425147337869	1.5095311768195163	1.447135820437875	0.9500225941405065	2.4182814039300657	2.18528541572068	2.415279640084517	1.7806584300048125	2.266508547268403	2.2745343647964424	1.41603255729166	1.4205794843947432	2.002804179865417	1.0611493691186211	1.27733758322199	1.0908011069973356	1.0456880160165725	1.5167478699710613	0.44068172582068454	1.1583531185936438	1.3394589011018816
IL17.DTT.132	1.071186880198416	0.5980760307254747	0.8272116797389605	3.081713572565344	0.5830017349087031	0.0	2.6414806796436494	2.4065380923592876	2.6527074151568035	2.493046526148986	2.6439849929147154	1.5799173996433988	1.5103034446598527	0.8139848457651544	2.9592622049313078	2.546039451306802	1.7176243521010004	1.8387311161694744	2.2679869004847015	1.7929467625036655	0.8359258761682901	2.2888359437257906	1.0883842190341164	1.76236066161243	1.3900298506780604	2.370231917740254	2.1535837797425006	1.8718364526048037	3.308717283677628	2.4171952488154136	0.9813842109121984	1.110198364761884	1.340363695817469	2.1353306906680114	0.6574194108215597	0.20751173787597865	0.7847330099595843	0.45430658558128073	0.4116368150194568	2.713444314523705	2.922350478634449	2.2076236611828004	1.0022547643348676	1.9026282262762557	1.64256007130652	2.846551097877504	2.201879584878142	1.8132978576877985	2.014623526227101	1.339317211139156	2.492550039559477	2.3992751928395526	2.2259443370047785	2.1277344817552315	2.8244482400446347	2.716759657302527	1.4692207320150112	1.4437658109209417	1.8196148437485116	1.4257628456890412	0.8923578184330303	0.7836205429057213	0.638285086379165	1.1378144072278158	0.5503389824446544	1.7377802479903959	0.8364261249867667
IL17.DTT.143	3.0259911535231487	3.1138638291779883	3.2834604466093817	3.255310136866861	2.4226995454395266	2.6414806796436494	0.0	0.4273427945678817	1.0014344303849358	0.5324082479073805	0.6632552479592883	2.5114277730046575	2.90918783022673	2.396487475862544	1.0361668095467633	0.5654858498457279	2.1879714452860575	0.8580147931664649	2.312227469118222	1.4840787191965092	2.015362515520783	3.057097169230814	2.0079546903336256	2.038533960254966	2.7396220441352135	0.8358261538079891	0.8670505696395494	1.8635157126483877	2.181433289411359	1.435778541819703	2.2303096905945243	2.2073842420177656	2.7827350962509474	2.959495925060702	2.702498829179219	2.823916476084853	2.372937515377042	2.5780108273064086	2.8745438011413853	1.0982634405418439	1.0838885630208235	0.8614718791488407	1.6948345864503833	1.2488174784570667	1.4594098170647731	1.4789571827334798	0.9741445871684727	0.9907764947262468	2.297692235194527	2.891082563133886	0.8588753500621392	0.400628739848235	1.7614365358469013	1.0444125025418631	2.187072229576276	1.2314338402753056	1.4494922913251933	1.4123678493215288	1.8179424233881232	1.4429338260317754	2.273718238416198	3.403647984978947	3.2320541133282985	2.260993528534091	2.504078250463211	2.3223786998186715	2.756941465466386
IL17.DTT.144	2.9299452767632004	2.9222234380204815	3.075752418095964	2.8346126845282837	2.2748772727326614	2.4065380923592876	0.4273427945678817	0.0	1.316194589842308	0.6264187115592657	1.0088217715633163	2.5255596609862043	2.893095285560277	2.2800466890512867	1.4184885644623968	0.8632979607922522	2.2510491301083184	0.7642422411348015	2.466670060860889	1.5391790416297984	1.704156656354997	2.6325074135358504	1.8823778509039444	2.114384978511104	2.3523683375120763	0.7295325467437282	0.7317220264018109	1.441406220778528	1.8607056831783158	1.0838922364081367	2.0945783978556634	1.8763218291890997	2.4019182203989202	3.0408877931044227	2.554211154883097	2.5884891905645584	2.200787642622731	2.3941191421186074	2.5958856516364044	1.4215751978461675	1.4496845626110217	0.5343013983903868	1.512596206107266	1.2978086974026917	1.4738389339720703	1.1900738542468587	1.0899345862325989	0.9829908957616402	2.4067490735670547	2.825364027011109	0.6306195684844389	0.47440327768194374	1.3531055990818015	1.159436668664909	2.4486508991867573	1.5485227249592441	1.2088580686648265	1.1382562814277206	1.4499036940016559	1.3888266374521867	1.9323006682266533	3.1815918693363288	2.989201352737199	1.8924387279558044	2.324194347699927	2.3830451058042867	2.4311319052778106
IL17.DTT.142	2.6717453645798357	2.9891506065358757	3.2345692115009137	4.063585960015445	2.251407203003565	2.6527074151568035	1.0014344303849358	1.316194589842308	0.0	0.9201779171213947	0.34832017407652505	1.92351548126081	2.3804026335638686	2.1211921809571965	0.3366858884979039	0.46724438981619903	1.5850830115535974	1.149959353348722	1.4925281826512526	0.9735021482653482	2.298321814302798	3.7140258685111096	1.7875925685708942	1.4124915046299633	3.207608300884198	1.2468619813421762	1.2018806675370066	2.539027623644293	3.0297851725382734	2.131309837891039	1.9978016492962836	2.489539274316976	3.1950507414815537	2.241644403948422	2.4689227566498335	2.809779795502111	2.2108246376472898	2.4408335824536547	2.9695027003426215	0.11024508232296129	0.2705296282431792	1.518753395791568	1.6946600818375124	0.8556184023161327	1.0615112375817966	2.2407074966623766	0.6435226761297873	0.9017101115129343	1.5544018860703015	2.594624879700205	1.5262437227521402	0.918842829660738	2.4758906940797156	0.6291804347631327	1.3191206366007269	0.25525825861562773	1.6404546244895948	1.6847899134939432	2.316049683389989	1.2290483289852494	2.605852925521096	3.335297782941422	3.2438239013145425	2.6722484363037413	2.4557263497699817	1.698714956089318	3.0488525135611493
IL17.DTT.202	2.859999717465308	2.9709702185309417	3.2058971058854233	3.2575358764533524	2.277783100805245	2.493046526148986	0.5324082479073805	0.6264187115592657	0.9201779171213947	0.0	0.7053635348134838	2.286160451449437	2.7318438332095023	2.186212448901341	1.0670865758428558	0.4903440390403565	2.063326216380814	0.9460122315225079	2.16402824068119	1.224290951974882	1.906645009444798	3.001243014422235	1.7114100712407678	1.8963968064727308	2.661903176103035	0.3871374912464796	0.44824519613436026	1.8110875354733993	2.114978504542723	1.2379769071320443	1.9341142530151891	1.9689067242682297	2.637815921574945	2.803620582595899	2.490118113250296	2.6532688479877558	2.0924209788349217	2.3659511072380637	2.709380038375486	1.0272490824654374	1.0503032289567091	0.6707341294158037	1.5054576178485968	0.9375381859976073	1.2251519725148685	1.320652671013319	0.6243564937061802	0.8092734356289876	2.1256342485308117	2.868940881236371	0.6092170648966054	0.2010380937472939	1.6368984324835738	0.7426443546389878	2.1805644989050696	1.1732491316225198	1.1441650599294089	1.159447625214862	1.5679776795354432	1.2613693848007215	2.1547767030053135	3.259623893463114	3.117509611646278	2.1387179846901763	2.4401539670166557	2.1807327834222963	2.6956772421981614
IL17.DTT.203	2.787752811801539	3.0287218623786374	3.2439021416494143	3.809212476633384	2.2957049375904184	2.6439849929147154	0.6632552479592883	1.0088217715633163	0.34832017407652505	0.7053635348134838	0.0	2.121513914538916	2.555836706225881	2.2069194913210333	0.4277586621268139	0.22141799993456968	1.7687842297994063	0.9662616663212628	1.7639772444178132	1.1175462582718583	2.1929817882834137	3.508780579542117	1.8552664543353923	1.6043799396228966	3.056781682188167	1.074267808906539	1.0497257765681633	2.3187490806890874	2.7621587781083488	1.9083711362827913	2.075410243660895	2.4009124830474895	3.0676113623481824	2.4811578401524215	2.546524053880408	2.814189321809539	2.266802120829004	2.4851025960123105	2.940239184888302	0.43754265186522184	0.4536409322308877	1.2881696443799122	1.6704904788902148	0.9436625407754813	1.1591021773163428	1.9963943331076754	0.6738939920325604	0.849271015160444	1.7998994028844013	2.669982859039774	1.293756742559048	0.6631021931971807	2.2493435012923784	0.6973725244131452	1.5808797792153004	0.5701221028731083	1.5607898111837306	1.5770004985137998	2.158556847174982	1.2570715056085224	2.4924261474521456	3.360220083193524	3.2384184046464486	2.5364079593446065	2.4526528827911958	1.895037943706466	2.9474488710169524
IL17.DTT.220	0.9506466798605583	1.5533970127902959	1.9107240456938162	4.329362411262807	1.043826795585999	1.5799173996433988	2.5114277730046575	2.5255596609862043	1.92351548126081	2.286160451449437	2.121513914538916	0.0	0.5335684822768518	0.7768212052948842	2.223960243965348	2.1067608251586765	0.5559647926052546	1.8747954956053021	0.845143608637474	1.0692236566532765	1.9319960475262101	3.646132055686885	0.995844215137612	0.6120616942418274	2.8291754060663377	2.321544345141951	2.1230126554792794	2.8322920176193676	3.9474215102769854	2.8970463755177507	0.9658318255736665	2.1214591282800757	2.7409214284064203	0.7267599662468174	1.005654688469268	1.6258064829633678	1.1269132954807495	1.188895532416781	1.9396027444319328	1.924274916438254	2.1497694643379304	2.44077680392579	1.3178700121555773	1.355355778303136	1.070698239845436	3.2365296414280382	1.7019779412001592	1.5512605000134672	0.582820600968789	1.2934971465623493	2.6256598529425377	2.2493783404061225	2.9915012895800834	1.5783769867715618	1.5990827864393333	1.8537630369447842	1.768768038886255	1.8498845173280418	2.543699208531921	1.1512381181375015	2.1799011374455017	1.9100656877845932	1.9835872445333544	2.3814522152811533	1.4260672717860046	0.45597746989823884	2.366237329381045
IL17.DTT.221	0.5738275483445117	1.2898950904959774	1.6040339876882217	4.477827290920456	1.0043325101925926	1.5103034446598527	2.90918783022673	2.893095285560277	2.3804026335638686	2.7318438332095023	2.555836706225881	0.5335684822768518	0.0	0.8568187537366615	2.6686995264870417	2.55043300793032	0.8380366125942383	2.189096642165748	1.1906851337414515	1.541414723630833	2.052887950452482	3.741768790844777	1.3151340324569372	0.9825974890141626	2.8692629654229656	2.7607914080403573	2.550292067583085	3.049375155738602	4.288744161004255	3.2550092913362447	1.2210892144891612	2.3016390644475737	2.8019268398893153	0.6822746645953501	0.92846273256739	1.523025930028761	1.2898634858638451	1.1788519393545673	1.8661242633433381	2.3802731834982906	2.6073590523300467	2.821319233717496	1.5741802606809356	1.8250599173836188	1.5078517288879303	3.6214333781472474	2.176242301646806	1.9538065523587433	0.962995356291413	0.957580362677413	3.0375128188250913	2.6720099565465105	3.279802683830291	2.0494419389461633	1.8913846740831308	2.301499142501582	2.113525746771872	2.170782735452652	2.833805855157196	1.5150852591959656	2.267296304449823	1.6300079919946573	1.7501576690139187	2.4975443654884404	1.3066370060166856	0.7253187585371559	2.3131399864021995
IL17.DTT.222	0.7154953934551447	0.9420499463871039	1.3181172891716344	3.642006414080762	0.3550176053287166	0.8139848457651544	2.396487475862544	2.2800466890512867	2.1211921809571965	2.186212448901341	2.2069194913210333	0.7768212052948842	0.8568187537366615	0.0	2.4420800764326427	2.137264618706209	0.9992748327834362	1.6378848319640507	1.5011983672913118	1.179933384164025	1.2357459654451466	2.9158523471927915	0.5886350997538964	1.0368537430095992	2.072833698680578	2.1311760469418646	1.9103225260275802	2.2228032782782527	3.489820819445045	2.477595876241499	0.4773924669688475	1.4461729666701943	1.9868013691164828	1.4074330642619683	0.3502506006214384	0.8749024960610318	0.49350346591318345	0.432898852079588	1.1717023944145277	2.1604430931168714	2.384566934725125	2.1202123912036823	0.8050239181722642	1.3772106219123306	1.0737484247609521	2.870948143646197	1.7293967499003295	1.4287404287262102	1.237647679323775	1.1385726705569037	2.361589857172902	2.121226081077151	2.456091219349241	1.628283869340942	2.1406133415966657	2.1362503106758046	1.344726245191116	1.3895277513434598	1.999123154600174	0.9678114875662864	1.444903534454321	1.2886708584075173	1.2996158702303509	1.6620738970979632	0.7954243565588405	0.9954261686662924	1.6039575492497666
IL17.DTT.28	2.974017624980163	3.295365420197473	3.522353265663772	4.232900705003273	2.557969313202238	2.9592622049313078	1.0361668095467633	1.4184885644623968	0.3366858884979039	1.0670865758428558	0.4277586621268139	2.223960243965348	2.6686995264870417	2.4420800764326427	0.0	0.6125786648598212	1.8535732630756934	1.3571529584457733	1.7156728325636954	1.3067038881616657	2.5762029341737454	3.934400489422537	2.1210524258688497	1.689354416121245	3.464942975999213	1.4308573087072587	1.4252789190750332	2.7451937277251552	3.126666244539871	2.2995237899294327	2.331908091455737	2.782231160281787	3.4689737982569997	2.4832768744387375	2.7903999246290683	3.1222334833590817	2.5425491512298812	2.76289825990608	3.2771089297982328	0.3081743289063094	0.1304809748748383	1.6953777237195242	2.0033626424208264	1.188770281927949	1.3909208816449292	2.3561181942069265	0.9468867242848521	1.1964367100336901	1.812697917749519	2.845538702577617	1.6670614825775605	1.066927271729198	2.6636953604290086	0.9526748735744937	1.3930575927070799	0.39173016104283576	1.9317985792568866	1.9647568230128512	2.559406397031411	1.5437880061056029	2.8829045627971652	3.642569425434659	3.543157442922444	2.9396623570626867	2.739000089230032	1.968082224484637	3.3218860447728367
IL17.DTT.29	2.752452688422973	2.958685499126617	3.184621831004585	3.636355572252759	2.2313970744985663	2.546039451306802	0.5654858498457279	0.8632979607922522	0.46724438981619903	0.4903440390403565	0.22141799993456968	2.1067608251586765	2.55043300793032	2.137264618706209	0.6125786648598212	0.0	1.7973929787677372	0.8892617946033501	1.8306429937463309	1.0611564918589511	2.0606449774990363	3.3377798089053337	1.7431472697533745	1.6289555828820548	2.9066474909316313	0.8535171908681517	0.8328269065939671	2.145446436754612	2.573284283352218	1.700303026029028	1.966932424388884	2.228803446703505	2.904722638156362	2.525009142833279	2.469798148865151	2.713325377254291	2.152324594832924	2.3906573450595916	2.8224014957257793	0.5738684792604688	0.6091374841522027	1.0859799270100714	1.5556378808524887	0.8406870744524709	1.0922734480284886	1.796142746356401	0.5316538398077643	0.7365178174821435	1.8384041689725463	2.681211422415792	1.0858838220511677	0.46338590760440584	2.0530478513519674	0.5892470428213039	1.7330627402984122	0.7164433830375339	1.3811618644939425	1.4005207432064817	1.955321748947133	1.1781247729485258	2.349601705013344	3.279927805563856	3.153958604953701	2.3802160765978857	2.3965472195012225	1.9213932144340184	2.831684896817
IL17.DTT.106	1.223501573845997	1.7603152218923532	2.026330429701364	4.29156243796404	1.1412026876391008	1.7176243521010004	2.1879714452860575	2.2510491301083184	1.5850830115535974	2.063326216380814	1.7687842297994063	0.5559647926052546	0.8380366125942383	0.9992748327834362	1.8535732630756934	1.7973929787677372	0.0	1.5574043864987164	0.5804640517205717	0.9061505350986149	1.9174581685062133	3.6640454652366694	1.1638681633517192	0.1873719938275335	2.8668601336068105	2.1798251391005983	1.9859083500562489	2.7568064553901563	3.8519780908887853	2.816333824283196	1.2222355706822996	2.229435336697082	2.8383597382746206	0.79885552016439	1.2938492832128414	1.820918493156795	1.3940900289110938	1.423675030585077	2.115856349570982	1.577638359251192	1.801987293091093	2.2811815254191306	1.2807286104069762	1.1989599936718476	0.9003706907177803	3.1288928173622668	1.503995348796819	1.3115197220056654	0.38149556929248457	1.197476196353927	2.4696174066703698	1.9956370514362574	2.9300745817068634	1.3661295038221652	1.1651498656693686	1.490022069730075	1.7540555649227534	1.805627120295169	2.56183814851524	0.972741059815275	2.211342676853576	2.1360879253009535	2.1460273439802253	2.40837817358774	1.4136965809024284	0.14624964267346555	2.4035153793257136
IL17.DTT.53	2.2319559059383987	2.2848022347932484	2.4342421794444107	3.0898723033344475	1.6059267626696758	1.8387311161694744	0.8580147931664649	0.7642422411348015	1.149959353348722	0.9460122315225079	0.9662616663212628	1.8747954956053021	2.189096642165748	1.6378848319640507	1.3571529584457733	0.8892617946033501	1.5574043864987164	0.0	1.8630962002030587	1.0337899365990304	1.3054364623318166	2.6873471765208476	1.3677861595347414	1.447621804324599	2.1569670391527436	1.0754219725133205	0.9128346977128514	1.5593509345167478	2.4689168532856147	1.546281393973289	1.569644602129018	1.6560119746751862	2.2150543166928522	2.356101038027748	1.927592016428928	2.0306268675329595	1.682126487641831	1.8059418115091905	2.1107128086023734	1.2381344805059902	1.3728396843962432	0.9553841665944802	0.957322308657654	0.9163777923522483	0.9203870356616376	1.8037340582573949	0.9146659577524779	0.5149674255543927	1.7756788599781892	2.069964186957702	1.1867523433517666	0.768579887952271	1.6767204831071936	0.885638636501861	1.932382484720185	1.3021871479463296	0.997579982704143	0.9306894075432803	1.5662887191007497	0.7664617414737918	1.6090395764748553	2.579322183669929	2.407299800428935	1.6713406684831098	1.651970879497372	1.693753799928812	2.0178296315559914
IL17.DTT.52	1.693453492679141	2.2975364276608676	2.583825770053016	4.741408619297233	1.6979354639915443	2.2679869004847015	2.312227469118222	2.466670060860889	1.4925281826512526	2.16402824068119	1.7639772444178132	0.845143608637474	1.1906851337414515	1.5011983672913118	1.7156728325636954	1.8306429937463309	0.5804640517205717	1.8630962002030587	0.0	1.0648824223956408	2.4244604567557224	4.1520490321649	1.5526487120689485	0.5403811869578453	3.390187078664474	2.3296933437133927	2.1705584975283836	3.1776745815018503	4.121536382881335	3.088442877964057	1.627101272051383	2.6763480075163395	3.3436701518387184	0.7893087423935555	1.7915641584441213	2.3598437652609237	1.8345420941015476	1.9339789062235757	2.654951796669414	1.4483598057007225	1.6484156069799374	2.5252208082412713	1.7347632964723383	1.3344795888972971	1.1505331006148511	3.3509395499473915	1.569739387789755	1.545427244308268	0.2691833579574672	1.7036693084401981	2.6559961165399093	2.1323098440169757	3.2821272701776976	1.4399216378456974	0.7874636975766498	1.3267921670443301	2.0909869640030774	2.166087284921667	2.9205283152250594	1.3345523530309318	2.723918645335934	2.669788579338058	2.70314654557051	2.9025881170952	1.9928934668230787	0.5648237146067735	2.9635856121261255
IL17.DTT.88	1.773351393913784	2.09297941180021	2.4001123201574686	3.774230589713803	1.3712013504113936	1.7929467625036655	1.4840787191965092	1.5391790416297984	0.9735021482653482	1.224290951974882	1.1175462582718583	1.0692236566532765	1.541414723630833	1.179933384164025	1.3067038881616657	1.0611564918589511	0.9061505350986149	1.0337899365990304	1.0648824223956408	0.0	1.634143811232908	3.2483123675523062	0.8490546268180263	0.734466890782348	2.595291328209258	1.3078169496568928	1.1288887588029288	2.201879669031111	3.0682356744810666	2.028294985798451	1.0426926643823233	1.795504226891043	2.53126430920956	1.6022021662890777	1.5235677381201598	1.921904847065543	1.2678851532283693	1.5115003362753459	2.117858571373114	1.0140002619087336	1.2319643735421848	1.4903350483756355	0.9162221064693772	0.3003810195830642	0.17619913466048864	2.3021347679607533	0.6361803204112523	0.5714470303420868	0.9509185388232232	1.8848829102879523	1.630094695169845	1.2006406057711778	2.2430673546985136	0.5110546484688776	1.435147946205798	1.010825946601832	1.069302593149739	1.1541239641202528	1.8929308476890059	0.4621302580042461	1.9346391952103115	2.437867483006428	2.3849414336596535	2.054582296654418	1.6691243056750318	0.998205220170945	2.3404714994881433
IL17.DTT.89	1.7678046701497732	1.4251217290470628	1.5513955051833532	2.4317377765365626	1.0752780827712953	0.8359258761682901	2.015362515520783	1.704156656354997	2.298321814302798	1.906645009444798	2.1929817882834137	1.9319960475262101	2.052887950452482	1.2357459654451466	2.5762029341737454	2.0606449774990363	1.9174581685062133	1.3054364623318166	2.4244604567557224	1.634143811232908	0.0	1.749358757058991	1.1210968497831333	1.8903722406808163	0.978639676197119	1.7499574938705986	1.5550933221596288	1.0609093516025458	2.5083903675822254	1.649706139218802	1.166624353382805	0.6308006645623854	0.9918309888836787	2.5545368169952347	1.2951409454784646	1.000734675706077	1.0619596014056714	1.0439323377536123	0.916231198047209	2.383161147954584	2.5564056136144644	1.4856096938918064	0.7295141520320835	1.6136282639393342	1.466287222097874	2.0738383821602753	1.8065743028019956	1.4002258482781533	2.2094884672631627	1.8539603092137855	1.7848538284783977	1.7994499856117185	1.4301958419104024	1.7731354031085647	2.8304797383911957	2.4301529066646905	0.927979465771712	0.8269060402126805	1.115991297766035	1.2024350792388177	0.3293931648585209	1.5824555114434786	1.3606444314450095	0.5056453517753713	1.0141474415334653	1.9925515187614233	0.7990154388807437
IL17.DTT.90	3.3583771081600995	2.789977782930095	2.7681665516582648	0.8663973588614362	2.750844748160076	2.2888359437257906	3.057097169230814	2.6325074135358504	3.7140258685111096	3.001243014422235	3.508780579542117	3.646132055686885	3.741768790844777	2.9158523471927915	3.934400489422537	3.3377798089053337	3.6640454652366694	2.6873471765208476	4.1520490321649	3.2483123675523062	1.749358757058991	0.0	2.7407591436392473	3.625833293666527	0.9138797774190353	2.734133983797615	2.6534134716820144	1.1998721568682997	2.0824309756767225	1.9878711387931292	2.7629363136650444	1.6063080707342199	1.0066818348594284	4.290062454137646	2.872709795477151	2.3488406564132736	2.612407386690035	2.6036514643239794	2.0358161786039877	3.8174794337119344	3.931929449017477	2.342644723288427	2.4202641483324854	3.1301957920943058	3.0974546788793855	2.2722623261672887	3.196358849743633	2.8858623719732845	3.9429108191630893	3.4576049604672616	2.541495985770017	2.921504933948034	1.4729347826842032	3.2218239540502647	4.503692376979937	3.9081857147988313	2.243692848086542	2.1303600188998146	1.5975166671293042	2.857633809922878	1.4812967436816817	2.7247087002952575	2.4706585382792103	1.2666875948990564	2.5974044754057504	3.74001101556869	1.599953676804002
TKO.DTT.4	1.2927520981880047	1.4283690967452527	1.7960883222317732	3.3955962585182466	0.8209381930558824	1.0883842190341164	2.0079546903336256	1.8823778509039444	1.7875925685708942	1.7114100712407678	1.8552664543353923	0.995844215137612	1.3151340324569372	0.5886350997538964	2.1210524258688497	1.7431472697533745	1.1638681633517192	1.3677861595347414	1.5526487120689485	0.8490546268180263	1.1210968497831333	2.7407591436392473	0.0	1.10098335273279	2.0060566445386074	1.6082748677159324	1.3966657169538674	1.9139113132294157	3.0236790105627813	1.9888043617088234	0.22545318068096987	1.1676272087301918	1.8798992916410018	1.7127201255994442	0.8399350294598111	1.1731210036812312	0.42949219381988285	0.7590051614443748	1.3568715422916744	1.8436476084733255	2.0521969896393806	1.646374541156133	0.5279605549313274	0.9517953495752427	0.7494784509960443	2.365075762640454	1.281594687199671	1.0524176174853055	1.3185231029013968	1.6635781865509958	1.8567194371161009	1.6795324144855812	2.0425335798048847	1.2087779352518555	2.1363445051236694	1.854580256177502	0.8458321716476636	0.9365350321192814	1.5610935397056982	0.6795422600047726	1.3494359600175707	1.7266856489453373	1.6910532427266824	1.5010426816384026	1.1897137558753463	1.1970740918762741	1.7213361802579323
TKO.DTT.5	1.353590368327642	1.8587556700075374	2.1373323414959895	4.231155999391141	1.201392386359898	1.76236066161243	2.038533960254966	2.114384978511104	1.4124915046299633	1.8963968064727308	1.6043799396228966	0.6120616942418274	0.9825974890141626	1.0368537430095992	1.689354416121245	1.6289555828820548	0.1873719938275335	1.447621804324599	0.5403811869578453	0.734466890782348	1.8903722406808163	3.625833293666527	1.10098335273279	0.0	2.8548381672556595	2.0186050804598423	1.8304149883092675	2.6801887137614266	3.723196413979613	2.6857904082147037	1.1882628912935198	2.177680481568089	2.8196485049342095	0.9276761013185533	1.3558555454122285	1.8726549277805251	1.38129880132821	1.4609646954461772	2.1525268446094175	1.406782054069054	1.6326479090263375	2.142019029958051	1.2184656637053652	1.0276477077959776	0.7471361108449158	2.986232355606762	1.3266431497934164	1.164287251936455	0.3577986507034932	1.3572648202967161	2.3174876254418164	1.8369973086175728	2.825544613805321	1.1888332926315361	1.1062233754885669	1.323952813285604	1.6426320018642866	1.7011492730474007	2.4621664477196	0.8580428201754156	2.1913589854000266	2.2332351413739286	2.231537316698447	2.374833774929859	1.4879394892518618	0.2927481139695245	2.4298071086923043
TKO.DTT.6	2.4606213859039734	1.8826694593109559	1.8668873609381456	1.734593907987545	1.8761671585021538	1.3900298506780604	2.7396220441352135	2.3523683375120763	3.207608300884198	2.661903176103035	3.056781682188167	2.8291754060663377	2.8692629654229656	2.072833698680578	3.464942975999213	2.9066474909316313	2.8668601336068105	2.1569670391527436	3.390187078664474	2.595291328209258	0.978639676197119	0.9138797774190353	2.0060566445386074	2.8548381672556595	0.0	2.437127213183163	2.2909198070620964	1.0788784391809993	2.474460211304708	1.959158414089776	1.9982207783931623	0.9968534948412474	0.34954161889577323	3.443752502292223	2.003076181501535	1.455248106681442	1.8243744573486604	1.742083105623261	1.1511252744604112	3.300542323321203	3.453476338025533	2.0857646783190376	1.6963618635285784	2.54472820657635	2.432347051255836	2.3517049759253927	2.6945830936967483	2.320179536556045	3.165378489921524	2.5664202559500353	2.3533806152925365	2.562811965480944	1.5180460340277795	2.685182303486423	3.8014085669496676	3.3632398875435063	1.7184100264052593	1.6100592495589119	1.3820328469669958	2.1752112423216285	0.6720653340234032	1.8384920230515083	1.5759628019110745	0.5613810466520023	1.7049536779498342	2.930855824263248	0.6985230850663814
TKO.DTT.46	2.8339694640986273	2.88120526544494	3.131862431986333	2.9988548443722545	2.2292355929072727	2.370231917740254	0.8358261538079891	0.7295325467437282	1.2468619813421762	0.3871374912464796	1.074267808906539	2.321544345141951	2.7607914080403573	2.1311760469418646	1.4308573087072587	0.8535171908681517	2.1798251391005983	1.0754219725133205	2.3296933437133927	1.3078169496568928	1.7499574938705986	2.734133983797615	1.6082748677159324	2.0186050804598423	2.437127213183163	0.0	0.2254906695884726	1.5743805751500413	1.8612714734444809	0.9214316151481748	1.8187586718470354	1.7052142747765875	2.3802236749194314	2.908447239467043	2.4046875123706943	2.5166731404065077	1.9528803986050083	2.252963463669559	2.5381546837553532	1.3528039806144712	1.3983778795076625	0.4544048131926187	1.42229100701326	1.0120486983499641	1.2889758182418023	1.0519221185051932	0.7793537635610003	0.9111229798756602	2.2533048973218754	2.924926187856956	0.3696304494350623	0.4886350417216192	1.3435128004847772	0.8989918849483209	2.4550042233299427	1.4907860633281451	0.92853344359513	0.9535194348447538	1.2370413436907775	1.294902583815286	1.9594959959225966	3.142713805672361	2.9990935420962517	1.9146960906938695	2.4021129508556105	2.2866750814350234	2.5379461425021543
TKO.DTT.47	2.6122854654159755	2.6591833566871173	2.9108233524226583	2.977712474445391	2.004037432174193	2.1535837797425006	0.8670505696395494	0.7317220264018109	1.2018806675370066	0.44824519613436026	1.0497257765681633	2.1230126554792794	2.550292067583085	1.9103225260275802	1.4252789190750332	0.8328269065939671	1.9859083500562489	0.9128346977128514	2.1705584975283836	1.1288887588029288	1.5550933221596288	2.6534134716820144	1.3966657169538674	1.8304149883092675	2.2909198070620964	0.2254906695884726	0.0	1.4927237179943775	1.9713453727659762	0.9726481865327075	1.6091373812224705	1.5415508888832417	2.2349761186754704	2.720575400814615	2.1846376167474495	2.3018812795442023	1.7424699789823972	2.0340396084614882	2.334120241998471	1.3083851786782363	1.3893266684255445	0.44459848542419395	1.1978861267009635	0.8428635444808584	1.0927182899519208	1.1818971875378907	0.6697519850615178	0.7197178775532244	2.078444102528247	2.7049215660535886	0.5103474537173057	0.4857673582240565	1.3284277715773676	0.768976004741573	2.337497412787898	1.4331141380830814	0.7292328014838575	0.7569630810035316	1.1577514572334546	1.0795672828251577	1.7800466866110918	2.925011421095836	2.7837546969303295	1.7553979731330212	2.179282093973539	2.0925163655997117	2.349499412461305
TKO.DTT.48	2.8173713188522673	2.464433614791321	2.5475844887848806	1.5766825477510658	2.1154839426861676	1.8718364526048037	1.8635157126483877	1.441406220778528	2.539027623644293	1.8110875354733993	2.3187490806890874	2.8322920176193676	3.049375155738602	2.2228032782782527	2.7451937277251552	2.145446436754612	2.7568064553901563	1.5593509345167478	3.1776745815018503	2.201879669031111	1.0609093516025458	1.1998721568682997	1.9139113132294157	2.6801887137614266	1.0788784391809993	1.5743805751500413	1.4927237179943775	0.0	1.5179937103823034	0.9578340210347998	2.02017447405782	1.0344179437916705	1.1410508606312162	3.47620930845902	2.319016503787649	2.0081474810034066	1.9617982002869818	2.061040793483003	1.8250603447720188	2.6449283910598855	2.745753407991622	1.1592384678494243	1.5171484855503683	2.0385466243227865	2.0627935282541108	1.3153065281491563	2.0495052120865687	1.7626086920914346	3.0054947225803597	2.8591878289895254	1.3874115453327232	1.7238296314989197	0.5192397430021145	2.0863738392935107	3.4394110551793324	2.7453764656443718	1.2213208068889643	1.0847609778271743	0.6986450014586191	1.8437757603942309	1.013941395583335	2.5665471825617305	2.3215490173093114	0.8110997758295686	2.04999015822717	2.8558798250656765	1.4930181512765903
TKO.DTT.34	4.164084010404474	3.906356715888177	4.042149395168563	1.7841164240626386	3.4735401721276022	3.308717283677628	2.181433289411359	1.8607056831783158	3.0297851725382734	2.114978504542723	2.7621587781083488	3.9474215102769854	4.288744161004255	3.489820819445045	3.126666244539871	2.573284283352218	3.8519780908887853	2.4689168532856147	4.121536382881335	3.0682356744810666	2.5083903675822254	2.0824309756767225	3.0236790105627813	3.723196413979613	2.474460211304708	1.8612714734444809	1.9713453727659762	1.5179937103823034	0.0	1.0540291572574256	3.1710968826989947	2.2951430523433003	2.4649555208035707	4.59922242509125	3.64148391683275	3.4323969537264993	3.1778466013215683	3.39888682301415	3.2607779947325115	3.137052108927924	3.1339549894014813	1.6059525700257635	2.727221268885088	2.801581113735688	2.994154322500091	0.8169699514281561	2.6279801456519274	2.5948121081151405	4.00633527546743	4.243995770793072	1.5195584615008764	2.1274417075174306	1.0831684735397769	2.73367438772098	4.24690014364092	3.2828964688563875	2.187483672774919	2.1180417890697565	1.559064944740107	2.880876487507061	2.487630784624689	4.024083600400786	3.8030143067499482	2.2704847600713274	3.490665322181339	3.959877475485563	2.9960047563351018
TKO.DTT.35	3.1716054771341797	3.0024323529080625	3.1935719343559077	2.132562969102677	2.496490369819024	2.4171952488154136	1.435778541819703	1.0838922364081367	2.131309837891039	1.2379769071320443	1.9083711362827913	2.8970463755177507	3.2550092913362447	2.477595876241499	2.2995237899294327	1.700303026029028	2.816333824283196	1.546281393973289	3.088442877964057	2.028294985798451	1.649706139218802	1.9878711387931292	1.9888043617088234	2.6857904082147037	1.959158414089776	0.9214316151481748	0.9726481865327075	0.9578340210347998	1.0540291572574256	0.0	2.1506972042884205	1.4621400346553513	1.9088309935903003	3.551623808054952	2.6603497945775048	2.5496552958997585	2.185967050308679	2.4370584672643063	2.445245810850078	2.2406164698683733	2.2864825907873576	0.6424899507358006	1.7151373542688122	1.771071399741122	1.9520082968315091	0.43567455627043944	1.6422875342323435	1.5846254276081233	2.9627385362613095	3.286325412934011	0.6506190722827903	1.2460739582818436	0.5186126030686027	1.7361529205501371	3.2808114939483017	2.3743860008439897	1.1474804973354822	1.0924861848128995	0.7196071250735872	1.8465161582793936	1.7165856366275052	3.1737612562164963	2.9814827075222694	1.5586582216712592	2.574674725900917	2.9192249159282633	2.3026756908041217
TKO.DTT.16	1.1450352737233782	1.2699973258126183	1.6662950467805215	3.4552861636321763	0.7422330605046173	0.9813842109121984	2.2303096905945243	2.0945783978556634	1.9978016492962836	1.9341142530151891	2.075410243660895	0.9658318255736665	1.2210892144891612	0.4773924669688475	2.331908091455737	1.966932424388884	1.2222355706822996	1.569644602129018	1.627101272051383	1.0426926643823233	1.166624353382805	2.7629363136650444	0.22545318068096987	1.1882628912935198	1.9982207783931623	1.8187586718470354	1.6091373812224705	2.02017447405782	3.1710968826989947	2.1506972042884205	0.0	1.1862306017531	1.854917933771436	1.6835142880138743	0.6637135559727947	1.0325971495498136	0.2459977670853792	0.5992558031261492	1.2381838670106722	2.0495041143909636	2.2612294309738146	1.845331309978081	0.6770109649819014	1.167555002428431	0.9512199799400018	2.537864327983666	1.5018330796601085	1.2741109366474137	1.3768296659728037	1.6087172931572944	2.059153207270435	1.9030056334769392	2.1711128987006796	1.4271611548460854	2.260173650395359	2.052773671856317	1.0204944869707402	1.1050736712966684	1.6692071409326592	0.8813650767103384	1.3597767867903794	1.5585275489583563	1.5513909830381352	1.5269360150573614	1.1389893716319637	1.2322377328950147	1.6772473119484275
