	Vil1.01B.FP11	Vil1.03B.DTT35	Vil1.03B.FP35	Vil1.01B.DTT11	Lyz2.07B.FP283.S81	Itg.24.DTT531.S26	Vil1.10B.FP116	Itg.04.DTT423.S15	Lyz2.06B.FP271.S69	Vil1.05B.FP59	Vil1.08B.FP92	Vil1.02B.DTT23	Itg.20.FP507.S10	Lyz2.06B.DTT271.S113	Vil1.04B.FP47	Lyz2.02B.DTT223.S63	Lyz2.05B.FP259.S56	Itg.22.DTT519.S14	Lyz2.04B.DTT247.S88	Vil1.09B.FP104	Vil1.13B.FP152	Itg.26.DTT543.S39	Vil1.14B.FP164	Itg.24.FP531.S34	Vil1.010B.DTT119	Vil1.05B.DTT59	Vil1.07B.FP83	Itg.26.FP543.S47	Vil1.08B.DTT95	Itg.18.DTT495.S90	Itg.12.FP471.S73	Itg.20.DTT507.S2	Itg.12.DTT471.S65	Lyz2.03B.DTT235.S75	Itg.10.DTT459.S53	Itg.08.DTT447.S40	Vil1.09B.DTT107	Vil1.014B.DTT167	Lyz2.08B.DTT295.S137	Itg.06.DTT435.S28	Vil1.06B.DTT71	Itg.04.FP423.S23	Lyz2.04B.FP247.S44	Lyz2.01B.FP211.S59	Vil1.06B.FP71	Vil1.07B.DTT83	Lyz2.01B.DTT211.S51	Lyz2.08B.FP295.S93	Lyz2.03B.FP235.S83	Lyz2.07B.DTT283.S125	Itg.10.FP459.S61	Itg.02.DTT411.S3	Itg.16.FP483.S86	Lyz2.02B.FP223.S71	Itg.02.FP411.S11	Itg.06.FP435.S36	Vil1.02B.FP23	Itg.22.FP519.S22	Lyz2.05B.DTT259.S100	Vil1.04B.DTT47	Itg.08.FP447.S48	Vil1.013B.DTT155	Itg.18.FP495.S98	LYZFP307	LYZFP331	SLCFP131	SLCFP023	SLCdtt005	LYZFP355	LYZFP319	SLCFP005	SLCFP053	SLCFP095	SLCdtt095	SLCFP077	LYZdtt367	LYZdtt319	SLCFP113	SLCFP071	SLCdtt113	LYZdtt355	LYZdtt343	LYZFP343	SLCdtt077	LYZdtt307	LYZdtt331	SLCdtt053	SLCdtt167	SLCdtt149	SLCFP167	SLCFP149
Vil1.01B.FP11	0.0	3.3775241282502577	2.9528819520444385	2.6387701821041722	0.9431162648072782	3.9218065900994685	3.6260921988718526	3.572052918302886	0.921079026744241	2.392114795693719	3.7801193005892695	2.8803250748660676	0.17606153214733697	2.6751494137950598	0.6405758944599348	2.658644571238789	1.3806887935085261	3.298280745918229	3.1081629947584823	3.5096840311945874	3.660567482271092	3.3051345749042467	3.6934357911829037	3.609011526257945	3.6474526584623725	2.9627325138135303	0.47472590857571123	2.8696332428315614	3.4077411981442896	2.749518379609551	1.6427059045520715	2.7149073177254515	2.5648669439094993	2.516998074574545	3.2701777099144786	3.176525667380542	3.7929101632347475	3.1308804270342803	1.9653002262945347	2.9481310336389592	3.0980898386938183	3.495993239078762	2.551172113853109	2.655795695297203	2.6035435444792228	3.3472072927844962	3.4770983366055783	0.6206909203075899	1.9885684259358434	3.073097222317651	2.5083242642003203	3.06147849558743	0.6597117922325899	1.6970291096068444	1.4070713706689266	0.7876547654044435	0.8489934596811853	2.275145810145058	2.46738824383793	3.158515771258915	1.8635930787417598	3.0237917679440662	3.392955090099517	1.0527621571192953	3.2218374934345784	1.302289130642778	2.346546564546368	3.0249695897648206	2.8554067503530356	1.6634211316304472	2.9941300839652176	1.2795645246628604	2.7540200499100864	3.1279398071451694	2.5307535728355766	2.6972255780357197	2.747479205119752	1.8559565423044806	1.8929993457762595	2.327992628302185	3.0269579791274137	3.1987054778222537	2.9217762658509265	2.987258900314894	2.749754340841496	3.287379863664122	2.347489845927577	2.0302870836758973	2.767412017692201	1.4631327659105267	0.217532574096422
Vil1.03B.DTT35	3.3775241282502577	0.0	0.6935786195488973	0.9186236786490605	3.0021833292963214	0.6659173505371527	2.145612887641755	1.6370657619118067	2.8403341224692844	1.377759951714217	3.265705000708008	1.4071739663254588	3.5519278904102967	0.9090968192335787	3.269574581912654	0.7712910682637587	2.0341696091451964	0.3871626158360228	1.4665450740281594	2.928257219871114	0.7538229206141408	0.8218578173845821	2.9968172244094724	1.427054603470368	0.7859581238584985	1.2205857692474378	3.3909460431618013	2.251763488912234	0.5085875857573865	1.5142521002988423	2.136861756627852	1.9762563242145457	0.8915072244045442	1.0527584052740335	0.5556430996545468	1.6004007813182906	0.6201814892754757	0.4522920667065961	1.4239490430811403	1.7881547700438083	0.8390424262055182	1.238728279755788	1.0717233646560986	1.1233382199630761	3.3719211262699	0.7938860846918377	0.6508667535258826	2.919346151097864	1.7164165911804439	0.5956909437005373	1.5972316682917902	0.9903801020950224	3.2545813569875057	2.0049827418526904	2.2001410259887697	2.9361751795611375	3.1554045672846485	1.6462176295991477	0.9436321010883646	0.2706927525253632	1.9701885265162544	0.4995607731840188	1.450227344978623	2.902503014390545	0.8612274435832862	2.20581241151469	1.1040020176313208	0.3570731921241819	1.045681370716431	2.433313097590674	0.5844352276731771	2.1837847218269357	0.8689929499221951	0.4070247505882565	0.8560961944371736	3.041214849454279	0.8614039387923866	1.619200703405064	1.5725011401493372	1.1365962358872304	0.8856325854279277	1.1617360149786176	1.3227538151841178	0.9078967410163231	2.4512148434358716	1.4362461304435152	1.2463204250054702	2.09718915130301	3.054482869269925	1.9408030768973024	3.369325847983999
Vil1.03B.FP35	2.9528819520444385	0.6935786195488973	0.0	0.38074060741782084	2.5733798496107214	1.0061355315590508	2.4640130929695667	1.9588392294350347	2.3781420104820836	1.254356531379205	3.5323044717083905	1.5331198118407299	3.1229917706910717	0.9434112236748262	2.80603078414014	0.37107907340009877	1.640521553964976	0.4500461992344951	1.7290961867067771	3.146294276471099	0.8934377007917287	1.1517877999806014	3.236645987144535	1.1588606477353514	0.8710195092557077	1.534764356503217	3.0390449075403287	2.3604789841301037	0.9041923184766676	1.6435154755577766	1.5617314537608962	2.093050670491621	0.4323347349952272	0.5417709693667131	0.322113534833031	1.7926107947431908	0.9680260311357299	0.7902354210728711	1.1487174033428549	1.9110808063645157	1.1859693746739215	0.9305715782861863	0.7038797823865682	0.49001287915200487	3.383394436544075	1.282310740906018	0.9545818129217901	2.49987036202235	1.1330437742649369	0.9509691512372221	0.9526408327243531	0.5641937215398938	2.7598787894044317	1.451118893220904	1.654937906480754	2.4301119919499614	2.627090521596286	1.0219504712421257	0.5501051301507288	0.4365344282023472	1.4224544297765571	0.7993456720701871	1.0953368438437183	2.62060401534458	1.1925698921898504	1.9088079608932214	0.8044695571046011	0.5136531487487206	1.236902963608187	2.2440142927843163	0.4115824683908512	1.8768094191615148	0.6054398791266157	0.5776464476894284	0.6722763381525508	3.0635722376804444	0.9844707843956072	1.310412709427641	1.2820329217741901	0.8190611935273184	1.1077206667398196	1.4752221167640631	1.4758048325283781	1.1562336654607432	2.513449562193484	1.7245709887026424	1.1036943730351307	1.998839709923232	3.0464971767844515	1.5121831181488286	2.9510747979264633
Vil1.01B.DTT11	2.6387701821041722	0.9186236786490605	0.38074060741782084	0.0	2.2075588825361008	1.308423531523081	2.572204122647697	2.124321848228791	2.021244052180984	1.2261461822583934	3.542325275272614	1.6036347166022278	2.807141276095112	0.9547927282838364	2.4577563949896337	0.28834833302580803	1.301146406800903	0.790331243123111	1.8088316474452495	3.171588269062935	1.0613169664620627	1.3530730952902008	3.2815317718606716	1.2082950082791881	1.041843301583096	1.413102740606262	2.7452788387619114	2.3683504376769413	0.9797563525550598	1.6611760904847548	1.2357111404413499	2.0780902268417965	0.3387591723553149	0.16242190129551004	0.657311809927265	1.9097116571681487	1.1927932450161522	0.9581367551229957	0.883451622729061	1.9737877654608438	1.1173402538117123	1.0193251216443326	0.3628699202466128	0.28280027779547573	3.2724121208837547	1.2838945321836417	1.0196885584528483	2.1554800299747647	0.8062426320097346	1.0566696088753336	0.7338522717881912	0.5419945910943654	2.4216727156662925	1.111711979058361	1.3382204534759246	2.0965274834102705	2.295415560907611	0.7352711404591028	0.38216707427375013	0.6686542324053667	1.072318977019108	0.8014373271285403	1.0807155356602356	2.38252617092084	1.3552519369474847	1.6550066113619284	0.4770007490171019	0.6543248430062721	1.286903724028013	2.079703788510789	0.4270691332259385	1.6082315514806085	0.3724677345322677	0.6460176623290417	0.4847393298505208	2.9998205559586126	0.9986538061093193	0.960606721100499	1.0868392810312197	0.4787166240746848	1.2335764211258264	1.5973990822680644	1.5554722022519247	1.2493733450928854	2.4960213356472845	1.852684473544825	1.0369050688860155	1.8827694463336078	3.0081679400146806	1.2333608999082681	2.6211715975017995
Lyz2.07B.FP283.S81	0.9431162648072782	3.0021833292963214	2.5733798496107214	2.2075588825361008	0.0	3.4870452298333405	3.7601914226171624	3.6086931367248694	0.2671754488861649	2.3878079070735865	4.10188562439696	2.908208959771543	1.0254269974149628	2.5014164435676247	0.4185519242300818	2.307000326299805	1.0375263920205697	2.9610145855063026	3.1177895971069356	3.8339099891235304	3.1227185452116264	3.1565120758053156	4.014310629430784	2.98302515711798	3.108591742805029	2.547420079686846	1.2759941117682625	3.1267331732281023	2.9079511915034453	2.7888123122008572	1.1744404307014933	2.8825915066536707	2.2506872092158337	2.0559618656945733	2.8644955482698062	3.250786217423514	3.3017302519673617	2.867588968587512	1.7086847943646737	3.087567578911864	2.6344535500211204	2.9200671876145594	2.019829575677086	2.1969877093457826	3.1294320784153298	2.8977841553587833	2.935962743999884	0.4230466132224438	1.5239186660059387	2.824931960819116	1.9980466581698992	2.520860002688969	0.5474359661967086	1.2061361912808675	1.0806535218393527	0.551873272118421	0.6357390058446707	1.7697817076434341	2.152022065152307	2.7916780707902125	1.2734809246851866	2.615959552347336	2.7591720002164934	1.621660024314932	3.0787017380067447	1.4221182458808088	1.898935802801632	2.6790719090080697	2.744420804782209	2.0347709152728983	2.5257308345223133	1.339704439255965	2.2350069881515044	2.673487582246965	2.16379215895292	3.173747986374279	2.553099815933429	1.402051411624556	1.8141305312212517	1.8681783774218035	2.8941575349056525	3.1275935654477536	2.9209569232960306	2.8456420219214826	3.0758889294974594	3.2929246715795135	2.260711501923866	2.2638113270007	3.272343093943518	1.346279865574606	0.7683243308736908
Itg.24.DTT531.S26	3.9218065900994685	0.6659173505371527	1.0061355315590508	1.308423531523081	3.4870452298333405	0.0	2.6372498863120106	2.0823012311534703	3.3174603661833317	1.9732773077352703	3.8277943321604924	1.9816703933121251	4.093532985566343	1.54364074188653	3.759316380472191	1.2684659846541615	2.5700681117378497	0.696788018759726	2.0354669564809527	3.486683637663702	0.5505909143142993	1.3173277580120661	3.5337491592126025	1.207294951318659	0.568542958996794	1.7852876560524988	3.978440278042773	2.83919121497317	0.8075963366090912	2.1260920740478753	2.525871415729962	2.590992995989076	1.377227140635637	1.4482306508334228	0.6921023528652908	2.116366389334193	0.32560860373756717	1.073364934447392	2.0162444412662635	2.3458162034791217	1.3608303413288492	1.0540031873204407	1.4743721223567814	1.3969060148440617	4.011074622470285	1.2607310997184227	0.8024426081533826	3.444372765391008	2.0923883884570653	1.2380002975577253	1.8046072370793564	1.0961778395626898	3.7291394166813108	2.408739360933834	2.6425442378330506	3.40487256067654	3.601451249761204	1.9328711920216015	1.4670152524653302	0.7979685626630715	2.3382779136650216	1.1075354333215768	1.3324738018708011	3.515977606388522	1.4049787802094407	2.8096328282443785	1.6232640640887173	0.9707295149713125	1.671249149824305	3.058197266187211	0.9647364078560583	2.7828905127279375	1.2667487539682496	0.8725919017988654	1.4369607060119896	3.6561380235001963	1.511758438930072	2.160843820745805	2.166254912239796	1.6446762130254462	1.468299508741981	1.712942507670106	1.8981570197221347	1.5182608813985519	3.0480750792441684	1.9536003947706264	1.8577562927490718	2.729706889368147	3.64458322417621	2.479325715751761	3.9089239540968816
Vil1.10B.FP116	3.6260921988718526	2.145612887641755	2.4640130929695667	2.572204122647697	3.7601914226171624	2.6372498863120106	0.0	0.6019770672297976	3.6212386642107144	1.563689501440377	1.285553260867849	1.016227681817411	3.7829235015826943	1.6299338038375601	3.8864087249687125	2.2845959513693788	2.811697756721892	2.229668597167642	0.7707101620491951	0.9402027457934191	2.896844709992407	1.3743578104424095	0.9288253947862474	3.534858009437792	2.9308117897213988	2.14866590918881	3.368662648952655	0.8307268265791099	2.498657918552917	1.0161348927982714	3.2793420650720537	0.9147314358106916	2.274370479096106	2.6552533084676857	2.5260267963277627	0.7351070077920384	2.7121600535321466	1.7517686288333187	2.234760802764384	0.7765121771455175	2.2580673791233585	3.321482808298758	2.7252918512299504	2.816124791084262	1.9906322202027282	2.2109126046893346	2.688172192091213	3.467241311415871	3.0260187872775632	1.6314112235128815	3.22415740104075	2.9708537949174407	3.89130382869212	3.1739496234270828	3.1357248612735855	3.641271037709602	3.891391327838705	3.1516471145632203	2.2462462708956488	2.1937992991646067	3.281933385129619	2.1344758065177696	3.513429355492232	2.6564199989573614	1.3060759292529098	2.3920647716214756	2.4768977354563453	2.0737645179466626	1.2984407755448564	1.9926052501614038	2.5176211909201753	2.4540053066977863	2.6442204019053306	2.3852119378184358	2.2040961028757344	1.570523446923468	1.6001186637579816	2.6378219454903165	2.069336346785311	2.5197239835184924	1.3607715607944266	1.0058018892950071	1.037332667176973	1.3407259154384814	1.0515468034466133	0.74149348014115	1.7047682280249337	1.5973729935424121	1.564707058789915	2.579846876361252	3.70366262375317
Itg.04.DTT423.S15	3.572052918302886	1.6370657619118067	1.9588392294350347	2.124321848228791	3.6086931367248694	2.0823012311534703	0.6019770672297976	0.0	3.4450138838927455	1.2700734968376304	1.8768738801706628	0.7093508771428405	3.7389366900340497	1.2450694514945928	3.7565757120035	1.8379334115578705	2.5998306304061107	1.6844568235420379	0.5311632226220284	1.4980061884674751	2.381186000487991	0.8351023902712524	1.5041724172255488	3.013052729168061	2.410566441154342	1.9276835705074675	3.386876983574906	1.0730681585135478	2.046784156827523	0.8463366020074967	2.9647981453137926	1.0300245526161427	1.8341909662291318	2.230195450053138	1.9897154005529343	0.4109189905530069	2.1895585381031815	1.2628506085948084	1.9657344948236304	0.6829558496931524	1.9226656489305507	2.7936177389807666	2.3216855356636708	2.354424722070584	2.375945919516352	1.862942376416613	2.229707921160586	3.3472617915523046	2.6621968458660557	1.1906800283394796	2.781075097638152	2.479294950693979	3.7432697385050164	2.8571877963834735	2.861154705265011	3.4616286872612214	3.707624957381726	2.7422926905912317	1.8335995568211587	1.6872031426401686	2.9463462139820247	1.7217788017613265	3.0070718862487937	2.6920114244912914	0.8076110026700465	2.290553821609821	2.11786334460045	1.595764114320623	0.9411357231909737	2.0226663194627537	2.0478586297251704	2.3391896466214557	2.2193865037121348	1.9206256428064965	1.8192673182471941	1.9330892583832273	1.2223718193732929	2.3783541299521787	1.8255596857873473	2.1611860196395525	0.8983302880057714	0.5784720521664442	0.6934468359838243	0.9216621357731432	1.318815943628931	0.32607797031790703	1.3925858514559477	1.6021671359040301	1.8896504130417826	2.3500246888565335	3.641107302784344
Lyz2.06B.FP271.S69	0.921079026744241	2.8403341224692844	2.3781420104820836	2.021244052180984	0.2671754488861649	3.3174603661833317	3.6212386642107144	3.4450138838927455	0.0	2.2024040348958045	4.020470953218316	2.739838768225076	1.030481405999155	2.3321989677276522	0.4574855150954803	2.120776183308709	0.8666241850226245	2.772957585230737	2.968582163068494	3.726596716901826	2.9717790218785978	2.9817055914774855	3.9026720339165735	2.826181312203902	2.954326954345751	2.480705117866645	1.2659907490331477	2.9897051945797326	2.7782060796524823	2.637075440233553	0.9395836706694655	2.750149405242283	2.0539098399761433	1.8737280432772825	2.6766714797519673	3.0816054165426134	3.148870471532055	2.6998575848681647	1.5446584347335643	2.925069252175131	2.537184069591296	2.7499813925627135	1.8647709097483762	1.999150236058426	3.067631713853434	2.7988853037227917	2.809075416472021	0.37040718196762645	1.3083036609859258	2.6696674067212194	1.7914396946026063	2.348631443044453	0.490278072841707	0.9843522640627308	0.8275160917803365	0.3406933274767601	0.4965815463812874	1.5612954810313289	1.9619967665271585	2.618077636535296	1.0789857330011818	2.4796581335735612	2.6015076047141354	1.531347957460362	2.911405715429748	1.2748901288072216	1.7439949009804783	2.5107288456126486	2.5870339089730434	1.9027021690118051	2.3634317434816796	1.1929542223941096	2.0842768362692463	2.522763438100647	2.002774219275275	3.0728904432578306	2.393719779907065	1.268194367597494	1.6291688112622509	1.7130006370544868	2.7234259854132703	2.9697567222205965	2.7535851779557845	2.6843913994768114	2.9443228728053334	3.133099159254427	2.0800496749906014	2.123627014487462	3.1494423649022956	1.1345976208911768	0.7947299723088548
Vil1.05B.FP59	2.392114795693719	1.377759951714217	1.254356531379205	1.2261461822583934	2.3878079070735865	1.9732773077352703	1.563689501440377	1.2700734968376304	2.2024040348958045	0.0	2.424824161533061	0.5725537950446739	2.5648223202563876	0.5009621767647114	2.520885325659036	0.9789910600789243	1.375094539045203	1.3057870980509558	0.8789235427784784	2.013344230719515	2.0069994415238415	0.9549148412274507	2.1311118702567815	2.391388322506537	2.013541314291478	1.5203328067013562	2.2961839429405817	1.173726372992402	1.6917640459495693	0.5910844116422803	1.72995848624251	0.9285876993343242	0.9003110395003353	1.269178190493294	1.4825268524771869	0.9059843763535327	1.9711791820707538	0.966562446152504	0.8046043439440674	0.8345964589329846	1.504156053567578	2.175347074462687	1.3994047109860872	1.4281084022457269	2.153485713194396	1.625899729269776	1.8465630200838359	2.1286377638258376	1.4898763897828142	0.9155264924580492	1.7498063943280167	1.73880384642065	2.4934708714144502	1.6337639477876609	1.5993321315565803	2.201231788649505	2.443823444807961	1.643129547871476	0.8485050609202318	1.2264322304016855	1.757879374942801	1.2336013194976838	2.293164560145629	1.6807303211595819	0.8846949685272327	1.1234581959956538	1.127440437099604	1.0772095175388436	0.5862202607008958	1.1203019386350623	1.389474748954106	1.1577486742377212	1.4119094604204625	1.4000565783688335	0.9304715607133325	1.8135992742517582	0.6058528464460046	1.2528057596685667	0.5757189892163983	1.1601820521858779	0.6935830929320196	0.8741634938509639	0.5913375814380281	0.6965275624835495	1.2856994892414584	0.9822853067538063	0.2241597216250168	0.7948809166237538	1.7967829219118994	1.0851584206358786	2.452296786567428
Vil1.08B.FP92	3.7801193005892695	3.265705000708008	3.5323044717083905	3.542325275272614	4.10188562439696	3.8277943321604924	1.285553260867849	1.8768738801706628	4.020470953218316	2.424824161533061	0.0	2.033764455940049	3.903120449294211	2.602603022305575	4.173054356099935	3.2723452851698567	3.3544516719213138	3.3800146639451873	1.8350341539612325	0.4940828465589764	4.003073045265197	2.561494467724735	0.49780698026386627	4.612039936867778	4.040243227667599	2.8685935085930194	3.3979174872110174	1.2957345904247504	3.5293928395202676	1.9002205992286605	3.963472491611121	1.499676719006311	3.249334158826327	3.582762478678116	3.6503194624184085	1.8686794002101805	3.8480878568920573	2.856151221187862	2.949721802205791	1.7113700443019288	3.134783777208736	4.4111253291927905	3.6198686973014773	3.7920325443166125	1.3876858799544889	3.1297503329993033	3.718942320536504	3.7684148117401057	3.816991878669227	2.6933041635464274	4.1444512321483	4.00166432244802	4.213620369941054	3.870426669882661	3.7577596968475917	4.044186983206262	4.284480784275086	4.015433816477428	3.1826654070617764	3.29190371472046	4.006616285193621	3.116376740924789	4.556494685769134	2.74466110290576	2.459400429945874	2.7904485913262174	3.3165070946046558	3.1368032547463707	2.302198756783577	2.2326063571716515	3.540750418494236	2.866690845589891	3.5850353615906125	3.419305991834679	3.111634049688708	1.2202450323652423	2.5742078455229187	3.2915000231337714	2.764546005986715	3.3541805510190605	2.462885449569274	2.1413183592771583	2.0822602674114066	2.4051294351612893	1.2792252111515368	1.9255390455897767	2.5637974394737904	2.0038621908742105	1.3533810088851748	3.1787091520261956	3.868114397815455
Vil1.02B.DTT23	2.8803250748660676	1.4071739663254588	1.5331198118407299	1.6036347166022278	2.908208959771543	1.9816703933121251	1.016227681817411	0.7093508771428405	2.739838768225076	0.5725537950446739	2.033764455940049	0.0	3.0497045918619277	0.6791870584034759	3.0493631938403283	1.3202791204616389	1.902334551272264	1.408988109806198	0.34541189230626296	1.6213970967222007	2.1376799719362363	0.7042886239420048	1.7073576476904353	2.663574222873921	2.1575857143554806	1.572349722630075	2.7237127797363945	0.8680040465618287	1.7797850423040844	0.2558390764929333	2.2899723245551726	0.6609479552599571	1.286577037806684	1.6800888517790395	1.667752297937149	0.3566442693888125	2.023497795397535	0.9565710323246178	1.2923689066300104	0.39056088812940987	1.5853397022219722	2.4431934705370004	1.783004792279236	1.8339352866245657	2.090211597684811	1.6231873575865194	1.9592676342196793	2.6431052249470843	2.021149656442209	0.8643147797557819	2.2196253604387155	2.051441533096673	3.034217172825948	2.1859311510401427	2.167884330401143	2.7525400384887737	2.9990727117209186	2.1428492945352353	1.2574906351627886	1.35619634472884	2.29257488558291	1.3511138855689422	2.607993603015777	2.0525781762738893	0.6158760672100874	1.5937132337874333	1.532955113907425	1.217917256386223	0.4347241465308642	1.407218514153591	1.6343928453470213	1.6392704180614803	1.732656293879713	1.5640955442887037	1.2679741208295376	1.6885711603207838	0.7014196078519755	1.7233427304887243	1.120826403718134	1.5734068047094296	0.5229431111341498	0.428178118116814	0.09267193287896071	0.5238062080002076	1.069360010399846	0.42363629522936336	0.7100442019353211	0.9904078074472846	1.6683703561131684	1.6438753313572354	2.945175589974737
Itg.20.FP507.S10	0.17606153214733697	3.5519278904102967	3.1229917706910717	2.807141276095112	1.0254269974149628	4.093532985566343	3.7829235015826943	3.7389366900340497	1.030481405999155	2.5648223202563876	3.903120449294211	3.0497045918619277	0.0	2.8509627241656075	0.684816615910386	2.8314587414071144	1.548987730790098	3.471720635048962	3.2760828726172213	3.6412192078933656	3.8270862751252177	3.4802712049400983	3.8257317692314596	3.761260583252072	3.81339236307253	3.1261675209453847	0.5325006714767803	3.0182659507526095	3.57745493964283	2.9171801204298307	1.7856090574956438	2.871393564783436	2.7376456349856144	2.6836883392287634	3.440325527698263	3.3425287106879753	3.962923545349067	3.3068867448829744	2.1402785745432173	3.109944115284138	3.2660671469347538	3.652429314958834	2.7158374195506263	2.8185887134478356	2.696654610389669	3.5161249442960454	3.644559897632784	0.7530795317817115	2.143931089164016	3.2487862169068187	2.657497507207675	3.2227975470186574	0.7078830928073664	1.8463043983530025	1.5591105810772474	0.8947944004304784	0.9110959850013117	2.4259419995148557	2.640924465456352	3.3323990967326482	2.007517116768077	3.196575762517456	3.543003071281793	1.1798104829879368	3.3967395576195685	1.4743644361997592	2.5162889423153154	3.1996692185486455	3.0293337550575443	1.810861881226275	3.1637969121751706	1.4533054958064189	2.920614860394584	3.2993067812424988	2.704327839976285	2.811403579682329	2.9230759229032883	2.022627099607129	2.0686669773198054	2.496982301060334	3.201929947493066	3.3709313884901966	3.0923571479787952	3.162031538700859	2.8908539801717836	3.45623621567531	2.5225564200124024	2.1875032081709818	2.882419243600305	1.6370337303412947	0.27348524897673177
Lyz2.06B.DTT271.S113	2.6751494137950598	0.9090968192335787	0.9434112236748262	0.9547927282838364	2.5014164435676247	1.54364074188653	1.6299338038375601	1.2450694514945928	2.3321989677276522	0.5009621767647114	2.602603022305575	0.6791870584034759	2.8509627241656075	0.0	2.7051883143163034	0.674182332831877	1.468331233699448	0.9245912639512779	0.8615587008762148	2.231527357403473	1.5652295207957208	0.658536720580214	2.3351106470545417	2.0412798700405723	1.5814019564219763	1.1358937459703877	2.613978280473024	1.4598007975699296	1.2058938351115853	0.7213879732958028	1.7843616827525912	1.1664468053772457	0.6709305961860855	1.0263563147082653	1.1173508368756637	1.0022674588942664	1.5119689632978133	0.5059890277173491	0.7932968536119879	1.0565896796944878	1.0421257445846372	1.8338826974903115	1.1089940395070972	1.2096129592888558	2.5017864830317227	1.1426791405652956	1.3703363028092828	2.313155870217373	1.4574642031195781	0.4388454844336414	1.6201145756912645	1.4092703352081177	2.6930899099285726	1.6604032548248022	1.7257188198279516	2.3889198096576867	2.6322300981186153	1.549599499985385	0.6254436078461533	0.792105162116409	1.7238606500027425	0.7486584548412618	1.9693253830227255	2.0515173367040047	0.5793978552090412	1.4099474618620733	0.8779487106093484	0.6215461209219896	0.34372348926628393	1.5338529025803662	0.984886544619018	1.413927938206766	1.054828018338224	0.9421343866656888	0.5933418640724972	2.180119476082458	0.13202735179188843	1.1775921549983506	0.792082733038301	0.9202409597166268	0.3970082057919241	0.702334620785187	0.6256728966599856	0.3692515261895871	1.6217938964899623	0.9404671285864957	0.37507594862849597	1.189439967310639	2.1977881336870584	1.2839494796752862	2.700114282319333
Vil1.04B.FP47	0.6405758944599348	3.269574581912654	2.80603078414014	2.4577563949896337	0.4185519242300818	3.759316380472191	3.8864087249687125	3.7565757120035	0.4574855150954803	2.520885325659036	4.173054356099935	3.0493631938403283	0.684816615910386	2.7051883143163034	0.0	2.543092015155476	1.2548331550965939	3.1956898914430667	3.279346740026694	3.8951972074464525	3.4251784715036577	3.3550582411718217	4.0769218657223165	3.2722781559572196	3.407503159839186	2.871326067611697	1.0656744087181813	3.198107039377695	3.223434927019437	2.934174317749256	1.3418257736067905	2.9894197031696566	2.46707417441958	2.3145752081836304	3.110855313580376	3.378159252269162	3.5979103047379617	3.1022536774315284	1.9278088707259866	3.192471196455725	2.959784879409233	3.1956383626086855	2.3155872135954896	2.434401231704178	3.1018603839525123	3.220828790941257	3.2599333022041095	0.43095523620347653	1.7339036868897086	3.0638286297328583	2.21298890460999	2.797526083256435	0.2040805736183389	1.407995648588087	1.1995807523884758	0.4443774816035658	0.42262885843829057	1.98663621200424	2.3746845329311994	3.0459905346767746	1.5168448612591319	2.9068773234623237	3.0457005474706613	1.5343351586322271	3.280335094852886	1.4966576823388882	2.179472889788469	2.9327093041421772	2.938719932592447	2.037686520498976	2.807857458379446	1.4337791190828815	2.5339822461294563	2.96407062243487	2.42389912708684	3.1619682949014396	2.770523389764017	1.689806712370201	1.9612844431028544	2.150794327047254	3.0884163528406723	3.3124253767996197	3.0732499500443833	3.0486122122318964	3.119666649581938	3.4515982858384895	2.424140617279319	2.3287462805808374	3.239827986605466	1.4661678056870628	0.48150567470316835
Lyz2.02B.DTT223.S63	2.658644571238789	0.7712910682637587	0.37107907340009877	0.28834833302580803	2.307000326299805	1.2684659846541615	2.2845959513693788	1.8379334115578705	2.120776183308709	0.9789910600789243	3.2723452851698567	1.3202791204616389	2.8314587414071144	0.674182332831877	2.543092015155476	0.0	1.3310658553709398	0.6577413128746258	1.5228050915626132	2.898142537943363	1.1245398687237413	1.0798248124510164	3.0036917466050586	1.4203338131819712	1.1176714565196753	1.2910287000658118	2.716702585733286	2.1019930362471353	0.9449178395981407	1.3855757566416615	1.388193702326242	1.8144301576709305	0.1494226106458611	0.40039659450551995	0.6479685052298432	1.6235835895967825	1.1866261139415812	0.7030256075725163	0.7873926397876438	1.6949574106356364	1.0204865841071826	1.2158047088068245	0.5503442186839973	0.5450591390658115	3.0586206720527835	1.1695853154455655	1.0356961058498158	2.2088210957303622	0.9796269577690822	0.7948251113958491	0.9913445079107149	0.763215293154429	2.511703131819974	1.2620854618468147	1.4359993083866145	2.1869623009100065	2.4023790066909485	0.9699765364987019	0.20269716321225695	0.5169716232249127	1.2626561566609074	0.6555338254329545	1.3217736918198775	2.286951562777904	1.0753668257941205	1.5676435717972126	0.4991756587242435	0.44625508912865297	1.0036466004436664	1.914922099886388	0.45972096764749054	1.535088412456515	0.5061006220682304	0.5900198760888473	0.32579479090516134	2.765816460101744	0.7221214775545226	0.9880254374264112	0.944423298183305	0.5244340462350928	0.9469089241381544	1.3111983986049764	1.269683087805555	0.9645102404677487	2.240906381673221	1.5644954490125407	0.7953626032694068	1.6752332096824785	2.7715655670008914	1.2112260238396793	2.6559566284812335
Lyz2.05B.FP259.S56	1.3806887935085261	2.0341696091451964	1.640521553964976	1.301146406800903	1.0375263920205697	2.5700681117378497	2.811697756721892	2.5998306304061107	0.8666241850226245	1.375094539045203	3.3544516719213138	1.902334551272264	1.548987730790098	1.468331233699448	1.2548331550965939	1.3310658553709398	0.0	1.9873430219010613	2.1249861471034803	3.034145961986483	2.290670434517536	2.1216766208156934	3.198219892660928	2.3247736851775462	2.2820706554987833	1.727744585389951	1.4931710835424612	2.256915732383947	2.0307970805663635	1.8081831650926026	0.7303335389327593	1.984402303137056	1.265834477502056	1.174047242045685	1.9436106002241536	2.2523502969032725	2.4208739776112114	1.8509290108494576	0.6791133433697564	2.1241808744579163	1.768806644139493	2.200089446461062	1.1835000220968102	1.3662834171695277	2.6166259839037487	2.0211795402519526	2.096772639267638	0.885690980768446	0.8135127499757634	1.8108059475651974	1.3515353848674605	1.7353697733932183	1.2616544562396494	0.6467902437889766	0.5671033794108494	0.975234363516986	1.2240169549953253	1.1140898505517487	1.1557346001910185	1.8206774289109595	0.7871381860332691	1.6715512146308007	2.127612834585691	1.314837236707804	2.0470946756623496	0.6866067839952992	0.968622565144144	1.6924320657248497	1.7231500292101514	1.360095188634824	1.6249061215549405	0.5898289098779684	1.3782721053580829	1.7554425939341105	1.1803581598566413	2.5197667691833434	1.527825407865417	0.49151828097204614	0.8017246459345988	0.9489409956236367	1.8604642269363247	2.1082057789099613	1.9078266342434766	1.8184235681483805	2.259702271919154	2.2838694281881287	1.2310198632690719	1.43472474108726	2.590232431293144	0.4199005528942289	1.344982436649217
Itg.22.DTT519.S14	3.298280745918229	0.3871626158360228	0.4500461992344951	0.790331243123111	2.9610145855063026	0.696788018759726	2.229668597167642	1.6844568235420379	2.772957585230737	1.3057870980509558	3.3800146639451873	1.408988109806198	3.471720635048962	0.9245912639512779	3.1956898914430667	0.6577413128746258	1.9873430219010613	0.0	1.5460501492431062	3.0019136330052643	0.8256233529333066	0.8580370942384288	3.0699036995748368	1.3383556975322695	0.8251902212963208	1.519060327315878	3.337731614099999	2.2745937611119147	0.802125459209223	1.5552599315353122	1.9923862743303753	2.0242510928430546	0.736509128294162	0.9496356803587749	0.3118429689179723	1.6033888532558858	0.7552986246583527	0.5557541440389441	1.4055568987991203	1.7862541377886931	1.151928652147268	1.1130891590506138	1.0566654514857072	0.9370612287815943	3.4094868963405642	1.1564976806960743	0.8931344923926807	2.864577033462293	1.567926684010334	0.759237474132457	1.3968895259871434	0.8765558919079632	3.1569723854253215	1.8774256563171665	2.0608676513434214	2.828684638595101	3.0367613495799097	1.4716748045730454	0.8361405166895112	0.26392252020356455	1.85717392746154	0.754017307045968	1.3481923235456543	2.8526687175331715	0.9338057791980431	2.160505225983592	1.1103768967028265	0.42307209840134796	1.117489173317855	2.3919203161604328	0.595594247283249	2.1420749402348265	0.8933480489232014	0.5750590543373792	0.8785925492710025	3.0543381407750494	0.9316585037347912	1.629639131641018	1.5032629695119568	1.1374792703449481	0.9206848143266343	1.2479154961116528	1.336423164112556	0.9872331405039908	2.461152785300185	1.4944773030932461	1.194125022490916	2.0815609698411723	3.031505307016482	1.8380443286919879	3.3051127187416616
Lyz2.04B.DTT247.S88	3.1081629947584823	1.4665450740281594	1.7290961867067771	1.8088316474452495	3.1177895971069356	2.0354669564809527	0.7707101620491951	0.5311632226220284	2.968582163068494	0.8789235427784784	1.8350341539612325	0.34541189230626296	3.2760828726172213	0.8615587008762148	3.279346740026694	1.5228050915626132	2.1249861471034803	1.5460501492431062	0.0	1.4652117875409423	2.2159555217299145	0.7452201879687341	1.5374203418783698	2.8124476289039952	2.2458088656420796	1.51315213754921	2.923526934479502	0.8488544731990624	1.810455552872347	0.36123126908969927	2.5577823700389066	0.6467682306665766	1.5171113309616435	1.8874167184950545	1.8220649533458126	0.3537710395452643	2.070313587889676	1.038531040189365	1.5035487667220326	0.4563928195043225	1.5717546791766182	2.601491600179651	1.9551769538790662	2.0591076560241075	2.089365226596604	1.5683613442277868	1.9987522082259288	2.862078333719022	2.279540512748128	0.9058887202086006	2.4701432155878678	2.2232581730181926	3.28035369423299	2.4439623029921465	2.4414411250364485	3.0072387788370123	3.2590186743635057	2.396629696223367	1.4826952368875932	1.4761979424286642	2.536426027882467	1.4043498353260808	2.7737931035433725	2.2483203489230132	0.6350091443110111	1.8153893590467305	1.7091511349114337	1.3371448173971336	0.5285934980378217	1.5992121170467353	1.7701187401231515	1.8588990888034813	1.8799774193509917	1.6552164567215486	1.4336932367411876	1.7005682866128975	0.8306151324771188	1.9063733267325853	1.380600005911376	1.7522013085595145	0.6316223403788424	0.325085777579105	0.3254083968291724	0.5911348487503151	1.0857120052194804	0.23727490262740283	0.9759838437329679	1.1661052591362844	1.7165362611458261	1.909558876599246	3.1637863325903215
Vil1.09B.FP104	3.5096840311945874	2.928257219871114	3.146294276471099	3.171588269062935	3.8339099891235304	3.486683637663702	0.9402027457934191	1.4980061884674751	3.726596716901826	2.013344230719515	0.4940828465589764	1.6213970967222007	3.6412192078933656	2.231527357403473	3.8951972074464525	2.898142537943363	3.034145961986483	3.0019136330052643	1.4652117875409423	0.0	3.674839090647222	2.1869775274783745	0.1947962264451562	4.25697998467268	3.706418011098037	2.66353513582965	3.1562334390374622	0.8536024359605385	3.234028712832485	1.5127210125667911	3.5995706865474832	1.112713165325921	2.8631927794953906	3.2189060800389853	3.273405025862356	1.443039049791187	3.5259949030386837	2.500930577632714	2.60692207242015	1.2694889378158682	2.8828918566159536	4.0460668452637485	3.281847962069305	3.4095928485528386	1.2826853820287627	2.8888716114740234	3.4239206339260657	3.49027224585939	3.444480287393164	2.355282365459975	3.7564014187477537	3.639888554441254	3.9166121223979493	3.511805213914304	3.3952468599590593	3.7268260266913695	3.9669188366919035	3.635091636173527	2.8055124940783016	2.933300138274376	3.6553227278347635	2.8085368793081344	4.198818492647533	2.464054759162243	2.093911786984369	2.465129435109372	2.981757582478005	2.7834850939012945	1.939386017808129	1.8937668941215398	3.195312833819809	2.54580940385145	3.25113797870614	3.091015358417232	2.767232390178065	0.9473758560248332	2.2193429937590143	2.9813539599977275	2.3906260402722372	3.019489657296709	2.085216091183458	1.7789071092491158	1.6793150962386136	2.0432250115908595	0.8505587894292352	1.5436106729988213	2.173138085463399	1.6377158955180018	1.007222334227721	2.8166340126932594	3.6088640723762264
Vil1.13B.FP152	3.660567482271092	0.7538229206141408	0.8934377007917287	1.0613169664620627	3.1227185452116264	0.5505909143142993	2.896844709992407	2.381186000487991	2.9717790218785978	2.0069994415238415	4.003073045265197	2.1376799719362363	3.8270862751252177	1.5652295207957208	3.4251784715036577	1.1245398687237413	2.290670434517536	0.8256233529333066	2.2159555217299145	3.674839090647222	0.0	1.5642503226121922	3.7474793356778764	0.7857102380673822	0.07091552513488057	1.6043248822703047	3.7588002765764497	2.982010438420784	0.5714903765101024	2.2353090974577783	2.2064519486230667	2.694323819211753	1.2528223602439035	1.1597832434147164	0.6465013765406351	2.3459147767051345	0.29398807083987366	1.187304301658673	1.8266764141782788	2.5244398920696964	1.157851779185408	0.6769299028174953	1.118076030191924	1.1199113512424164	4.043808077839576	1.1311437541235527	0.45139393290346813	3.13562308700315	1.7843628203731656	1.3230746822855668	1.4795193172427437	0.7121166807161917	3.4057065868235665	2.085050854943335	2.3608017511214117	3.0922413745396695	3.2768502383182154	1.6058108450464967	1.3214395803610373	0.7956295315802033	1.9752557568844813	0.972344511794636	0.8881014484221404	3.377364318999907	1.6133505262476275	2.6459332779529037	1.343833109917768	0.9448546124330656	1.7671075853637048	3.005009555789429	0.6957729096241451	2.600834959093308	0.916788746497063	0.6649250621771973	1.2529196522851245	3.740201005755105	1.5338789699170743	1.8611585569314473	2.0518487738796787	1.3541505227938364	1.6236621212936293	1.915057237091714	2.0575997724439454	1.6447341087238465	3.1690163382845875	2.189509324556414	1.8426024838761108	2.722554867196726	3.7576806446958435	2.2781611993838036	3.621727463283173
Itg.26.DTT543.S39	3.3051345749042467	0.8218578173845821	1.1517877999806014	1.3530730952902008	3.1565120758053156	1.3173277580120661	1.3743578104424095	0.8351023902712524	2.9817055914774855	0.9549148412274507	2.561494467724735	0.7042886239420048	3.4802712049400983	0.658536720580214	3.3550582411718217	1.0798248124510164	2.1216766208156934	0.8580370942384288	0.7452201879687341	2.1869775274783745	1.5642503226121922	0.0	2.23886897064863	2.178544450646956	1.5891445813416587	1.438899570285557	3.2224677464023874	1.5383312587352989	1.2708831296464405	0.8824887119820234	2.3687807675080776	1.3266307950702982	1.1072539919487085	1.477611891995025	1.1608940533201604	0.8024884366807492	1.3994340096345346	0.45453781410523497	1.4486848504258687	1.0395111919679039	1.2768750704268406	1.9609486395460496	1.5682504575934453	1.5812659503601805	2.7768127300029604	1.236234897305802	1.4441994350140954	2.966226629564945	2.005092142740409	0.4702615208125043	2.036082396249972	1.654999110661561	3.334380990457652	2.2502450500784943	2.3323436055443687	3.0248763209927745	3.2630145725584923	2.029404294401193	1.132397899886799	0.8551106824729232	2.296965292400586	0.976994923942685	2.1746417104142943	2.611146019010643	0.1491564567922594	2.027190896520304	1.430750840194391	0.783529800385652	0.535724241764366	2.0186460193033082	1.2321380231212482	2.043725368701799	1.4394861656393612	1.1118142488582512	1.116820849435917	2.3837332693541775	0.6300714714027482	1.8147658846695818	1.41693148264516	1.473048394892188	0.28994667522761036	0.43020073380744217	0.6191630231245391	0.381593548790563	1.759089535339127	0.649627071155553	0.9580566751832751	1.621310448720891	2.3631266952742664	1.912221555213131	3.3422640034604143
