	TL1a_FP_162	TL1a_FP_88	TL1a_FP_89	TL1a_FP_234	TL1a_FP_65	TL1a_FP_64	TL1a_FP_209	TL1a_FP_287	TL1a_FP_77	TL1a_FP_245	TL1a_FP_198	TL1a_FP_161	TL1a_FP_76	TL1a_FP_102	TL1a_FP_197	TL1a_FP_132	TL1a_FP_130	TL1a_FP_173	TL1a_FP_90	TL1a_FP_174	TL1a_FP_144	TL1a_FP_142	TL1a_FP_172	TL1a_FP_269	TL1a_FP_288	TL1a_FP_66	TL1a_FP_143	TL1a_FP_100	TL1a_FP_196	TL1a_FP_131	TL1a_FP_246	TL1a_FP_270	TL1a_FP_160	TL1a_FP_286	TL1a_FP_78	TL1a_FP_210	TL1a_FP_208	TL1a_FP_101	TL1a_FP_244	TL1a_FP_232	TL1a_FP_233	TL1a_FP_268	TL1A_FP_641	TL1A_FP_689	TL1A_FP_640	TL1A_FP_677	TL1A_FP_678	TL1A_FP_630	TL1A_FP_688
TL1a_FP_162	0.0	4.1194928323989535	0.991745111286358	3.334816222139339	1.0861711079899725	1.4554747690229282	1.6563173651451044	3.4477935440384035	1.805521875696241	2.9013472995635206	3.124568364541412	0.6456935981944638	1.8238158547880263	3.5309555550920133	2.6706987880580004	3.350838255691522	1.3214855443007736	3.2288671927057835	2.322927516270917	2.8451435876369184	0.8416737058008043	2.7260461145964534	3.2508185445087685	3.2347652079758626	3.0806004221000443	2.7276592935901363	2.4085842780821305	2.87665330545949	3.5222887835962626	3.100744324070561	2.268724573146404	2.0579591114331692	2.913302618884169	3.4313258757395477	1.1241739450807724	3.3646523414892937	1.761222037591502	4.815185137514108	1.1618899008326036	3.251669888649449	2.9019428038657087	2.911675657092381	2.4811939619437755	2.360310491131131	2.1489398857928235	1.8727448226772	2.410105172253846	2.5345876895545745	2.1897822827567253
TL1a_FP_88	4.1194928323989535	0.0	4.378432826009026	2.785686765725443	3.7523735661734214	2.7448762543876155	2.8577607096294866	1.8520442287440262	2.408498480342384	1.6853525338172761	4.519430170698312	3.4940481333578264	2.3009499213410995	1.280248295869906	2.9053956423779423	1.5794719271348825	2.830835460304145	1.5517727259031608	1.8555782729116446	1.9147400826460905	3.3616955675623172	1.5194114308537803	1.637741815190468	4.426851042146641	2.3184085255236297	2.5367947127807557	1.8493142351012795	1.3811012410668122	2.244714933432153	2.3211384724790145	2.2329664490363457	3.6234869119124884	1.8826244428928034	2.2502834168115036	3.5277661984418547	2.1474257857428944	2.903014416063689	1.0885738643539309	3.5683275999047184	2.738328436960743	2.852888784239968	2.414965856901683	1.6557531214393064	1.8048967679169992	2.0404608672905824	2.463665219274266	1.9377733808720663	1.6839205991199573	1.9550308433964143
TL1a_FP_89	0.991745111286358	4.378432826009026	0.0	3.6818348136304055	0.6449497614374079	1.7799216072145776	2.1708026011721926	3.8836969218830215	2.221676449884204	3.345066749947829	3.4601853637149005	1.276233424819855	2.2464397933888707	3.9036846329890245	3.221306118553681	3.6395430618134674	1.8242935597906556	3.7052420179274694	2.6738814228322467	3.4066500258992654	1.2040885625617093	3.177606880787499	3.5565176642615444	3.5974529990190693	3.422089208172408	2.9620600271637105	2.918170472399835	3.2515864938014705	3.88668090245141	3.291412559941372	2.783656818010446	2.4385944428850244	3.3864930350384954	3.7655702405557077	1.0371363405181098	3.7771126065922043	2.0420804823842134	5.079745869514586	1.6646494708346897	3.4297150669082233	3.263579056741493	3.3888680358953422	2.757892395360915	2.581301157498567	2.343418740648847	2.0428144183758405	2.627415932097535	2.956504804439371	2.564106028258841
TL1a_FP_234	3.334816222139339	2.785686765725443	3.6818348136304055	0.0	3.294538899564297	2.2168784490086946	1.7451152333925695	1.0732456951724112	2.7520579554280644	1.4206565836573024	1.8749005345233878	2.7880273964048152	2.341011177603776	3.299375226418902	0.9328931466791283	1.2264790179153664	2.327639686820324	1.529768767216828	1.9033598245633336	1.5722674234997998	3.0316766751650963	2.039077187758207	1.1762142258595643	1.7404428235320308	0.537828859624364	3.8882748005868923	2.151525576238437	2.678948084538019	0.5983563310943881	0.8174003426571551	1.5206374175851423	1.5516021959178539	1.237707528979205	0.5491613216822703	3.4290438639385576	0.7183920819074958	1.6682609386842058	3.8503694453705695	2.2123168949289	0.6346616785658796	0.4410377687988958	0.7479081484801002	2.1446889948156542	2.2490407972982496	2.2955609745728442	2.00473945973136	1.725182914053989	1.8895864417490886	2.0396900537550615
TL1a_FP_65	1.0861711079899725	3.7523735661734214	0.6449497614374079	3.294538899564297	0.0	1.2704220072356476	1.7906789256411635	3.3872957049723786	1.6814891328866133	2.8217956239979944	3.398343846769506	1.0179170335400471	1.7029800532215944	3.312273565528215	2.8840008784082865	3.097042813951774	1.3715616519611606	3.180638128199684	2.1072599023420127	2.9213184196646753	0.7945467295626515	2.619509416586711	3.020412944522606	3.504493835525682	2.9715089238368484	2.443057842712242	2.385445915428532	2.6591223743398142	3.425630569415103	2.8200272428034694	2.3142328703683965	2.259517567021957	2.8915089433495886	3.3034140097271503	0.5704485451916758	3.3115498086353554	1.639815568149676	4.451192924934851	1.48717053921859	3.0192645231040802	2.8984547813746238	2.966272891834983	2.155769567161523	1.9681139015735898	1.7303391329684774	1.4845144836445185	2.055381647346307	2.401369707513261	2.0001943347175017
TL1a_FP_64	1.4554747690229282	2.7448762543876155	1.7799216072145776	2.2168784490086946	1.2704220072356476	0.0	0.6756852656376849	2.1501970147121634	0.8921402260867759	1.5704701920303143	2.8007823482916807	0.8238463899774424	0.6231413889435552	2.4353760866122234	1.7530275111691997	1.9415924589476192	0.33154132548404064	1.9273882968161966	0.9220524019430028	1.6539095785042124	0.8532250896173682	1.4353958872083485	1.8507874659713535	2.834309202263608	1.8277571682493017	2.1252070667241565	1.2127343048562094	1.6849384139185093	2.2574011034047143	1.7989629526959015	1.0466845952782127	1.5615987030153244	1.6312154350177699	2.156575799442175	1.2352765078148789	2.1052465096125976	0.6904978502595962	3.563657462441764	0.9800298906250121	2.071269710688501	1.8451744595981112	1.7586340328541885	1.0947572820592166	0.9859298550068571	0.7895398503413286	0.4590010069406286	0.9555523069007957	1.1944504670057503	0.8269984655880009
TL1a_FP_209	1.6563173651451044	2.8577607096294866	2.1708026011721926	1.7451152333925695	1.7906789256411635	0.6756852656376849	0.0	1.8118449986399727	1.3261502605765618	1.3513723201543004	2.2553744702674186	1.068775715939672	0.970731366030476	2.6679339062996035	1.126943814503524	1.7770068784839277	0.6512882503963281	1.6882784299869467	1.0489516983668912	1.3438820540779763	1.3418255002636172	1.443264738736035	1.6683215762618149	2.265409678093248	1.4452581709284695	2.6215707627680938	1.239212005720068	1.9150738110716068	1.8717728216110145	1.5661470649935865	0.7176610584780745	1.0527629521089135	1.3126210777120626	1.7903782304834288	1.822746659145302	1.7087332623763498	0.5042360869509196	3.7535294697498296	0.7501629514737933	1.755202392107023	1.3428651385262698	1.2638524461623404	1.3528110192313205	1.346723198860213	1.2392684941102472	0.8565349265312402	1.0980086811308545	1.20646896525283	1.015373647599282
TL1a_FP_287	3.4477935440384035	1.8520442287440262	3.8836969218830215	1.0732456951724112	3.3872957049723786	2.1501970147121634	1.8118449986399727	0.0	2.326107409018718	0.6823561185125792	2.822582975825638	2.826721271553161	1.974597174006227	2.3780350908269567	1.2341780415114267	0.6284997639704896	2.20683953280468	0.5559182575377717	1.4454296948037555	0.8455692027643109	2.960740097210102	1.2835703107394505	0.5904273680083932	2.6941535393647027	0.7407979891182893	3.2528602230445873	1.5146852347199393	1.8897287872164645	0.5522948875734616	1.1109761470403878	1.2011579588032284	2.1899691150735623	0.567081772170028	0.6313578442309945	3.347039621663142	0.3550348262462844	1.9011285278399805	2.862399407360461	2.5092217016180167	1.360576257345568	1.2076591991124255	0.7208800191394998	1.6112017580866482	1.7935196834887084	1.9378099082330227	1.9308737035473464	1.4465541052686568	1.267505638005516	1.594112368892196
TL1a_FP_77	1.805521875696241	2.408498480342384	2.221676449884204	2.7520579554280644	1.6814891328866133	0.8921402260867759	1.3261502605765618	2.326107409018718	0.0	1.6465314606348012	3.5801008157403267	1.2636791536426255	0.4145640189858494	1.7356353218398164	2.238324913478165	2.144823863275767	0.7890214295725526	1.9110601536177634	0.9480774337791635	1.652693905154422	1.0509722247558122	1.1739677603951308	2.068560768583718	3.589644390040547	2.2805971824877327	1.2975124533486326	0.8946229512541598	1.0922451593156097	2.617240031052623	2.319605674301511	1.2949550735366897	2.3591503441619666	1.787178859068788	2.5506785035594692	1.3178882824379645	2.4155761680146273	1.5274467524536093	3.0147298132588736	1.7370486181367588	2.6830828992518168	2.448368312149156	2.1442688723522365	0.9401498733463844	0.8628013953187662	0.7723871776106256	1.0784148021489208	1.2534942311176929	1.0809289692388617	0.7729405607836818
TL1a_FP_245	2.9013472995635206	1.6853525338172761	3.345066749947829	1.4206565836573024	2.8217956239979944	1.5704701920303143	1.3513723201543004	0.6823561185125792	1.6465314606348012	0.0	2.9258031916894702	2.26536040307766	1.3083015991646907	1.8963835513477552	1.2404787156252244	0.7071190813265099	1.608761436239288	0.3730316674260926	0.7927070060743212	0.4301232850598463	2.345945767308781	0.6412678384973014	0.6166584824958937	2.8400118496746947	0.9266804816342517	2.5986312630434454	0.8479696829653401	1.291546070012956	1.0702889709699641	1.1833184154820953	0.6617270921776898	2.0262852583527047	0.23813679830491052	1.0571997478420796	2.7209236310734144	0.8449257890491022	1.4981680486809974	2.658001352874569	2.0960518979786738	1.5514752133068899	1.3378388879612235	0.8139295524955755	0.9777052031469521	1.1674122287302435	1.3113840386417728	1.387440052792325	0.9202913905572601	0.5882435875930714	0.928048572153764
TL1a_FP_198	3.124568364541412	4.519430170698312	3.4601853637149005	1.8749005345233878	3.398343846769506	2.8007823482916807	2.2553744702674186	2.822582975825638	3.5801008157403267	2.9258031916894702	0.0	2.884888634860527	3.213255641118584	4.73113005272396	1.7787244054958888	2.9766622703763606	2.8489135079776946	3.131498956193197	3.0882217201471653	2.925769434239848	3.299608793049029	3.3927400264670498	2.898158993650431	0.21935380946161315	2.2244886081851187	4.873567609002694	3.31779760358434	4.008790832769683	2.4580404922478993	2.344999315762124	2.5938541442088314	1.2430403158964947	2.7352719603364473	2.404385867546959	3.715286450685182	2.4942623834219404	2.1633715556918474	5.560243321767763	2.088825387021696	2.0219923932197057	1.6751222532226315	2.1773682970163097	3.3918413891040826	3.4126858493072434	3.3331051346721514	2.8165917349510052	2.9311894356934918	3.1810252435486928	3.140348826540749
TL1a_FP_161	0.6456935981944638	3.4940481333578264	1.276233424819855	2.7880273964048152	1.0179170335400471	0.8238463899774424	1.068775715939672	2.826721271553161	1.2636791536426255	2.26536040307766	2.884888634860527	0.0	1.2066324187912083	2.9842594071789277	2.1531264439143416	2.7136011492421512	0.6798279878973582	2.59878203044924	1.6801376141535187	2.234297170111458	0.4785584310457928	2.098321909914265	2.6143890354342005	2.961879095526927	2.486587832609002	2.3658567484911934	1.7949667632591515	2.2909797322185455	2.9231505951865757	2.511797991940716	1.6458499866430527	1.698652780371212	2.2884448000426802	2.832654993773064	0.9906432395433253	2.7597872898756797	1.2026430708544715	4.232288675487649	0.7973070384704228	2.705046918419531	2.369010809151663	2.328914775466706	1.8523792117766207	1.7431640594968985	1.5401653327532674	1.2620763882680852	1.7754965635066227	1.8963424893712515	1.5518051387242433
TL1a_FP_76	1.8238158547880263	2.3009499213410995	2.2464397933888707	2.341011177603776	1.7029800532215944	0.6231413889435552	0.970731366030476	1.974597174006227	0.4145640189858494	1.3083015991646907	3.213255641118584	1.2066324187912083	0.0	1.839524019939395	1.852485236253157	1.7981828280823378	0.5734617321942603	1.611053095665379	0.6027134426032602	1.3461783182719915	1.1201225077505956	0.9530058812335316	1.713946438764418	3.2139935847999914	1.8759145713446712	1.6679706243066947	0.6854042004614317	1.1035111787895213	2.2288179117569076	1.9231751207234502	0.9107230655125249	2.005780632762118	1.4302986781612077	2.1570690194492586	1.4667795725912012	2.033710544655185	1.1660724733499053	3.037089707741514	1.49064904772996	2.2767736784092274	2.035052963592314	1.7500551556242394	0.7106126310632553	0.6609563566392431	0.5667084491304006	0.7571823494960634	0.9009953614701113	0.7844803576898957	0.42857739251438365
TL1a_FP_102	3.5309555550920133	1.280248295869906	3.9036846329890245	3.299375226418902	3.312273565528215	2.4353760866122234	2.6679339062996035	2.3780350908269567	1.7356353218398164	1.8963835513477552	4.73113005272396	2.9842594071789277	1.839524019939395	0.0	3.04426158031172	2.2228266493280784	2.403099409410731	1.8567936644895913	1.728640693966761	1.9308231032443461	2.776710789232631	1.3401479601587785	2.2153454220777724	4.671955636487394	2.783382640641046	1.4756957490221874	1.4587231342076417	0.7683516748489406	2.860310019527949	2.866727958117864	2.1468902918210824	3.6543558544065977	2.1113907972817203	2.857233993715616	2.923972579801936	2.6668125195466486	2.8564323142245613	1.3867284236768849	3.3075044408514764	3.3081114893486787	3.210417190138818	2.698619675914681	1.510619541920257	1.6170599771974328	1.8025865693248337	2.3475767397069998	2.0326565794517095	1.5590434214162328	1.7075467413196275
TL1a_FP_197	2.6706987880580004	2.9053956423779423	3.221306118553681	0.9328931466791283	2.8840008784082865	1.7530275111691997	1.126943814503524	1.2341780415114267	2.238324913478165	1.2404787156252244	1.7787244054958888	2.1531264439143416	1.852485236253157	3.04426158031172	0.0	1.5281783347532507	1.7408816846467976	1.4089575790460833	1.6029407600872596	1.1592423039265085	2.46372514650334	1.72101743140009	1.4261957113853905	1.6814305082282857	0.9056128269891116	3.458864633687735	1.6893331079179488	2.3824016084145545	1.158253279081556	1.3187577799165937	0.9968524975826767	1.1305691805131803	1.0284840641653177	1.145470294930265	2.9479865159387115	1.0180601957940558	1.305362470022664	3.8856623564756183	1.6065751806873514	1.3351737530731669	0.6616872800260074	0.5332841633635174	1.9211364093967909	2.0232783309300615	2.0317096733043316	1.733445247536483	1.6070408981349782	1.5697154927056516	1.6729532884869025
TL1a_FP_132	3.350838255691522	1.5794719271348825	3.6395430618134674	1.2264790179153664	3.097042813951774	1.9415924589476192	1.7770068784839277	0.6284997639704896	2.144823863275767	0.7071190813265099	2.9766622703763606	2.7136011492421512	1.7981828280823378	2.2228266493280784	1.5281783347532507	0.0	2.080326662349534	0.7759244530319662	1.2027054140425555	1.1008220681480971	2.7729418532647907	1.1915873399698769	0.11434417469616424	2.878443723633244	0.7587671584019171	3.009212422175693	1.4632818935572884	1.6946746154258634	0.7657105722086409	0.8021932052120078	1.2294745316992794	2.221487496027581	0.7535256512480815	0.7156262761617517	3.0775692971334174	0.7128359952098914	1.7313191363517866	2.6586353347116716	2.4590885403071434	1.1915633066785856	1.3044522048360991	1.0113449621011052	1.2844065506728743	1.436403918246703	1.588567293761147	1.614906583516303	1.064425437695156	1.1204145638952627	1.378828566492204
TL1a_FP_130	1.3214855443007736	2.830835460304145	1.8242935597906556	2.327639686820324	1.3715616519611606	0.33154132548404064	0.6512882503963281	2.20683953280468	0.7890214295725526	1.608761436239288	2.8489135079776946	0.6798279878973582	0.5734617321942603	2.403099409410731	1.7408816846467976	2.080326662349534	0.0	1.9419763505849312	1.0078465862386687	1.6055420318032902	0.7709562741831346	1.4250504065786915	1.9826573776448209	2.8796676468211935	1.9491516132205096	2.0631230212340554	1.1397908216334403	1.6728658935922356	2.3611136404178543	1.9987618246814949	1.0271094119901982	1.61520558854852	1.6579499726270097	2.277661047797764	1.2512235973429329	2.181681959201249	0.8743325657470556	3.605974762862718	0.9502828633888991	2.264723698089408	1.949048882136615	1.7963640446471192	1.2035465086612	1.127791432938397	0.959857776914299	0.7608964612499841	1.1612198330668186	1.2167738898723857	0.8793528445296915
TL1a_FP_173	3.2288671927057835	1.5517727259031608	3.7052420179274694	1.529768767216828	3.180638128199684	1.9273882968161966	1.6882784299869467	0.5559182575377717	1.9110601536177634	0.3730316674260926	3.131498956193197	2.59878203044924	1.611053095665379	1.8567936644895913	1.4089575790460833	0.7759244530319662	1.9419763505849312	0.0	1.116056168856633	0.47844680883209156	2.6771786319773465	0.787552691639324	0.7225817080058737	3.025121661999473	1.0933996409362068	2.7529104809836475	1.0460708941182193	1.3780780091453002	1.0771613348867506	1.4003139357772034	0.9812239856100266	2.3206113056393742	0.4276862801500964	1.1147503195325061	3.054018759619295	0.8481306627003589	1.8614665028360367	2.497856101898315	2.433207376845279	1.7425732728144943	1.5365287491314423	0.9568046130120035	1.2473549624502358	1.4549970583936953	1.625589260614557	1.753876126045036	1.2659188229615228	0.8542076982209328	1.2402424358370705
TL1a_FP_90	2.322927516270917	1.8555782729116446	2.6738814228322467	1.9033598245633336	2.1072599023420127	0.9220524019430028	1.0489516983668912	1.4454296948037555	0.9480774337791635	0.7927070060743212	3.0882217201471653	1.6801376141535187	0.6027134426032602	1.728640693966761	1.6029407600872596	1.2027054140425555	1.0078465862386687	1.116056168856633	0.0	0.9839427085298168	1.6515323549158731	0.5819829571316992	1.1246366281295737	3.0570463632439515	1.3921473813805794	1.9878596303570968	0.5569144152396139	0.9688415729905616	1.7043867729976756	1.4280634231129392	0.6539500116722441	1.9673919933033892	0.9530944382587317	1.632315015401198	1.9646003456383865	1.5236435884831967	1.14321788510281	2.7309506511810357	1.724804925237111	1.8282569681051342	1.6739059194835024	1.347855605619176	0.3337978387174438	0.44335581785299794	0.5349467482609395	0.7438041392165591	0.4401567080701401	0.3255429312372752	0.17875978318068417
TL1a_FP_174	2.8451435876369184	1.9147400826460905	3.4066500258992654	1.5722674234997998	2.9213184196646753	1.6539095785042124	1.3438820540779763	0.8455692027643109	1.652693905154422	0.4301232850598463	2.925769434239848	2.234297170111458	1.3461783182719915	1.9308231032443461	1.1592423039265085	1.1008220681480971	1.6055420318032902	0.47844680883209156	0.9839427085298168	0.0	2.3554397385704458	0.7122182229099591	1.011414759042991	2.835174768289195	1.1606056711067025	2.622324380900307	0.8016869226422848	1.3659760969579153	1.2753821216091519	1.5173484705747653	0.645696525311754	2.046466392236523	0.3989984170048651	1.2973487830005264	2.7830079599266955	1.0131000553614293	1.6215609969250158	2.794815073296076	2.079596739345443	1.8274786030487276	1.4622947274582565	0.856159639587007	1.2051270604471427	1.3930827594889539	1.5153861965660576	1.5865813393132713	1.2277523889352036	0.7301532909900896	1.0586624225032828
TL1a_FP_144	0.8416737058008043	3.3616955675623172	1.2040885625617093	3.0316766751650963	0.7945467295626515	0.8532250896173682	1.3418255002636172	2.960740097210102	1.0509722247558122	2.345945767308781	3.299608793049029	0.4785584310457928	1.1201225077505956	2.776710789232631	2.46372514650334	2.7729418532647907	0.7709562741831346	2.6771786319773465	1.6515323549158731	2.3554397385704458	0.0	2.0714744248259347	2.684061057831055	3.372337824172629	2.6693061425813966	1.9895346904664992	1.7774254944126229	2.1250639771833293	3.0979806534303123	2.643537366562019	1.7951756861712387	2.085472447994496	2.415803533969906	3.002333003462384	0.5552752332701931	2.9332482004416716	1.4184034734799402	4.027873177274681	1.221328383751785	2.8917993845731753	2.6348588736405256	2.5535645442269415	1.7399824346016086	1.595062055978495	1.379814180241621	1.240711338358385	1.75702279637899	1.8875093504588498	1.5055863513915246
TL1a_FP_142	2.7260461145964534	1.5194114308537803	3.177606880787499	2.039077187758207	2.619509416586711	1.4353958872083485	1.443264738736035	1.2835703107394505	1.1739677603951308	0.6412678384973014	3.3927400264670498	2.098321909914265	0.9530058812335316	1.3401479601587785	1.72101743140009	1.1915873399698769	1.4250504065786915	0.787552691639324	0.5819829571316992	0.7122182229099591	2.0714744248259347	0.0	1.1286712159799297	3.3318780930139473	1.5297610774387862	1.9788137079428612	0.3603122637979205	0.6765810165975286	1.7050376693146878	1.6889684137588508	0.8263389012069283	2.3529868796541127	0.8453746929526248	1.6836604677199598	2.4002522339604107	1.4850892402648546	1.6493314873489087	2.3395248006252305	2.1645685435023085	2.0963200398571544	1.8951430385181245	1.3988205667584719	0.627042251451694	0.8332992182026164	1.010460501498383	1.3239248838917892	0.9418529610606842	0.2759079004734427	0.6291940259036881
TL1a_FP_172	3.2508185445087685	1.637741815190468	3.5565176642615444	1.1762142258595643	3.020412944522606	1.8507874659713535	1.6683215762618149	0.5904273680083932	2.068560768583718	0.6166584824958937	2.898158993650431	2.6143890354342005	1.713946438764418	2.2153454220777724	1.4261957113853905	0.11434417469616424	1.9826573776448209	0.7225817080058737	1.1246366281295737	1.011414759042991	2.684061057831055	1.1286712159799297	0.0	2.8023926022220693	0.6855291958851973	2.9680227995351873	1.384237982331548	1.6607841418036453	0.7412190657354639	0.767899119128928	1.1194423905869408	2.123514281282142	0.6532522954294889	0.686557492762925	3.001125904600347	0.6597301893938898	1.6356745383625482	2.709807233614804	2.354377078892298	1.161734137230666	1.2254030940816818	0.913676122572927	1.2309635182238527	1.3838113829178775	1.5284589037955032	1.5373854196151586	0.99721721242899	1.043759333221742	1.299281694424753
TL1a_FP_269	3.2347652079758626	4.426851042146641	3.5974529990190693	1.7404428235320308	3.504493835525682	2.834309202263608	2.265409678093248	2.6941535393647027	3.589644390040547	2.8400118496746947	0.21935380946161315	2.961879095526927	3.2139935847999914	4.671955636487394	1.6814305082282857	2.878443723633244	2.8796676468211935	3.025121661999473	3.0570463632439515	2.835174768289195	3.372337824172629	3.3318780930139473	2.8023926022220693	0.0	2.121200347409362	4.880158312664551	3.273492917508486	3.9629183451872514	2.321962798782647	2.270573376295049	2.5458147241367968	1.2956056016708521	2.640712670677566	2.2785547210806794	3.800197686977543	2.3641511122136487	2.191752993543708	5.46920605251202	2.1691585199955092	1.9386232969210047	1.5776270968768582	2.0686462123950173	3.362340664975389	3.3966458670273996	3.331788373265266	2.834197085551355	2.9060038943355773	3.1304106635257165	3.1174975279192942
TL1a_FP_288	3.0806004221000443	2.3184085255236297	3.422089208172408	0.537828859624364	2.9715089238368484	1.8277571682493017	1.4452581709284695	0.7407979891182893	2.2805971824877327	0.9266804816342517	2.2244886081851187	2.486587832609002	1.8759145713446712	2.783382640641046	0.9056128269891116	0.7587671584019171	1.9491516132205096	1.0933996409362068	1.3921473813805794	1.1606056711067025	2.6693061425813966	1.5297610774387862	0.6855291958851973	2.121200347409362	0.0	3.3720392308918767	1.6646092531656111	2.1529646931624167	0.4687860193698457	0.5131552045281935	1.0952068017642405	1.5822411958591587	0.7831547588592862	0.3538298912717354	3.047046992512139	0.4525543006817262	1.385970038477253	3.381941137626478	2.033159727762406	0.6855619428092541	0.5513074591987543	0.4908130058119948	1.6169340555062306	1.7308668027121037	1.7974928369202976	1.5802639126933746	1.2234512862562597	1.375525977294983	1.539882889686598
TL1a_FP_66	2.7276592935901363	2.5367947127807557	2.9620600271637105	3.8882748005868923	2.443057842712242	2.1252070667241565	2.6215707627680938	3.2528602230445873	1.2975124533486326	2.5986312630434454	4.873567609002694	2.3658567484911934	1.6679706243066947	1.4756957490221874	3.458864633687735	3.009212422175693	2.0631230212340554	2.7529104809836475	1.9878596303570968	2.622324380900307	1.9895346904664992	1.9788137079428612	2.9680227995351873	4.880158312664551	3.3720392308918767	0.0	1.8387721174464353	1.413910665097182	3.6307174775858297	3.365048181085754	2.4722128291018888	3.649702381892855	2.796278005732687	3.577300689372724	1.9275056461075752	3.433076214870578	2.77586933452244	2.6666837284257525	2.98633010541259	3.781699220350024	3.645200483937865	3.2766560735702455	1.7823857673759638	1.7121237810729846	1.7157967522601743	2.208589196473878	2.2646443377209855	2.03104040702592	1.8589790583627317
TL1a_FP_143	2.4085842780821305	1.8493142351012795	2.918170472399835	2.151525576238437	2.385445915428532	1.2127343048562094	1.239212005720068	1.5146852347199393	0.8946229512541598	0.8479696829653401	3.31779760358434	1.7949667632591515	0.6854042004614317	1.4587231342076417	1.6893331079179488	1.4632818935572884	1.1397908216334403	1.0460708941182193	0.5569144152396139	0.8016869226422848	1.7774254944126229	0.3603122637979205	1.384237982331548	3.273492917508486	1.6646092531656111	1.8387721174464353	0.0	0.7578937002948475	1.9007953705464096	1.8363461439586062	0.7307761404849941	2.2232088951717257	0.9990500868144429	1.871873351474637	2.140567456995175	1.6696352514098336	1.515667124591959	2.6010402369775023	1.9250851110298528	2.218204335402836	1.9411575295005719	1.472098572650636	0.67793262749674	0.8259752099874069	0.9330754441595621	1.212651865340114	0.9913597132588595	0.36946152732812926	0.5033606475980198
TL1a_FP_100	2.87665330545949	1.3811012410668122	3.2515864938014705	2.678948084538019	2.6591223743398142	1.6849384139185093	1.9150738110716068	1.8897287872164645	1.0922451593156097	1.291546070012956	4.008790832769683	2.2909797322185455	1.1035111787895213	0.7683516748489406	2.3824016084145545	1.6946746154258634	1.6728658935922356	1.3780780091453002	0.9688415729905616	1.3659760969579153	2.1250639771833293	0.6765810165975286	1.6607841418036453	3.9629183451872514	2.1529646931624167	1.413910665097182	0.7578937002948475	0.0	2.318679027200007	2.223434032885957	1.4319785057893542	2.9022115989875727	1.51139967415455	2.2906582171982155	2.3324728869910665	2.1185139159077386	2.0885090552968757	1.9550455213346698	2.5582644058237647	2.6589215342115518	2.533085932468916	2.069563422319218	0.7695913214803036	0.8893185525534303	1.0746398859512445	1.592618984776234	1.3013610071732102	0.8361989194759065	0.9394803960220051
TL1a_FP_196	3.5222887835962626	2.244714933432153	3.88668090245141	0.5983563310943881	3.425630569415103	2.2574011034047143	1.8717728216110145	0.5522948875734616	2.617240031052623	1.0702889709699641	2.4580404922478993	2.9231505951865757	2.2288179117569076	2.860310019527949	1.158253279081556	0.7657105722086409	2.3611136404178543	1.0771613348867506	1.7043867729976756	1.2753821216091519	3.0979806534303123	1.7050376693146878	0.7412190657354639	2.321962798782647	0.4687860193698457	3.6307174775858297	1.9007953705464096	2.318679027200007	0.0	0.8109011375669125	1.4235334241190774	1.9859711174349925	0.9225099176594729	0.16045299934350588	3.47665757067907	0.2672214811612786	1.851073195384434	3.2988526447691533	2.479380588785595	0.9074899216255025	0.8744615161577427	0.7065966203139353	1.8929073621809118	2.0373136862134897	2.1428980935924873	2.0028783955303266	1.5753396740278705	1.6167904128514017	1.8615225340057255
TL1a_FP_131	3.100744324070561	2.3211384724790145	3.291412559941372	0.8174003426571551	2.8200272428034694	1.7989629526959015	1.5661470649935865	1.1109761470403878	2.319605674301511	1.1833184154820953	2.344999315762124	2.511797991940716	1.9231751207234502	2.866727958117864	1.3187577799165937	0.8021932052120078	1.9987618246814949	1.4003139357772034	1.4280634231129392	1.5173484705747653	2.643537366562019	1.6889684137588508	0.767899119128928	2.270573376295049	0.5131552045281935	3.365048181085754	1.8363461439586062	2.223434032885957	0.8109011375669125	0.0	1.331680537325814	1.6688014533962574	1.128452452489585	0.6512197976185222	2.94653896712194	0.8894885089193187	1.3440836041335236	3.4029831387033185	2.0832731501518746	0.4536516441826807	0.805736700868944	0.9755742832200253	1.5906255746773243	1.6584096691617578	1.7065029028538903	1.4576854198690399	1.1154123759120411	1.5007632519579694	1.5845980616175317
TL1a_FP_246	2.268724573146404	2.2329664490363457	2.783656818010446	1.5206374175851423	2.3142328703683965	1.0466845952782127	0.7176610584780745	1.2011579588032284	1.2949550735366897	0.6617270921776898	2.5938541442088314	1.6458499866430527	0.9107230655125249	2.1468902918210824	0.9968524975826767	1.2294745316992794	1.0271094119901982	0.9812239856100266	0.6539500116722441	0.645696525311754	1.7951756861712387	0.8263389012069283	1.1194423905869408	2.5458147241367968	1.0952068017642405	2.4722128291018888	0.7307761404849941	1.4319785057893542	1.4235334241190774	1.331680537325814	0.0	1.544546209539696	0.6472876841605594	1.376356982633871	2.2351180239265536	1.2059913088841279	0.9953112585889622	3.1428748862518843	1.4665056330621125	1.6310809192147016	1.2488611009321071	0.8567875815280896	0.9801705557649211	1.089501904931797	1.1177375207130822	1.0203545292635174	0.8441411262418927	0.6300826564947792	0.695767926764565
TL1a_FP_270	2.0579591114331692	3.6234869119124884	2.4385944428850244	1.5516021959178539	2.259517567021957	1.5615987030153244	1.0527629521089135	2.1899691150735623	2.3591503441619666	2.0262852583527047	1.2430403158964947	1.698652780371212	2.005780632762118	3.6543558544065977	1.1305691805131803	2.221487496027581	1.61520558854852	2.3206113056393742	1.9673919933033892	2.046466392236523	2.085472447994496	2.3529868796541127	2.123514281282142	1.2956056016708521	1.5822411958591587	3.649702381892855	2.2232088951717257	2.9022115989875727	1.9859711174349925	1.6688014533962574	1.544546209539696	0.0	1.8933136434864064	1.8960651570177292	2.5142331895010375	1.93004558603987	0.9579997028390848	4.615375247208327	0.9172612091976263	1.5701093634074503	1.133643750723957	1.49388942607021	2.2676408132576915	2.259685813572666	2.1506015335374387	1.6261550216111096	1.8433167658543375	2.1134672689371876	1.9887552018995707
TL1a_FP_160	2.913302618884169	1.8826244428928034	3.3864930350384954	1.237707528979205	2.8915089433495886	1.6312154350177699	1.3126210777120626	0.567081772170028	1.787178859068788	0.23813679830491052	2.7352719603364473	2.2884448000426802	1.4302986781612077	2.1113907972817203	1.0284840641653177	0.7535256512480815	1.6579499726270097	0.4276862801500964	0.9530944382587317	0.3989984170048651	2.415803533969906	0.8453746929526248	0.6532522954294889	2.640712670677566	0.7831547588592862	2.796278005732687	0.9990500868144429	1.51139967415455	0.9225099176594729	1.128452452489585	0.6472876841605594	1.8933136434864064	0.0	0.9222400778022315	2.8193824397757727	0.6759939718462737	1.4744660124517248	2.8595106804649877	2.0444737180783084	1.4462822778785498	1.1598690439735504	0.5920994956535894	1.1786931070797	1.3553547116965745	1.4754345518239813	1.4716652860481865	1.049113556664318	0.7768150585209481	1.0795325905192101
TL1a_FP_286	3.4313258757395477	2.2502834168115036	3.7655702405557077	0.5491613216822703	3.3034140097271503	2.156575799442175	1.7903782304834288	0.6313578442309945	2.5506785035594692	1.0571997478420796	2.404385867546959	2.832654993773064	2.1570690194492586	2.857233993715616	1.145470294930265	0.7156262761617517	2.277661047797764	1.1147503195325061	1.632315015401198	1.2973487830005264	3.002333003462384	1.6836604677199598	0.686557492762925	2.2785547210806794	0.3538298912717354	3.577300689372724	1.871873351474637	2.2906582171982155	0.16045299934350588	0.6512197976185222	1.376356982633871	1.8960651570177292	0.9222400778022315	0.0	3.3695086613228398	0.33839201774059	1.7350647347696915	3.3174948902222017	2.385472794159491	0.764953536787447	0.7917679100691812	0.6988319701474057	1.8201381304924185	1.9524789998461625	2.0484683459152158	1.8866873576626781	1.4697588494649616	1.5733656904314635	1.791551944754455
TL1a_FP_78	1.1241739450807724	3.5277661984418547	1.0371363405181098	3.4290438639385576	0.5704485451916758	1.2352765078148789	1.822746659145302	3.347039621663142	1.3178882824379645	2.7209236310734144	3.715286450685182	0.9906432395433253	1.4667795725912012	2.923972579801936	2.9479865159387115	3.0775692971334174	1.2512235973429329	3.054018759619295	1.9646003456383865	2.7830079599266955	0.5552752332701931	2.4002522339604107	3.001125904600347	3.800197686977543	3.047046992512139	1.9275056461075752	2.140567456995175	2.3324728869910665	3.47665757067907	2.94653896712194	2.2351180239265536	2.5142331895010375	2.8193824397757727	3.3695086613228398	0.0	3.3288927538804898	1.7971611827623346	4.127361437184288	1.677290939632563	3.2092198514590153	3.045489486198609	2.9923306905231346	1.9717116966086055	1.7886819113469485	1.5671464727919584	1.5030581429436618	2.0189097822218094	2.224736339002256	1.8257520640719462
TL1a_FP_210	3.3646523414892937	2.1474257857428944	3.7771126065922043	0.7183920819074958	3.3115498086353554	2.1052465096125976	1.7087332623763498	0.3550348262462844	2.4155761680146273	0.8449257890491022	2.4942623834219404	2.7597872898756797	2.033710544655185	2.6668125195466486	1.0180601957940558	0.7128359952098914	2.181681959201249	0.8481306627003589	1.5236435884831967	1.0131000553614293	2.9332482004416716	1.4850892402648546	0.6597301893938898	2.3641511122136487	0.4525543006817262	3.433076214870578	1.6696352514098336	2.1185139159077386	0.2672214811612786	0.8894885089193187	1.2059913088841279	1.93004558603987	0.6759939718462737	0.33839201774059	3.3288927538804898	0.0	1.7489637517244498	3.1836828042126797	2.3534648019567816	1.057594642784293	0.8819510270979435	0.5183497272487352	1.7276883934686356	1.884141374650201	1.9942770359885442	1.8827462586247683	1.4540145000647664	1.4081797081848881	1.672876199751443
TL1a_FP_208	1.761222037591502	2.903014416063689	2.0420804823842134	1.6682609386842058	1.639815568149676	0.6904978502595962	0.5042360869509196	1.9011285278399805	1.5274467524536093	1.4981680486809974	2.1633715556918474	1.2026430708544715	1.1660724733499053	2.8564323142245613	1.305362470022664	1.7313191363517866	0.8743325657470556	1.8614665028360367	1.14321788510281	1.6215609969250158	1.4184034734799402	1.6493314873489087	1.6356745383625482	2.191752993543708	1.385970038477253	2.77586933452244	1.515667124591959	2.0885090552968757	1.851073195384434	1.3440836041335236	0.9953112585889622	0.9579997028390848	1.4744660124517248	1.7350647347696915	1.7971611827623346	1.7489637517244498	0.0	3.8484551866584873	0.7970507974376886	1.505857165020232	1.2643847021166263	1.3762428818233854	1.3975854525604512	1.3471423987516762	1.2125943499494225	0.6688395668342784	0.992760746581486	1.3794467648918913	1.1497930312781457
TL1a_FP_101	4.815185137514108	1.0885738643539309	5.079745869514586	3.8503694453705695	4.451192924934851	3.563657462441764	3.7535294697498296	2.862399407360461	3.0147298132588736	2.658001352874569	5.560243321767763	4.232288675487649	3.037089707741514	1.3867284236768849	3.8856623564756183	2.6586353347116716	3.605974762862718	2.497856101898315	2.7309506511810357	2.794815073296076	4.027873177274681	2.3395248006252305	2.709807233614804	5.46920605251202	3.381941137626478	2.6666837284257525	2.6010402369775023	1.9550455213346698	3.2988526447691533	3.4029831387033185	3.1428748862518843	4.615375247208327	2.8595106804649877	3.3174948902222017	4.127361437184288	3.1836828042126797	3.8484551866584873	0.0	4.445511960897873	3.825057417089874	3.9067697748124988	3.4233844809936196	2.4893363832388196	2.6093317633217312	2.830388584409227	3.34330236302063	2.8879247850976557	2.5514717660042483	2.782618711263138
TL1a_FP_244	1.1618899008326036	3.5683275999047184	1.6646494708346897	2.2123168949289	1.48717053921859	0.9800298906250121	0.7501629514737933	2.5092217016180167	1.7370486181367588	2.0960518979786738	2.088825387021696	0.7973070384704228	1.49064904772996	3.3075044408514764	1.6065751806873514	2.4590885403071434	0.9502828633888991	2.433207376845279	1.724804925237111	2.079596739345443	1.221328383751785	2.1645685435023085	2.354377078892298	2.1691585199955092	2.033159727762406	2.98633010541259	1.9250851110298528	2.5582644058237647	2.479380588785595	2.0832731501518746	1.4665056330621125	0.9172612091976263	2.0444737180783084	2.385472794159491	1.677290939632563	2.3534648019567816	0.7970507974376886	4.445511960897873	0.0	2.163191035694591	1.7725946463687567	1.8876512242543133	1.9859199035786734	1.9212010903372065	1.7493086000652878	1.2724244035592522	1.7102944446091444	1.9259329503453624	1.6645619783370011
TL1a_FP_232	3.251669888649449	2.738328436960743	3.4297150669082233	0.6346616785658796	3.0192645231040802	2.071269710688501	1.755202392107023	1.360576257345568	2.6830828992518168	1.5514752133068899	2.0219923932197057	2.705046918419531	2.2767736784092274	3.3081114893486787	1.3351737530731669	1.1915633066785856	2.264723698089408	1.7425732728144943	1.8282569681051342	1.8274786030487276	2.8917993845731753	2.0963200398571544	1.161734137230666	1.9386232969210047	0.6855619428092541	3.781699220350024	2.218204335402836	2.6589215342115518	0.9074899216255025	0.4536516441826807	1.6310809192147016	1.5701093634074503	1.4462822778785498	0.764953536787447	3.2092198514590153	1.057594642784293	1.505857165020232	3.825057417089874	2.163191035694591	0.0	0.6912319460762436	1.1149564189403809	2.017930152265827	2.0756882061862894	2.0992851875028693	1.7694352406268068	1.5203915771380274	1.903978732103966	1.972937551125693
TL1a_FP_233	2.9019428038657087	2.852888784239968	3.263579056741493	0.4410377687988958	2.8984547813746238	1.8451744595981112	1.3428651385262698	1.2076591991124255	2.448368312149156	1.3378388879612235	1.6751222532226315	2.369010809151663	2.035052963592314	3.210417190138818	0.6616872800260074	1.3044522048360991	1.949048882136615	1.5365287491314423	1.6739059194835024	1.4622947274582565	2.6348588736405256	1.8951430385181245	1.2254030940816818	1.5776270968768582	0.5513074591987543	3.645200483937865	1.9411575295005719	2.533085932468916	0.8744615161577427	0.805736700868944	1.2488611009321071	1.133643750723957	1.1598690439735504	0.7917679100691812	3.045489486198609	0.8819510270979435	1.2643847021166263	3.9067697748124988	1.7725946463687567	0.6912319460762436	0.0	0.638613348930182	1.947976226684162	2.027340601170292	2.0361838868156554	1.68001386593195	1.5037156095036917	1.7069728688896022	1.7872166759333135
TL1a_FP_268	2.911675657092381	2.414965856901683	3.3888680358953422	0.7479081484801002	2.966272891834983	1.7586340328541885	1.2638524461623404	0.7208800191394998	2.1442688723522365	0.8139295524955755	2.1773682970163097	2.328914775466706	1.7500551556242394	2.698619675914681	0.5332841633635174	1.0113449621011052	1.7963640446471192	0.9568046130120035	1.347855605619176	0.856159639587007	2.5535645442269415	1.3988205667584719	0.913676122572927	2.0686462123950173	0.4908130058119948	3.2766560735702455	1.472098572650636	2.069563422319218	0.7065966203139353	0.9755742832200253	0.8567875815280896	1.49388942607021	0.5920994956535894	0.6988319701474057	2.9923306905231346	0.5183497272487352	1.3762428818233854	3.4233844809936196	1.8876512242543133	1.1149564189403809	0.638613348930182	0.0	1.6253015429101176	1.7591683171903134	1.8209544705643324	1.6248978347710785	1.3266856066157666	1.2708455019081162	1.4624669689737706
TL1A_FP_641	2.4811939619437755	1.6557531214393064	2.757892395360915	2.1446889948156542	2.155769567161523	1.0947572820592166	1.3528110192313205	1.6112017580866482	0.9401498733463844	0.9777052031469521	3.3918413891040826	1.8523792117766207	0.7106126310632553	1.510619541920257	1.9211364093967909	1.2844065506728743	1.2035465086612	1.2473549624502358	0.3337978387174438	1.2051270604471427	1.7399824346016086	0.627042251451694	1.2309635182238527	3.362340664975389	1.6169340555062306	1.7823857673759638	0.67793262749674	0.7695913214803036	1.8929073621809118	1.5906255746773243	0.9801705557649211	2.2676408132576915	1.1786931070797	1.8201381304924185	1.9717116966086055	1.7276883934686356	1.3975854525604512	2.4893363832388196	1.9859199035786734	2.017930152265827	1.947976226684162	1.6253015429101176	0.0	0.21851283240776134	0.4357728256122558	0.8733435932192981	0.5478740402883256	0.48137014493713143	0.37504350050150365
