	Itg.18.DTT496.S91	Lyz2.05B.DTT260.S101	Vil1.13B.FP153	Itg.20.FP508.S11	Vil1.06B.DTT72	Lyz2.06B.DTT272.S114	Itg.20.DTT508.S3	Lyz2.03B.DTT236.S76	Itg.16.FP484.S87	Vil1.05B.FP60	Lyz2.01B.FP212.S60	Lyz2.02B.DTT224.S64	Vil1.09B.FP105	Vil1.02B.DTT24	Vil1.04B.FP48	Lyz2.07B.DTT284.S126	Vil1.03B.FP36	Itg.02.FP412.S12	Lyz2.02B.FP224.S72	Itg.02.DTT412.S4	Itg.26.FP544.S48	Itg.10.FP460.S62	Itg.04.DTT424.S16	Itg.18.FP496.S99	Vil1.08B.DTT96	Vil1.010B.DTT120	Itg.06.FP436.S37	Vil1.01B.FP12	Vil1.10B.FP117	Vil1.05B.DTT60	Lyz2.04B.DTT248.S89	Vil1.01B.DTT12	Vil1.013B.DTT156	Vil1.07B.DTT84	Vil1.06B.FP72	Vil1.02B.FP24	Itg.26.DTT544.S40	Lyz2.05B.FP260.S57	Itg.12.FP472.S74	Vil1.14B.FP165	Itg.16.DTT484.S79	Vil1.07B.FP84	Vil1.04B.DTT48	Itg.08.FP448.S49	Itg.04.FP424.S24	Itg.06.DTT436.S29	Lyz2.08B.DTT296.S139	Itg.22.DTT520.S15	Lyz2.01B.DTT212.S52	Lyz2.07B.FP284.S82	Lyz2.08B.FP296.S95	Lyz2.03B.FP236.S84	Vil1.014B.DTT168	Vil1.09B.DTT108	Itg.22.FP520.S23	Vil1.08B.FP93	Lyz2.06B.FP272.S70	SLCFP072	LYZFP308	LYZdtt308	SLCFP078	SLCFP024	SLCdtt114	LYZFP320	LYZdtt356	LYZdtt368	LYZFP356	SLCdtt024	LYZFP332	LYZdtt344	SLCdtt096	LYZdtt332	LYZdtt320	SLCdtt078	SLCFP054	SLCFP114	SLCFP006	SLCdtt054	SLCdtt006	SLCdtt132	SLCFP132	LYZFP344	SLCFP096	SLCdtt150	SLCdtt168	SLCFP150
Itg.18.DTT496.S91	0.0	0.4701299383810913	0.7037154858906972	0.6172949125265333	0.9840389474332902	0.724706413730804	0.571478808069591	0.6457173936268368	0.5073792034503672	0.504750125283888	0.6731606170392144	0.6582324565395468	0.62600196417715	0.6657781862745098	0.3783815754752177	0.47246859501140354	0.40055432761463705	0.5609236234458259	0.6683871961788838	0.49535492158982314	0.4096783834943982	0.3535975131045749	0.4512073438435442	0.3356720341767992	0.9838658345902116	0.8968613354496366	0.5673972726045277	0.629108543797447	0.5927497043817651	0.984072375127421	0.595834682205676	0.7064759774289628	0.5388973879539918	0.9809508329947176	0.46271914730435293	0.4184370025713236	0.41541474221400243	0.4650832213377442	0.5073259251184652	0.49081776564373686	0.5116183580951423	0.49056900491207295	0.634302508659599	0.38921352755194216	0.44987631051949584	0.6668330944289649	0.7633305667350486	0.3606573849743767	0.7383759065949512	0.529656783417531	0.6465333074383376	0.6864025746604193	0.4359751410940554	0.8844496610090964	0.36687060573282854	0.7411266878243413	0.39518384040732857	0.5065759280384984	0.761711814745831	0.7076212997139584	0.6287640166309689	0.4935069606820389	0.5987453477212612	0.7060887591407461	0.7360315758253291	0.6902665214367911	0.7348990554611077	0.4628630968305149	0.8531393177649275	0.6078537616929688	0.5794594773185318	0.6421456622634774	0.9248111584695607	0.6937715743659012	0.6222313534721577	0.7386753233847326	0.4137217478653943	0.6080502142074325	0.45476268951878707	0.6453786583526099	0.57330418383404	0.7676689916153446	0.567159229860521	0.583469845971874	0.6127008098866796	0.7721889785023945
Lyz2.05B.DTT260.S101	0.4701299383810913	0.0	0.91582936717786	0.767704622605926	0.9689926351267008	0.5845337785077681	0.6589229271575708	0.710459608244783	0.6259912785883824	0.4446862216032727	0.6255622129336788	0.6516663229858985	0.5064950890789891	0.4822272243797462	0.5618033018202342	0.4313105010567615	0.5244899561457621	0.7417123739364012	0.6763935131850464	0.7084691028995516	0.46057645106243716	0.578816371681416	0.6838189554355669	0.6471657014256661	0.9719082166357348	0.8230905861456483	0.5503814846594467	0.6748137006905038	0.5484388009991673	0.9688908808098916	0.6357845378002566	0.6706385467305092	0.836635537607269	0.962641797556719	0.5108265667291276	0.5405739989982895	0.5395368354795562	0.23054958024785366	0.6609153318077803	0.5742713940969	0.6046314719952585	0.5428118393234672	0.473611243904771	0.6405946440950677	0.7088089446107785	0.5958212482543774	0.7769416980196576	0.5255740643446549	0.7597263787943566	0.3821683618264445	0.5899354740177923	0.73314626033889	0.43761042569577624	0.8030477718181362	0.5860423820373758	0.7448265719868065	0.4549731656125424	0.5303637424625559	0.7991496866437817	0.7498272065323968	0.6727422539813328	0.4520360754304455	0.6282493521926422	0.723589181650645	0.7740295472217238	0.7202284086946414	0.7780080121563752	0.3552243978513256	0.8580047551640256	0.6486031140651325	0.8497115834329366	0.5555071283562917	0.9315836795977513	0.7326213178501039	0.6823482901759241	0.6423263146042112	0.6921696989169579	0.6430868167202572	0.6646777877760088	0.6855062552797779	0.6238783478320433	0.8000304016689468	0.8569135647392148	0.7403860037541512	0.7246657434527384	0.8158342683560932
Vil1.13B.FP153	0.7037154858906972	0.91582936717786	0.0	0.8277623205972288	0.9697227519436702	0.8990326055225037	0.8273948296849533	0.8780984961870145	0.8375639270207961	0.8476367684963473	0.8648668089289567	0.8575090024991416	0.9213652937017371	0.8817660069962096	0.7633859444187878	0.8714412299866747	0.7935636466942831	0.7277932047474563	0.8742837716285032	0.7210455187292815	0.8241313499099879	0.7072096324213205	0.6991962294323107	0.7223056950844613	0.9710443730842213	0.9252238952858971	0.8587731235095188	0.8439090259798232	0.9045236290118777	0.9703188822642339	0.833637139758647	0.8379890179442002	0.5158449582775974	0.9679383445262562	0.8612853115470916	0.7860480064754581	0.8063528290167415	0.9393886569453765	0.8161717537506467	0.8233611863010474	0.8399708968369457	0.8574885869864144	0.8860586719981545	0.7201901219260177	0.6678762931267941	0.8533126835351382	0.8868297174983794	0.7370187686149676	0.8763613646617846	0.8662853980260123	0.8394686774537012	0.8883750403665588	0.8119622180173025	0.9237007580951635	0.679913670728339	0.9145351275111501	0.8217146804213498	0.8217586480063375	0.8390061774489173	0.8114517805664806	0.8192335829732033	0.9376863446630889	0.8591079005448371	0.87986639346563	0.913349727983599	0.8763660381890237	0.9085063533491677	0.9272109847925587	0.9442758896070791	0.8807585210249903	0.6959757598712243	0.8774324405738116	0.9793168647103131	0.8650321941555226	0.8834116499689689	0.9465637919037289	0.6903219208602087	0.8689850008363846	0.7579648157101945	0.8344897168383574	0.8305748117682179	0.9050830306072836	0.7320263879446242	0.7340816755393668	0.8570439844186728	0.915371266409424
Itg.20.FP508.S11	0.6172949125265333	0.767704622605926	0.8277623205972288	0.0	0.9958186864014801	0.85035746881655	0.3317906540078809	0.5771475488351407	0.575417413985278	0.6097211981398608	0.6370661087610525	0.5954015623092884	0.7436761776599359	0.8021609263220002	0.5509801488023307	0.6031467166393378	0.4884481310908119	0.5378689828314803	0.5990369705378275	0.5010008545307689	0.5328476657356953	0.5761431364557306	0.5757530840907407	0.7121980207625885	0.9949939806514754	0.9441626727467312	0.46184707720028256	0.4669325249512323	0.7236130997715157	0.9960745829244357	0.6272688463293636	0.6458053322255077	0.7973629951992209	0.9943848658766007	0.6856852988067056	0.48388395527538763	0.5423518568567528	0.786375398089172	0.5931507193251149	0.6545666581335153	0.5466901291461831	0.6570099079270025	0.7675667312820232	0.547715373631604	0.5763176575555686	0.8016166259818961	0.5829169250933262	0.5379296318893634	0.6801280768461077	0.7656295129316004	0.6019331213100052	0.5618535471800242	0.6889011365498339	0.9410244295600456	0.527388440394235	0.7269591958001262	0.5378031588940994	0.6091415177263405	0.6278911864556237	0.5975081960399229	0.46873645583518736	0.7879120618695147	0.6798358132375577	0.6445370164405169	0.7191876109758553	0.6332495515160944	0.701015824692151	0.822507070123366	0.9413412308702425	0.6472218593635523	0.6414221356386217	0.7153421974850547	0.9109200807951827	0.6273919391911246	0.6682429299953639	0.8475219418938099	0.6971178770088692	0.7331711487778865	0.629940119760479	0.5250662590624168	0.5531196368266622	0.752410904707446	0.7940212178046301	0.5820985994254272	0.5839182159027516	0.7511944167497507
Vil1.06B.DTT72	0.9840389474332902	0.9689926351267008	0.9697227519436702	0.9958186864014801	0.0	0.838204673401712	0.9844726535374018	0.9900455870263807	0.995199655359872	0.9891562299710718	0.9894036661768119	0.9830240364211582	0.9924072427565378	0.924782697967285	0.9932285106786387	0.9871295375769138	0.9899940990840752	0.9960048436850898	0.9920042486649161	0.9896729400462861	0.993732599895095	0.9948246948680075	0.9871337082387637	0.9943498867642595	0.20449587142028666	0.2292855876617621	0.9932566600477098	0.9932143160918997	0.993378497790869	0.07947317219187308	0.7898325443368897	0.9594603911474732	0.7483664514151034	0.13888561668040994	0.9913776030955319	0.9940389371551779	0.9825988040520807	0.986981561244737	0.9957462779932441	0.9939918164396333	0.9877760299715415	0.9908388046028067	0.9226926969410075	0.9954940457032507	0.9935126986904265	0.9757980868963928	0.9897224404294318	0.9798912332504812	0.9863572035097651	0.9856591915440651	0.9873715909366879	0.994907182856387	0.8171077504725898	0.25264001672881886	0.9942633510780524	0.9939518769421262	0.9916368380557321	0.9878124611366745	0.9913120086744375	0.9815581915015765	0.9923630588314805	0.9896491265130231	0.959744046654787	0.9904200975355628	0.9930492726149958	0.9674477827954098	0.9936644309807974	0.9865572176300661	0.9921481138088891	0.9814296485266626	0.9946359251852723	0.9868916322286857	0.9979732405110298	0.9911719129087295	0.9880157420337692	0.9893087709198569	0.9879354879354879	0.9861992339405281	0.9820088481074881	0.992615035031244	0.9900404738191604	0.993061356321071	0.9928198001455893	0.9966195947384379	0.9964208878040436	0.9964198250728863
Lyz2.06B.DTT272.S114	0.724706413730804	0.5845337785077681	0.8990326055225037	0.85035746881655	0.838204673401712	0.0	0.7577801580638625	0.778836987607245	0.8231493915011049	0.7013117326181745	0.7886065573770492	0.7496422877233146	0.7961172193520849	0.3421272713449403	0.7983164840742777	0.7634441679017869	0.7675311175670994	0.8635650193701745	0.8243255742253738	0.828838174273859	0.7701471226395286	0.8102769520355343	0.7652776310427577	0.8288013922123124	0.8694098212944886	0.636996322511764	0.7843901221558215	0.8523932163856358	0.792920850669237	0.8290634187316254	0.6163587604290822	0.7048550385496465	0.7581132917943618	0.8094097822712961	0.7877787874440034	0.8145433924404022	0.7162077345221044	0.6932569643322052	0.8538370134810521	0.8219805808649954	0.8092903450592934	0.801814052396314	0.4822298394371279	0.8425653706119429	0.7864477536668394	0.4956521739130435	0.858981293666892	0.6357598877315044	0.8194378837978271	0.6836299043285862	0.6989623899009435	0.8324145785876993	0.5883301343570058	0.6264111417154828	0.7830699831153449	0.8535959643302046	0.701529804818006	0.5700608758615141	0.8808937805923509	0.8261547527310639	0.7303358805757952	0.6676946626747405	0.6171989325987777	0.8371885717739133	0.9124752475247525	0.8553352708314781	0.9126756099409523	0.6154398227603208	0.9572117080051722	0.8434801128800383	0.8917338660559846	0.8384474310896998	0.9657556918102332	0.7576880812189402	0.6588335298472675	0.5058636639723403	0.7586172741679873	0.5821000479463001	0.7284991568296796	0.7584689691676592	0.6854658385093167	0.9055349885088703	0.8692115143929913	0.8832308754396923	0.8779020237863654	0.9286171878707351
Itg.20.DTT508.S3	0.571478808069591	0.6589229271575708	0.8273948296849533	0.3317906540078809	0.9844726535374018	0.7577801580638625	0.0	0.4765258002671343	0.5649756479078532	0.4872770888472557	0.5432179449340135	0.4279818928308243	0.7001991070880369	0.6791941857573162	0.499961535502731	0.4604289626316058	0.42623817151916504	0.4780438802474902	0.5215706070057149	0.42426311258867877	0.5021488447300115	0.5508990577724389	0.5157622969062987	0.721738320368904	0.9841991860186737	0.9049847947643539	0.33526808755467935	0.38034276968106173	0.6474025010349379	0.9845158705171871	0.5208291568100718	0.5234985288178619	0.7768174618991179	0.9818126174966118	0.6056068753159612	0.4960440166659408	0.4636477057437272	0.7297994744193754	0.5478726992830288	0.6109731041542878	0.4110147036723588	0.580016493771431	0.6448504398032067	0.5017407083809395	0.5413065874279487	0.6937108827313069	0.4676131980297905	0.42709055358417564	0.5943837205215619	0.663574599843904	0.49348385490163527	0.4885409507873428	0.6016013364843941	0.904293966177187	0.4753248824045284	0.681591883282866	0.5359342516854806	0.4722458821694639	0.5636561936322833	0.5604612049394716	0.3153080966991733	0.7132753533500569	0.5331114377107288	0.5894169524742773	0.6710521987961714	0.5407293847106341	0.6459506812060354	0.7231005568712795	0.9308572707364248	0.5574575096625778	0.6433888360044319	0.6093810331223664	0.9123367151463468	0.49784657928418613	0.5260792129590366	0.7769708467341524	0.6768875886125801	0.5892854834330924	0.5867424315140811	0.3563140700687169	0.3966106947964978	0.724468629616659	0.8189891501602379	0.5733714164601869	0.5810807348381972	0.7405381734155749
Lyz2.03B.DTT236.S76	0.6457173936268368	0.710459608244783	0.8780984961870145	0.5771475488351407	0.9900455870263807	0.778836987607245	0.4765258002671343	0.0	0.7446808510638298	0.5795331161780674	0.3156364527520023	0.34426484820842557	0.8459490230644925	0.7299522868142159	0.7303519402291454	0.564544088755345	0.4224586023498177	0.6691227049050215	0.23791347398456175	0.2580538180920723	0.6395808127535407	0.6225233805367766	0.3207557727459246	0.7455483078315833	0.9893625616028869	0.9081195291276788	0.3521911364199059	0.4219482017988962	0.7901407304970308	0.9905836587888424	0.445825894979243	0.41884072185170657	0.8597548813191197	0.9877837599571802	0.7078632181912863	0.6386194212664601	0.5622842068510688	0.7516030284324965	0.6972206394428616	0.7940708819377368	0.5896615952659601	0.7102581336627368	0.7736947849634569	0.6134676010661619	0.549922566174769	0.6883874793246575	0.3496156840977249	0.5655279367436984	0.2597709607689831	0.7245551601423488	0.629190226171244	0.249116648934931	0.6871420743303499	0.9120872535506682	0.5605694198598888	0.8299521499737809	0.6132705103177605	0.6461794019933554	0.5073135253077606	0.38562627250852743	0.3714996760625662	0.7596084034007073	0.6407323962991343	0.46021762257600923	0.542231320599365	0.7246410290702623	0.7786446579405506	0.7210824728149223	0.9355549300600884	0.3832112458851093	0.5865924511437045	0.6788060015608969	0.9341337610343988	0.17990622118459515	0.7362603305785124	0.84958476288197	0.6835160073660472	0.6974092116917626	0.597436544381087	0.6039713291332682	0.6919972784646787	0.6943605861351199	0.8388206986872964	0.5380647032620969	0.4566425324128641	0.6373553482379327
Itg.16.FP484.S87	0.5073792034503672	0.6259912785883824	0.8375639270207961	0.575417413985278	0.995199655359872	0.8231493915011049	0.5649756479078532	0.7446808510638298	0.0	0.5419396701801031	0.6971061574124079	0.6719150737460678	0.6209462365591398	0.7545189802278649	0.31751379121573253	0.4788680221139666	0.42708240959910504	0.6228517988777643	0.6619487059202955	0.6470074322764233	0.5103079806428151	0.532208260338026	0.7067103964706565	0.6175107741161985	0.9942396093615885	0.9351974227655708	0.5197104677060134	0.5152991619567335	0.5244727002696752	0.9954702261741236	0.7438505448884276	0.7598345162095652	0.7956302242820492	0.993581978535756	0.40418211876144944	0.4461860747165512	0.5532252273815222	0.6551391755858469	0.2917820280261804	0.49786291152574796	0.39646660786456206	0.4190040231437385	0.7036081954993251	0.4534573476167798	0.716724265786123	0.7623212286372183	0.6736848015271462	0.5936865544567425	0.7682749115238007	0.6309046001852423	0.5901110908759789	0.7014162990480612	0.6327319483418109	0.9238719487137339	0.557848145718621	0.7593883487512776	0.5235966954504045	0.6109804498015582	0.7132509724656919	0.722418950424493	0.5761681621541278	0.4757117483747478	0.6313216467418472	0.8020269191119888	0.6623522791221159	0.6118634858472674	0.46965333924022595	0.611393162558153	0.7952975225494783	0.5205120146980612	0.8128119854477296	0.6651892826274849	0.9191524680895625	0.7024220931109937	0.6430184766912282	0.8019405778705277	0.7365270367427252	0.6771615261950138	0.6770029227364216	0.6093171230541984	0.5681924132810746	0.5689819794776345	0.8738680114961228	0.6219517647795255	0.6059210645588209	0.5679824104804221
Vil1.05B.FP60	0.504750125283888	0.4446862216032727	0.8476367684963473	0.6097211981398608	0.9891562299710718	0.7013117326181745	0.4872770888472557	0.5795331161780674	0.5419396701801031	0.0	0.4431168186612073	0.4384578217723652	0.5289764979546001	0.6157381112201167	0.5013337487100605	0.4259386524445133	0.38558310634354553	0.6306894997746733	0.4567630476387524	0.5913448370309504	0.5181726596404216	0.5421704983098166	0.5617019540651899	0.7149143101596808	0.9884467660162851	0.887954593231028	0.3991493129065784	0.5124359640656322	0.527383652442991	0.9910080028774391	0.5311319320162357	0.508951265333186	0.8023092295166901	0.9866043499061569	0.29402678741457017	0.5185314147360579	0.4971468722054252	0.5589203048215939	0.584954360304892	0.52533210008452	0.4444087804704078	0.35134063930560233	0.589279112754159	0.5367128318353814	0.5836127856713641	0.5872882899289746	0.5787779483137678	0.5017478273534981	0.590813650930791	0.4752363659132177	0.390259221194473	0.5748651699485764	0.4810894570594195	0.8692072535260196	0.4984931223404734	0.6084945779289815	0.5058027406530198	0.5079034219211395	0.6312379916004965	0.5839127375087966	0.4301708964969057	0.552782807210895	0.6264646129077598	0.6182564144434692	0.6675250527818252	0.5539975019636626	0.6592250129993443	0.5373578521976129	0.8703186516530134	0.4838981702466189	0.7512490231716847	0.4860434289201896	0.9167678788311782	0.5377616799258349	0.6153463025899449	0.7224331741794804	0.739268818135562	0.6422637920101458	0.639635631583045	0.486943230967686	0.5435519915866964	0.7054587844741981	0.9145796715291694	0.6341508510522595	0.5994294307576629	0.7000284460946506
Lyz2.01B.FP212.S60	0.6731606170392144	0.6255622129336788	0.8648668089289567	0.6370661087610525	0.9894036661768119	0.7886065573770492	0.5432179449340135	0.3156364527520023	0.6971061574124079	0.4431168186612073	0.0	0.24933069179695866	0.7260224277925376	0.7028106281677162	0.6593144098030091	0.6036382322713258	0.3344574489188653	0.7346382065101505	0.20751886334554118	0.42302786756355376	0.6954710498976537	0.68677430497126	0.3463857712491444	0.7833370190181336	0.9885911606885929	0.9025278533805878	0.27136042817891176	0.4234245436247348	0.7425306986198383	0.9907646394579771	0.6051989229723949	0.23894605221530907	0.8346768283746153	0.9859723170504624	0.5748003027940661	0.6885938032005448	0.6494273137774542	0.7153539381854437	0.7336667577279509	0.7545414192510951	0.49702765085496253	0.6127026941596687	0.6169504832046657	0.6665473448297329	0.596871301394535	0.6071333619649467	0.3991896753462217	0.6348019639934533	0.2987832260547869	0.5295743982305473	0.46617116624767735	0.4109630047014492	0.6842916206568912	0.8737756744700246	0.6224225823632352	0.7618169737691725	0.6766684411750472	0.6519478048548462	0.586436341872719	0.49855607074885916	0.3487544483985765	0.6932697101346058	0.7448858131487889	0.473322532592504	0.5493795179236671	0.6740584961388798	0.7186620562956723	0.641252658700652	0.9074581430745814	0.38489560269703477	0.6401423857021025	0.5443306895435416	0.9466124690083744	0.2613511924659666	0.7407270565934684	0.8016318745363993	0.7985826443409991	0.729055320938546	0.7097597024887956	0.5813678424824323	0.664929985583168	0.643064611736811	0.9476653462969632	0.591133198783429	0.5807250413190056	0.64198470925985
Lyz2.02B.DTT224.S64	0.6582324565395468	0.6516663229858985	0.8575090024991416	0.5954015623092884	0.9830240364211582	0.7496422877233146	0.4279818928308243	0.34426484820842557	0.6719150737460678	0.4384578217723652	0.24933069179695866	0.0	0.7240343118972774	0.6448190001915342	0.6219442923977816	0.5133132146743036	0.3689643557686592	0.6480146923783288	0.2945336770440875	0.41898212789723543	0.7029822993394356	0.6763896630128018	0.43557470079534727	0.8208559595029913	0.9828375479315529	0.894087082218272	0.30381025248661053	0.44381555757420477	0.6670962239136683	0.9835458824476003	0.5493467336683417	0.2270792920407212	0.8196740937811773	0.9796924981942008	0.5602892893005833	0.6754306899542525	0.6203814132052112	0.7750723015206642	0.6753567604263628	0.7028187043497904	0.4383580979984379	0.5554082352074586	0.613346015404987	0.6327025640228259	0.5798616464686958	0.5755931373549033	0.3938801856180873	0.5749114344353373	0.3703015547582436	0.5637404514337937	0.4238603600093509	0.3995989586997819	0.688759550792267	0.8664886515353805	0.5990348260596964	0.7202680849870537	0.6811800807016696	0.5674520912126343	0.5819006965780894	0.5407498770272156	0.2805023486747633	0.7280987387489869	0.6184159619742442	0.46155433212800384	0.6121513183034009	0.6121152906692721	0.7127238498371735	0.6464599402943867	0.9238064605862513	0.45903897036115815	0.6342710050186114	0.5632615944225523	0.9425838338577937	0.2552517985611511	0.6071377038141503	0.7854017375864037	0.7906105457909344	0.557117627515781	0.682210954795401	0.4407827698008337	0.5354450761623848	0.7125225856774716	0.9485808802377984	0.6418968645891269	0.6183814242689206	0.7020690222533009
Vil1.09B.FP105	0.62600196417715	0.5064950890789891	0.9213652937017371	0.7436761776599359	0.9924072427565378	0.7961172193520849	0.7001991070880369	0.8459490230644925	0.6209462365591398	0.5289764979546001	0.7260224277925376	0.7240343118972774	0.0	0.7123081890802904	0.5661308979161991	0.4911757885968001	0.5872992055751453	0.6531480431083381	0.6933319974861786	0.7673993907687241	0.5471639738741836	0.6809844755774328	0.8159740960604426	0.7661296007644769	0.9915876141041704	0.9223779410926907	0.6257817572878576	0.6519368412507273	0.37392222695102534	0.9939475943142304	0.7956985976333161	0.8024789522918615	0.8687389854980148	0.9904555828911877	0.5229354389224338	0.5622927661194106	0.6796002241733607	0.5166140664562658	0.6773603785005744	0.3995755799685294	0.6223201315390386	0.4434721613327488	0.6420606294226162	0.69051440956348	0.829484291438103	0.7898233340192246	0.7789066532997164	0.6786925750659575	0.8266040633015879	0.5785332156027632	0.6581073283323716	0.7936002049381041	0.6125660925759872	0.8964639321074964	0.6752785935551354	0.6345079365079365	0.6084210112679653	0.6575682382133995	0.7573417314194981	0.7596181101347695	0.7243880505568567	0.6002059409486714	0.7284196474488736	0.8589145891458915	0.7714386588184672	0.6858889878302167	0.7598126907292434	0.5976874106794855	0.8073555447607501	0.663050681418734	0.9321193226103592	0.4914610684046818	0.9377006539529595	0.7938693410391524	0.6714173383133477	0.7829810330790339	0.8273727713058892	0.7602876338442158	0.8164348729097315	0.7082340883857315	0.6322339065898338	0.790758232880978	0.947467569862666	0.7250809570699124	0.7288865979381444	0.7729723147250441
Vil1.02B.DTT24	0.6657781862745098	0.4822272243797462	0.8817660069962096	0.8021609263220002	0.924782697967285	0.3421272713449403	0.6791941857573162	0.7299522868142159	0.7545189802278649	0.6157381112201167	0.7028106281677162	0.6448190001915342	0.7123081890802904	0.0	0.7253237390683321	0.6703740341683823	0.6791359191073207	0.8164903223532936	0.7383139176619032	0.7714403757501958	0.6864770826363332	0.7445335397887519	0.6976921417787044	0.7901294836924937	0.9363092146625481	0.7222941526402351	0.7178055669747643	0.7891941271201605	0.7277792766900888	0.9235367923832017	0.5910080022462446	0.5834567619915689	0.7590897848132575	0.9112194744378652	0.7138226160721048	0.7338765712841893	0.627909820405044	0.6272722912369898	0.7919795122519062	0.7678392685770894	0.7429797611504944	0.7159704481115791	0.37651195045640745	0.7849259503820394	0.7330690629561677	0.4248380865810703	0.799669665753901	0.5197936192720997	0.7477193377632616	0.5486332928173672	0.5681243832583215	0.7738889864746179	0.5491803278688525	0.6964734216411491	0.6990199637023593	0.7774432525336337	0.6149805512151335	0.4346551001799049	0.8517156531379282	0.7862720414110025	0.6545552234796334	0.632286055626585	0.5742824985931345	0.7788269161568909	0.8786576719804065	0.8160469975949217	0.8802088596934479	0.5339465119569832	0.9338462131729137	0.7811776568271378	0.8682626314679909	0.7397385860596695	0.9539776168943944	0.7152149893400146	0.6261287320471867	0.43363978777692275	0.6882750845546787	0.5757382928875133	0.671118204618742	0.6776480923694779	0.5927927170279419	0.8744734531470553	0.8861812680873454	0.8367775110533328	0.8320217897811177	0.8850190839694656
Vil1.04B.FP48	0.3783815754752177	0.5618033018202342	0.7633859444187878	0.5509801488023307	0.9932285106786387	0.7983164840742777	0.499961535502731	0.7303519402291454	0.31751379121573253	0.5013337487100605	0.6593144098030091	0.6219442923977816	0.5661308979161991	0.7253237390683321	0.0	0.40495549433526207	0.3399380200580757	0.5368124154155547	0.6165816892041676	0.5577372193304195	0.39739571986392047	0.43773327803779843	0.6332404828226555	0.5042824012062671	0.9922167487684729	0.9226985818509714	0.43308949727559026	0.45076923076923076	0.44049159120310477	0.9940598201213136	0.7298058089979429	0.7447515310388466	0.6561908290112785	0.9911434086522085	0.39221924940342756	0.34236370278575673	0.4752730775522073	0.5750217227596593	0.36764028043958175	0.37138577202453293	0.3690398228708641	0.3639346503520405	0.6041523406506215	0.3439954324257935	0.6495372543759641	0.7267811883976345	0.6472757876248674	0.49686288046457794	0.7645288761684061	0.5352651448858664	0.5360815170716988	0.665686599609447	0.591880405979701	0.9078743790885155	0.4607714490009193	0.7286132948783551	0.427630637079456	0.49829800220672815	0.693605264114589	0.7184122369003224	0.5265850731941445	0.3930551945238714	0.5683087323704873	0.7896609753532237	0.6434940707172125	0.5820850249661673	0.5760093658374862	0.5230888533119872	0.8172196149528113	0.4926027783654185	0.7401980015230887	0.6554876788651826	0.917899708947822	0.7015687571181894	0.5062934079218717	0.7886535464881399	0.6259990228703644	0.5569390074504357	0.6199171846555807	0.541809322542243	0.42892167498372746	0.6875531588017616	0.7622945377633189	0.57326	0.5906529530617011	0.6708193025973606
Lyz2.07B.DTT284.S126	0.47246859501140354	0.4313105010567615	0.8714412299866747	0.6031467166393378	0.9871295375769138	0.7634441679017869	0.4604289626316058	0.564544088755345	0.4788680221139666	0.4259386524445133	0.6036382322713258	0.5133132146743036	0.4911757885968001	0.6703740341683823	0.40495549433526207	0.0	0.38023927860253526	0.5665223883418073	0.5631119343741731	0.5932151500131206	0.3575960712707505	0.446098490713501	0.6580600747666809	0.6116605458452067	0.986527293844367	0.9088210979956362	0.40975452035715176	0.5057300439248323	0.4021876604910355	0.9876089060987415	0.47913812673685857	0.6578784919806503	0.849341829376809	0.9850529901056987	0.40127846655937854	0.3389777314940299	0.44194076122816056	0.43955816361753536	0.4423582448528212	0.45738430470239727	0.4231393029806849	0.3705016705348262	0.6597520173194253	0.39696604991337237	0.679220573392391	0.6887523563499267	0.6363305158845818	0.4860585510580969	0.688345204913802	0.49402523917656255	0.4973548022729106	0.50503301540719	0.5720477137176938	0.8960647306703287	0.4633432919866731	0.6905160638076202	0.4503748695074499	0.5365373183042115	0.6932029987988236	0.667252290545008	0.4985587477331297	0.46067173896667135	0.5016847780304945	0.6939670581670111	0.6503651609413038	0.5893784115284229	0.6488377737725745	0.49604578693185347	0.7936185033324362	0.515803518134897	0.7930073357122073	0.49512199134626456	0.9191032129321177	0.6061605356669802	0.6101637067636432	0.767935567858318	0.6370787340936594	0.6540201792316852	0.551803703078395	0.5028268291787511	0.5486930746429534	0.7037991099583404	0.9001961745953899	0.5779555821431243	0.5650404652363382	0.7143594184739548
Vil1.03B.FP36	0.40055432761463705	0.5244899561457621	0.7935636466942831	0.4884481310908119	0.9899940990840752	0.7675311175670994	0.42623817151916504	0.4224586023498177	0.42708240959910504	0.38558310634354553	0.3344574489188653	0.3689643557686592	0.5872992055751453	0.6791359191073207	0.3399380200580757	0.38023927860253526	0.0	0.5826332431382942	0.3416545470100094	0.3908377633112545	0.4642993106911718	0.48842590929017515	0.35339922385586375	0.5462208568926881	0.9894508585828987	0.9152750649989005	0.24376314030014257	0.33296323790465737	0.5110278476477657	0.9910589476460504	0.599568655643422	0.4121381603809236	0.734408782616422	0.9878505048879591	0.40141354458068623	0.4201283068230841	0.4921730599087222	0.5549264624571492	0.47245841691370954	0.48258364861060565	0.31547101969286084	0.40739762437369476	0.6419640057691102	0.42938568714376185	0.5093798367948915	0.703200905037599	0.4722080136402387	0.48848586436416436	0.46913930730436526	0.5419039579593147	0.5233991648298092	0.4305106565584323	0.5522089896273531	0.9012301245549315	0.4747530103058258	0.7400842994207232	0.4649279088988888	0.49212285435958303	0.5759366228694627	0.5091945171723394	0.34614461169083016	0.48267888804786246	0.6101453984241735	0.523835305861751	0.5048468439772787	0.5697448546543091	0.61018883427928	0.5294229602578895	0.8320139897262947	0.3345348637998972	0.5892598833827938	0.5117279311833458	0.9208946168591257	0.3940933348673788	0.5944806699137746	0.7596121106465277	0.668585029663576	0.6235760158453875	0.5766793179218044	0.5328069988264164	0.5279505685653461	0.5799071183060898	0.8218862964180086	0.4536315312446415	0.4441886253897373	0.5894997370854563
Itg.02.FP412.S12	0.5609236234458259	0.7417123739364012	0.7277932047474563	0.5378689828314803	0.9960048436850898	0.8635650193701745	0.4780438802474902	0.6691227049050215	0.6228517988777643	0.6306894997746733	0.7346382065101505	0.6480146923783288	0.6531480431083381	0.8164903223532936	0.5368124154155547	0.5665223883418073	0.5826332431382942	0.0	0.6906617216731438	0.4114877964193734	0.43725416036308623	0.3983020707852923	0.5783135670533038	0.479808648476896	0.9951866421019436	0.94796074387512	0.5283698626697798	0.5385011941209271	0.5940104751658174	0.9962526911262645	0.630458697364779	0.7664788732394366	0.6410012163489016	0.9946972319915447	0.7043420262789302	0.48276421037333495	0.5112494977902772	0.7302030840756928	0.5328677356476085	0.49594628972138344	0.569757588054856	0.6706838098893366	0.7923736925459893	0.35415558773199945	0.3852168539467544	0.8157508294204029	0.6183423040416498	0.5482887747104416	0.7645904728713689	0.793230057338296	0.6368838870114136	0.5596189779603779	0.6927560784764147	0.9475128341299345	0.3106595022964008	0.8158782980746375	0.5648872446606928	0.660588632201266	0.6210863198574922	0.6503027725459222	0.5735364842165425	0.810356616473949	0.6800951590098077	0.681022230914662	0.7549663838105505	0.6034546576187538	0.6886459499010071	0.8296184486373166	0.8134611886563865	0.704253815402964	0.45167368588929513	0.5353062663397163	0.891313103936338	0.6797008921943121	0.6833721456756582	0.8735428981824208	0.5616021220877121	0.6760347039362636	0.6663845248663267	0.559281858877549	0.6170461978429851	0.8022292040127188	0.526431794156055	0.5150063937015771	0.6167936346707297	0.8052911211281262
Lyz2.02B.FP224.S72	0.6683871961788838	0.6763935131850464	0.8742837716285032	0.5990369705378275	0.9920042486649161	0.8243255742253738	0.5215706070057149	0.23791347398456175	0.6619487059202955	0.4567630476387524	0.20751886334554118	0.2945336770440875	0.6933319974861786	0.7383139176619032	0.6165816892041676	0.5631119343741731	0.3416545470100094	0.6906617216731438	0.0	0.3318829477554773	0.6783800722047154	0.6672946758774684	0.3802181132005661	0.80980433072762	0.9910575272465967	0.9214191030815746	0.29306063716845215	0.32808279273490987	0.699186663543627	0.9926898358258962	0.6375225017792104	0.38623876578248373	0.8559090460147274	0.9899694113628247	0.5639277484007306	0.63868214152003	0.6522901460731424	0.7450350103411328	0.6891035125384843	0.7219183441474559	0.5068035838481365	0.551590841510556	0.6803944398924777	0.6555812248398744	0.6379564622245772	0.6858712885003155	0.2690670178877726	0.6481799989182757	0.21632176356801344	0.570711783719452	0.47978480396440026	0.34115941134729894	0.7010601158038147	0.8981797749486167	0.611546521028924	0.7217580880020175	0.653329551670347	0.6139801114466585	0.4757421070693205	0.38471447255137786	0.3903304050060129	0.7257838307736888	0.7317934782608696	0.524801229185757	0.4627557490937251	0.63375035524462	0.7022498649653188	0.6876006441223832	0.9136736850662548	0.2743062972811715	0.6808771561809175	0.58666179362676	0.9355043162432736	0.20784260330859827	0.6799325851304248	0.8204094537981187	0.8126684109813723	0.7277438232358451	0.7352299781925855	0.5688118231223365	0.6212802024916693	0.6436227174957668	0.9557456228617428	0.48524081321185686	0.47659077458112703	0.5650744169248607
Itg.02.DTT412.S4	0.49535492158982314	0.7084691028995516	0.7210455187292815	0.5010008545307689	0.9896729400462861	0.828838174273859	0.42426311258867877	0.2580538180920723	0.6470074322764233	0.5913448370309504	0.42302786756355376	0.41898212789723543	0.7673993907687241	0.7714403757501958	0.5577372193304195	0.5932151500131206	0.3908377633112545	0.4114877964193734	0.3318829477554773	0.0	0.48573012318845865	0.4600810225331649	0.23848795167024187	0.6055681328158689	0.9891072601424746	0.9312657351114239	0.33917309548519137	0.37648978138996825	0.69524957833488	0.9901206973625392	0.595043814821641	0.5286401234625989	0.6313934975335171	0.9880980718876458	0.6996814567318551	0.5242107671191093	0.4546621077092804	0.737086856264412	0.5597347918685567	0.6014162936549291	0.4912245862236618	0.6892512444638975	0.7450982491834877	0.42730058435080054	0.4043618162316768	0.7707946162076927	0.33736156984651255	0.4675004085564625	0.37679703779213575	0.7600220951523645	0.6260980843059337	0.33691275167785234	0.6417423792137217	0.931435694992728	0.38148822328865356	0.817958799839179	0.5675697731353028	0.6140793908254742	0.45884724744905236	0.40233555902827106	0.404986058717402	0.7810578329230742	0.6308298703383332	0.5389702480717747	0.5212157212157212	0.6415693694931738	0.7178841309823678	0.7957162008657654	0.9264595794513746	0.4037662541124863	0.4596789475108958	0.6563545150501672	0.9113370068638394	0.29220394658917725	0.6555086695581511	0.8512053104866032	0.5707428354165677	0.6383889433242226	0.6097880178375235	0.5343228200371057	0.5805902951475738	0.6746310785381796	0.6362603289014432	0.40299864532868	0.45385965810931	0.6276264226011082
Itg.26.FP544.S48	0.4096783834943982	0.46057645106243716	0.8241313499099879	0.5328476657356953	0.993732599895095	0.7701471226395286	0.5021488447300115	0.6395808127535407	0.5103079806428151	0.5181726596404216	0.6954710498976537	0.7029822993394356	0.5471639738741836	0.6864770826363332	0.39739571986392047	0.3575960712707505	0.4642993106911718	0.43725416036308623	0.6783800722047154	0.48573012318845865	0.0	0.280672244109011	0.6031253270082668	0.531673845919262	0.9929020730841717	0.9157214956314105	0.45729218516674963	0.5507223389772261	0.5013115709705626	0.9940467125392848	0.5231846447632571	0.778219645906354	0.7247415293274644	0.9916020853881922	0.5517787414751768	0.2464154956215163	0.20172582220774993	0.4520263967107764	0.4183121924086144	0.4107210746419972	0.5160193194701123	0.5591002671294643	0.6456773583418709	0.30803686623748683	0.5656666833608788	0.7706824726703386	0.6753402984856991	0.42253464226558396	0.7879703520053718	0.6146469916033189	0.6052145823719428	0.5362320968440526	0.5071777474905241	0.9019354143080489	0.34511390582324447	0.7668190523259406	0.26222112471388276	0.5145610678116396	0.711897152742887	0.6764572465411658	0.5201979195521974	0.5369121733698111	0.4384899933605236	0.7187581801999895	0.7245641855506064	0.642573831319135	0.6977515551054991	0.5680660154599458	0.8591059714078714	0.6369270116073185	0.6899312712143618	0.6082973206568713	0.8897429962519441	0.7311088764969376	0.5864433135425502	0.7438629658273896	0.454121748704069	0.5998193315266486	0.4591910487830062	0.6065212399540758	0.5277579994390144	0.7675106741248551	0.6671920866093424	0.5361620634968132	0.5721533600680521	0.8037262157666023
Itg.10.FP460.S62	0.3535975131045749	0.578816371681416	0.7072096324213205	0.5761431364557306	0.9948246948680075	0.8102769520355343	0.5508990577724389	0.6225233805367766	0.532208260338026	0.5421704983098166	0.68677430497126	0.6763896630128018	0.6809844755774328	0.7445335397887519	0.43773327803779843	0.446098490713501	0.48842590929017515	0.3983020707852923	0.6672946758774684	0.4600810225331649	0.280672244109011	0.0	0.5366890140067195	0.3605256886044057	0.9939838199663258	0.9302668963511488	0.5218674300814798	0.5960216521759958	0.6207930552893173	0.9951091345442965	0.5137218284453122	0.7509025270758123	0.5773328629387899	0.9930533117932149	0.5682613768961493	0.33682055363366215	0.27443245726597276	0.6004057784410695	0.4538566884608588	0.5377358490566038	0.551913173486904	0.5661232699870906	0.7107510019167103	0.1763401286331677	0.4095001918932483	0.7498853526552325	0.7020588947261677	0.4570975222751129	0.7689699893062729	0.6171853884696148	0.6202012308293445	0.40796134527908157	0.5702742472613997	0.9184967625659168	0.1826919725937646	0.7827614232777265	0.3502839335752486	0.5739758180634726	0.731012248925764	0.6649810221656518	0.5432259779529652	0.6074337522573987	0.4537019452508207	0.6023055197396697	0.7371831646371577	0.6703404463962139	0.7232348527570419	0.6251923956903366	0.8814657984098525	0.6550811953371221	0.4536500619002346	0.6798979405868416	0.8721045547920946	0.7046050527662296	0.6449720614846189	0.7901581064645897	0.30445522717247464	0.6559741702832463	0.41983096471204273	0.6221410508569823	0.5772807794508414	0.7787155216454082	0.5412908901074509	0.4677064254130358	0.5199590967511938	0.8022458776155708
Itg.04.DTT424.S16	0.4512073438435442	0.6838189554355669	0.6991962294323107	0.5757530840907407	0.9871337082387637	0.7652776310427577	0.5157622969062987	0.3207557727459246	0.7067103964706565	0.5617019540651899	0.3463857712491444	0.43557470079534727	0.8159740960604426	0.6976921417787044	0.6332404828226555	0.6580600747666809	0.35339922385586375	0.5783135670533038	0.3802181132005661	0.23848795167024187	0.6031253270082668	0.5366890140067195	0.0	0.5784418780013494	0.9864896647241749	0.9026383376138221	0.3966019417475728	0.4826392215363981	0.8067381268071375	0.9876508225327746	0.586300098003817	0.3869220859773844	0.5787266241487407	0.9848001215990272	0.7087178906441689	0.6152574905326189	0.5478097479501974	0.7199230854021482	0.6618731977680411	0.700843209750252	0.5886150709535445	0.7482690493565669	0.7413253657299095	0.5428641897493166	0.2975345047198618	0.6717605570123881	0.48770637752975854	0.44878079972717194	0.40088121604209653	0.7139177994902294	0.6596073619631901	0.434046352612581	0.5725568759898887	0.8874753680306016	0.46463731943458864	0.8290485536857686	0.5946817968414428	0.6177975362606796	0.5827083876667927	0.4853852967227635	0.46756574782180504	0.7957381761766786	0.7103236090829033	0.47741852941714036	0.6296432409557379	0.7573845987791277	0.802628784983225	0.7873176951890125	0.9114172193996127	0.47781893484220966	0.4116792863810808	0.6261553673530803	0.944585116817348	0.35192399961615967	0.7373914788979776	0.7832678444355063	0.5021913981601888	0.7098116043153884	0.5177251783370991	0.6424321326968513	0.6819023241995567	0.6838519852476387	0.6233092182956722	0.4881485046126122	0.5373655858066931	0.6796853977141293
