	IL17DTT201	IL17DTT188	IL17DTT218	IL17DTT85	IL17DTT104	IL17DTT26	IL17DTT27	IL17DTT219	IL17DTT129	IL17DTT199	IL17DTT200	IL17DTT116	IL17DTT25	IL17DTT86	IL17DTT141	IL17DTT117	IL17DTT115	IL17DTT105	IL17DTT49	IL17DTT51	IL17DTT139	IL17DTT189	IL17DTT87	IL17DTT140	IL17DTT128	IL17DTT217	IL17DTT127	IL17DTT50	IL17DTT103	TKODTT152	TKODTT21	TKODTT141	TKODTT19	TKODTT123	TKODTT69	TKODTT93	TKODTT127	TKODTT43	TKODTT129	TKODTT111	TKODTT110	TKODTT139	TKODTT2	TKODTT103	TKODTT87	TKODTT109	TKODTT104	TKODTT57	TKODTT92	TKODTT44	TKODTT153	TKODTT55	TKODTT3	TKODTT91	TKODTT73	TKODTT105	TKODTT128	TKODTT151	TKODTT45	TKODTT75	TKODTT32	TKODTT56	TKODTT31	TKODTT1	TKODTT74	TKODTT20	TKODTT33	TKODTT140
IL17DTT201	0.0	0.860401210075666	1.7786570242139956	2.394695198302318	1.8341809625264116	1.094963614639446	0.953835918837763	0.9542064725034889	2.7687130119424994	0.2973125237571476	0.3660365432745976	2.4438958884575572	2.8545048823238215	1.2592828773861944	0.7622561349544971	1.5333858795038222	2.474839148532035	1.739927832041254	2.9136994952167368	1.8664483625644117	1.1594943794790515	0.07542736143426701	1.194517176790309	0.7998124585596414	1.0855034578859721	3.5275043992811974	3.0366570646386677	1.886669246633725	2.4323027970619004	0.7019028233808924	1.4296730572556433	1.8234480490211344	1.4581772279074738	2.2389744161427996	2.113028753824373	1.509003372557211	3.715732875520028	3.248404711136233	2.025740103957983	2.5923865749057935	2.3398150981662234	3.738738333573714	3.5007092420964927	2.616964353405081	1.2665818207099038	3.3292126283761534	1.1406466299025493	1.1298018249148851	1.2136250032185552	0.5129968336779721	1.1277700048869888	0.8763129671890131	2.365750201210046	2.3411649103000727	2.633404377336434	1.8569850549568936	1.14851642505054	3.070884980716885	0.5010635070410088	1.8977439236575657	1.2860281468206722	1.0484285975435412	1.7259599083726935	2.5095882699907768	1.573784453152497	0.5495286461125212	1.2269126228187133	2.0102669117434733
IL17DTT188	0.860401210075666	0.0	1.4237539548536151	2.4929739218064864	1.6223026779819898	1.1155075021706728	1.4126272675597362	0.7101574622313507	3.550831012805783	0.6565287245723325	0.5025423506809283	1.9903685247834568	3.064667070726344	0.9909091352587659	1.3505878732636682	1.4208767633844115	2.702433902355121	1.7397234581481678	3.0232033855073563	1.9582970026840114	1.6320251014219616	0.7899696092150836	1.2605755277813582	1.3453318636703977	0.32487415822265553	3.4614097673042763	3.0703735276488495	1.8225401563635926	2.4756015358860117	1.4083884064238523	2.207030188231529	2.6098727005089772	2.131265098023752	2.855006360109399	2.9428766381633618	2.3305750290072997	4.374848672464695	3.709484460304343	2.869153025409712	3.3243117087954244	3.108605937157425	4.318665822140038	3.728325140045405	3.1267137356889343	2.1208441658015964	4.007794178997111	1.9291327175574289	1.5493875938658215	1.985485047485203	1.347942619666866	1.884228126587908	1.416319474946552	2.8463682743530807	2.6501105033471215	3.0875980907671754	2.5992232570436045	2.0055731947319893	3.775200830147497	1.344995505485218	2.5989565478219503	2.1146443896401084	1.4753485585343646	2.5461047363512144	2.824753798033472	2.3197725078550966	1.3462203937265511	2.0487022534514248	2.7366573105979644
IL17DTT218	1.7786570242139956	1.4237539548536151	0.0	1.3864061306613713	0.32262658030981367	0.8228822935864066	1.398600454519959	0.8427580134549256	3.553821040033067	1.4927003105763208	1.567692051775002	0.6766796300942276	2.0258765339774727	0.5201566115423637	1.5625447529787682	0.48314548325968726	1.7493554692315618	0.7187318852211856	1.8396140086431905	0.9785554658103166	1.4583001492695533	1.751712253343166	0.8126666640783826	1.4896815125775804	1.1448055903196126	2.1232197242923703	1.8641173243263356	0.6646416169212054	1.3041127762006763	1.7508062834511804	2.400452781822712	2.771046175574695	2.09208173413616	2.520562059322414	3.7178175123362585	2.6355306517391286	3.9696582685624353	2.9553439328314224	3.232815344603609	3.2039438039801236	3.1252318785528885	3.748934496850532	2.662729871718665	2.5535616806650463	2.834355097063297	3.67772385580848	2.227996639569292	1.3541025394924437	2.2171559183150342	2.009237543802665	2.112449041006388	1.5415212094441662	2.252481638542622	1.8097330727865717	2.4149260304083544	2.62355240136282	2.5733377532977024	3.5168579313460313	2.201478048265518	2.5042036220472714	2.9474254783873275	1.353061591019395	2.8128756027866033	1.9762916519679106	2.3964408851978907	1.8859185251634942	2.8862384355226784	2.693321870252241
IL17DTT85	2.394695198302318	2.4929739218064864	1.3864061306613713	0.0	1.094981635735809	1.3977216757428053	1.50401199510303	1.808993920572162	2.820845913584692	2.2129604703009895	2.3896195295654357	1.562682947878873	0.6398008399608037	1.5486856707898768	1.744504053940847	1.1007754210986638	0.4318543860341682	0.7914882291687072	0.5526163310859551	0.5698534912580416	1.3795199519465025	2.4127245141799696	1.25781163988193	1.6813227131371022	2.3134194509105024	1.2024375168730947	0.7064411013633282	0.7377896111601656	0.1573412229620726	1.9338112169453514	2.1280862798400033	2.3354390617301455	1.7246614451927136	1.6710837997095103	3.7110106798205034	2.404749410273634	2.8396239651070228	1.6698109845748346	2.8949461270653156	2.4056392344264927	2.4721811602002615	2.515561561765267	1.2895640407328348	1.4388848348121241	2.930897896239965	2.630503290532215	2.124566097223141	1.3368739260296147	2.069372413787263	2.3498321503548834	1.9982089418207358	1.648372391520563	1.2046263804570276	0.6244700803195246	1.236926158854058	2.0975846505741553	2.603273395283159	2.561665556283732	2.61637750544133	1.9097743424741733	3.1303088274279887	1.4036518954985293	2.4869548007176596	0.712411374296936	2.017756909930594	2.1716945847325495	3.073109094799592	2.0791721718863463
IL17DTT104	1.8341809625264116	1.6223026779819898	0.32262658030981367	1.094981635735809	0.0	0.8078293897738348	1.298702691271939	0.9609005258327797	3.3422593660594506	1.5667407759274383	1.6778113308922302	0.784074679761428	1.732909029419836	0.641899837360013	1.489230039132733	0.36455230604591254	1.462145402376835	0.4400193367993292	1.5409031978287984	0.6876751288319091	1.3012052709647783	1.819100182356374	0.7335711256558036	1.406772556816589	1.3762982593225768	1.9006015744243976	1.6177272063781316	0.37901971596824713	1.0204429768150325	1.6810929921997835	2.2545970714794548	2.608857566557224	1.9131791048795577	2.2746083654859177	3.6565702452938846	2.5004511392343565	3.6983536471599217	2.654489048448339	3.0949912578881054	2.9797081739154243	2.9253785502333476	3.46404827515293	2.377251726661509	2.2810993477282726	2.7807694673952246	3.417439962852645	2.1127501655846497	1.20965924213969	2.085815069319755	1.984688950458044	1.9881173572417121	1.459027663061794	1.9766424344547209	1.5165788047894693	2.1319227871359256	2.4392762184810515	2.497470582262151	3.2636861919944447	2.2086834319198694	2.298281325955918	2.918220105939969	1.2298200717989456	2.6652508919168354	1.6885841405746276	2.2259794798202135	1.8455656277209995	2.8634232955504566	2.4947315020300596
IL17DTT26	1.094963614639446	1.1155075021706728	0.8228822935864066	1.3977216757428053	0.8078293897738348	0.0	0.6110644586507065	0.4903612720240224	2.8617677385590023	0.8617430096204567	1.0131838563069822	1.4722499036164187	1.9504473323506994	0.4174702999721076	0.7634274293119252	0.46064079709500133	1.5869385538168255	0.7036502090231669	1.9369320087925885	0.8739552635051671	0.7633842141319302	1.0920304324322234	0.16652611809524986	0.7109981748684137	1.0003033234691643	2.4580970929350814	2.0069585196265374	0.8156030512517214	1.4009482931783859	0.9669378386911981	1.6373389108243852	2.0127128320985306	1.383786886990714	1.9422929360975731	2.9193793625776228	1.8665911943963898	3.4505539071202476	2.6430881163066355	2.4489763571309595	2.5456158106588154	2.4179355860986185	3.317455242213194	2.6147348174784835	2.1023272660823364	2.0439432372725017	3.117603990901145	1.4451475439790764	0.6398290747697454	1.4558299524730163	1.2638137350041245	1.3415191480764443	0.7317265249856953	1.8136216363231406	1.5473154395816966	2.028983136295264	1.8999458012972306	1.7809338061285154	2.928413806423422	1.4642892041747138	1.8255068361087319	2.1645656577528296	0.6014081676410016	2.0464064216871534	1.7183912467133784	1.6650383430210143	1.1196943706014926	2.0936865783853893	1.9930314857694444
IL17DTT27	0.953835918837763	1.4126272675597362	1.398600454519959	1.50401199510303	1.298702691271939	0.6110644586507065	0.0	0.9372703359361028	2.272786974862464	0.8752662778520787	1.0854996556404106	2.0343295916374124	1.9103430991896275	1.0022828414259828	0.24703603734139742	0.9605713552188822	1.5306987324971104	1.0124223327413646	2.0093171199890962	1.0366278100595208	0.2880959574112257	0.9929308480617175	0.5871475545820262	0.21903184721210417	1.42530743540466	2.682202101613294	2.1502800302654403	1.1746842820460364	1.5694658221229134	0.4640935201581939	1.027410446013188	1.4043587121351713	0.79921777642812	1.4497646395469062	2.385253431009597	1.2634166493225636	2.970770128979575	2.338636864733786	1.8423161833651616	1.9814035263652783	1.8259340739502212	2.907414271231385	2.5493357427034797	1.7268377288880772	1.5300401589155164	2.6132725927589973	0.8486772427437175	0.21009488392663456	0.8579450560964514	0.8746188326590951	0.741791909911248	0.17501004311499835	1.4593627103693476	1.3930384095812085	1.7127980240918763	1.304159984185522	1.234784903967778	2.398944065404179	1.120971084119199	1.2528516784346477	1.6904497629046382	0.11827205608572486	1.43682138177562	1.5562823211213297	1.0619816257846328	0.6929213465918935	1.6264276793088057	1.410420005199934
IL17DTT219	0.9542064725034889	0.7101574622313507	0.8427580134549256	1.808993920572162	0.9609005258327797	0.4903612720240224	0.9372703359361028	0.0	3.189132580192444	0.6601317577465159	0.728451601981429	1.4997380833543803	2.391608147748989	0.33966772361954883	0.9797542937533745	0.7412673230940536	2.0384769149149538	1.0388434618254538	2.327587016663254	1.2621309699226406	1.096386521918876	0.9195108639261802	0.6007301724944268	0.9274609423753419	0.5760250655343432	2.804771691686505	2.4147563128945895	1.1359675521835422	1.7934539303400894	1.1146034002576024	1.8913545045034876	2.3016623236330047	1.696326507229613	2.337397117321323	2.9909022315834695	2.076348177284581	3.8671563757730754	3.0826329269983996	2.671153443629936	2.9063185625134573	2.7446939290546983	3.757786530027033	3.0632392176599423	2.547337970930331	2.108830316371313	3.521460041178665	1.6544985397863916	1.0017864004744599	1.672872833067842	1.258007137605569	1.5658462972984726	1.021238779764707	2.247004470341476	1.9909059292625142	2.4780584775556864	2.223476626424167	1.8940016074522024	3.306438280471498	1.405796061253877	2.1648216513531735	2.1859115175368053	0.952895751369842	2.2823093102571925	2.175927339292489	1.9492034604084092	1.172107043129847	2.127961396396814	2.335794859379814
IL17DTT129	2.7687130119424994	3.550831012805783	3.553821040033067	2.820845913584692	3.3422593660594506	2.8617677385590023	2.272786974862464	3.189132580192444	0.0	2.9048903407513964	3.091567666379912	4.094538196249561	2.647280356994736	3.2516104713233025	2.2335474258424775	3.077550566571229	2.478783659733232	2.920822248217806	2.990842491121957	2.7443588278616016	2.1330910394739613	2.8421710107590212	2.788943162629605	2.2678616107156286	3.6505292075290194	3.8144534093655476	3.244326285500141	3.0665317014445246	2.9730742427198944	2.150939293460562	1.3486665791408479	0.9538504933581707	1.500860910565756	1.1541651664007653	1.962710327770086	1.2904634337426248	1.3014451169667907	1.918036688832725	0.985440053069548	0.4259553238777477	0.4496495810906119	1.6632043007674757	2.8865621368053684	1.5311705104817628	1.8990691742794565	0.9363673973982617	1.632998927980941	2.236570886523831	1.5853815430636127	2.310295088636792	1.675047574184841	2.2063321475907434	1.6539958049486876	2.2230855819495017	1.755201246341488	0.9708009243682946	1.7511531917349519	0.6704750395801079	2.4498988720582875	1.0527781852914093	2.1190138660897824	2.267239320089997	1.0739213630086664	2.2186291039232207	1.25045721572879	2.2421941582347786	2.132931493462056	0.8701508270260437
IL17DTT199	0.2973125237571476	0.6565287245723325	1.4927003105763208	2.2129604703009895	1.5667407759274383	0.8617430096204567	0.8752662778520787	0.6601317577465159	2.9048903407513964	0.0	0.21321878543988004	2.154592781282508	2.7143482527065417	0.9741740477864034	0.7460919236022906	1.2814389063374099	2.337671125779443	1.515290438798781	2.737599400496078	1.6702290457552875	1.086681200228727	0.25969441079143896	0.9730603483379459	0.7525904084722731	0.8270122765317921	3.3137572191085045	2.8501527040144676	1.651933682411672	2.235773613739137	0.7625221995746095	1.557386860096827	1.966747236138222	1.5067721366112188	2.2628796290045297	2.3931611812500875	1.6769051989686838	3.7734109892363876	3.202865547561269	2.2294744238387754	2.6919928117642566	2.466234630904251	3.754944821023461	3.373780973072137	2.5938931063625956	1.5309846078660498	3.3969522518183752	1.2774638204563569	1.0332391750828724	1.3321472561133023	0.7122514712034109	1.2345121255205638	0.8472656253869537	2.3231426049883517	2.2274800058999578	2.5838644989057378	1.9623392287315016	1.375322039831285	3.150043523663415	0.7790872847225649	1.9699958300787173	1.570320746768242	0.9542408901073243	1.8945038055502645	2.4036391660314167	1.674755253170806	0.6912774765942733	1.5117668543555485	2.1048407277561534
IL17DTT200	0.3660365432745976	0.5025423506809283	1.567692051775002	2.3896195295654357	1.6778113308922302	1.0131838563069822	1.0854996556404106	0.728451601981429	3.091567666379912	0.21321878543988004	0.0	2.2113942890649403	2.906577604343965	1.058890796720714	0.957057236303383	1.413141833893562	2.531293141608738	1.6713898055568936	2.9167015314318214	1.8435194281772103	1.2984562388118337	0.2953601385519102	1.136511270469272	0.9656800745851031	0.7367052700204247	3.465860949108172	3.017420581414877	1.7976020406868694	2.4039540907513492	0.9619200845827095	1.7442754646661278	2.1493212442822043	1.7131928799612286	2.4740404722618665	2.467368090746024	1.8466470540381357	3.981071286895383	3.414869344379136	2.3823060792737993	2.890093985442159	2.6559320175547207	3.9669386484023037	3.5681184477902366	2.806413268755357	1.6291823545377864	3.602751285775902	1.4597552377898348	1.24286412775956	1.5196324836566744	0.8476968302115618	1.4262139619220915	1.0552447079805838	2.535639553500765	2.4296188115861	2.795330181205176	2.157705706559281	1.5093962499549174	3.3533109892510713	0.8516604136605113	2.1733414965817945	1.6377650407801803	1.1640305249512946	2.065472053621688	2.606170189473959	1.8700186204372558	0.8614439329652442	1.5801340549228622	2.303401915813636
IL17DTT116	2.4438958884575572	1.9903685247834568	0.6766796300942276	1.562682947878873	0.784074679761428	1.4722499036164187	2.0343295916374124	1.4997380833543803	4.094538196249561	2.154592781282508	2.2113942890649403	0.0	2.1622436727229237	1.1872656037002645	2.2179383540859554	1.0765483844056234	1.9827606824275115	1.1795462415291362	1.8816975003973702	1.373671924170523	2.0714470904076134	2.41342674733353	1.4504791790924116	2.1458808116396653	1.678205860694628	1.8757336536861349	1.811935939719747	1.0340974597727537	1.4289303676316991	2.4141228115823714	3.0212051362932235	3.3683218565889277	2.6846018081902603	3.0020993137645102	4.384799561651119	3.2688035375456836	4.356966950919034	3.2243130125750334	3.8571512962529857	3.7189327176070837	3.680584275975875	4.068766513049257	2.711417296899368	2.9299503590465656	3.5039669826029183	4.104685251041626	2.8703275473643033	1.9698098008306222	2.853493518546776	2.6853053329985586	2.75065473187462	2.180656296607811	2.649531108313578	2.123094549523025	2.7558839195534426	3.1984267404676583	3.2364106479225616	3.9806806185044397	2.876173951351345	3.0598209183593568	3.620202878810837	1.9795519596341842	3.4336700027130935	2.2549910589012745	2.9975427250691324	2.5589907312276514	3.5552865006480316	3.2487067618010363
IL17DTT25	2.8545048823238215	3.064667070726344	2.0258765339774727	0.6398008399608037	1.732909029419836	1.9504473323506994	1.9103430991896275	2.391608147748989	2.647280356994736	2.7143482527065417	2.906577604343965	2.1622436727229237	0.0	2.157521158167711	2.135502301570476	1.7159641107885044	0.3815850801174596	1.402260159453524	0.44627136824004937	1.1493786584889638	1.747795130733302	2.8844646926023674	1.8094280552513846	2.086209990441973	2.910940055032203	1.1689016438866273	0.6566976417718225	1.372793026333181	0.7426020812859833	2.2991187426228135	2.276369948944642	2.3745334085161223	1.888589261473314	1.5478240985932035	3.8613024190827585	2.54187486057635	2.397173087116996	1.1504246492974932	2.9354639288119007	2.2227836428881678	2.3743511540415683	2.0035514180877563	0.6782325853124441	1.1288729704677194	3.168796237951634	2.2585376376962514	2.351373405258089	1.7379349582454695	2.284398474939512	2.726441756251366	2.23724873628189	2.0278458288540158	1.0218988765121193	0.583249513229769	0.9011060684315236	2.1155601992735362	2.8381435732819567	2.2613370169490246	2.997200970341347	1.9157701670665364	3.39094516591513	1.8126985812938254	2.5686667203265174	0.4672502970610567	2.128086502753163	2.5458444070647945	3.337959315238659	2.0479291415747354
IL17DTT86	1.2592828773861944	0.9909091352587659	0.5201566115423637	1.5486856707898768	0.641899837360013	0.4174702999721076	1.0022828414259828	0.33966772361954883	3.2516104713233025	0.9741740477864034	1.058890796720714	1.1872656037002645	2.157521158167711	0.0	1.1196718434457797	0.4491027567976467	1.8221507666929728	0.7811990334951128	2.0618549976187444	1.0291385389400605	1.1243626963368718	1.2325971696186708	0.4845306030364937	1.0568658447928831	0.7760923415549708	2.486602287589822	2.1224209823430007	0.8416060692859358	1.5139465008184634	1.2939875626852975	2.0121899976751947	2.404059771338852	1.7591224286536413	2.3121712904940055	3.2337225394834355	2.2270140644926157	3.819810493107199	2.9429831077549116	2.8237054886572155	2.9356070490039667	2.8101887066693547	3.6647919955564303	2.8230502750192588	2.4486247723499273	2.349464979297073	3.494338030500041	1.8060431108135844	1.0156794909582811	1.8120862539329954	1.5156406312144628	1.7028695747241525	1.121245302709402	2.1465856290493277	1.8147016367197166	2.352391643036089	2.292398690379074	2.107049679304699	3.3034011833825234	1.691203160565414	2.207426144206034	2.447964583205542	0.9872356128599465	2.418559952514494	1.9936185914496294	2.041251067699978	1.4024782594700114	2.385180633121914	2.38601111993671
IL17DTT141	0.7622561349544971	1.3505878732636682	1.5625447529787682	1.744504053940847	1.489230039132733	0.7634274293119252	0.24703603734139742	0.9797542937533745	2.2335474258424775	0.7460919236022906	0.957057236303383	2.2179383540859554	2.135502301570476	1.1196718434457797	0.0	1.1556552108160405	1.758076385824461	1.232548905503965	2.241282855583962	1.2696109564459304	0.42958049398837284	0.8119845693018767	0.7710910642557791	0.1133901081803177	1.4182001551202632	2.926692155396315	2.3949212570621294	1.399460844574574	1.8120184923317277	0.22721802940338004	0.9220388933037784	1.3247795908723157	0.7864454137535631	1.5211277261017815	2.174581127437904	1.1225391865247074	3.0321063212222823	2.4894730062940487	1.7073797438919605	1.9802304621365927	1.78694691928267	3.010269896727187	2.7672439490885163	1.862045242111088	1.3060671239910149	2.6601782872960786	0.693811470480304	0.41621927657872926	0.7233336381993246	0.6301551928888949	0.6056969468234654	0.16832627095782096	1.6062057057287988	1.6014663094251576	1.8716051305740005	1.2675197670107363	1.0239663075065	2.4247998893793996	0.8769747819390681	1.2507206978525094	1.4569709504884503	0.3416188984377117	1.3157925247140438	1.7637339964573269	0.9976265707382843	0.4476314737999788	1.3971677037321126	1.3952257825772965
IL17DTT117	1.5333858795038222	1.4208767633844115	0.48314548325968726	1.1007754210986638	0.36455230604591254	0.46064079709500133	0.9605713552188822	0.7412673230940536	3.077550566571229	1.2814389063374099	1.413141833893562	1.0765483844056234	1.7159641107885044	0.4491027567976467	1.1556552108160405	0.0	1.391905892568603	0.3552666177587543	1.6164558328691727	0.6031441835925619	1.004412731425062	1.525211245694919	0.38647350249897444	1.0834050280818486	1.2185297459735704	2.066176432479176	1.6816287934495282	0.40238401896245485	1.0654225220140474	1.3592251062250502	1.948302832321945	2.303851738360207	1.6280473406845064	2.05021052800038	3.3301145345393772	2.1955327167919547	3.51285568709271	2.5565518712594346	2.782254917463145	2.726049510219315	2.648803587585071	3.3146116261401795	2.378863324470868	2.1063569771906696	2.457167616038073	3.211714422795727	1.7956312244515595	0.8963226025499009	1.7815362896609928	1.6786219768219282	1.6765687848716044	1.1133202491431908	1.8068461915389167	1.4116788515214223	1.985208206307491	2.149575637692486	2.1757324293676246	3.0484816154920753	1.8988258614046123	2.0309828473567078	2.593375490755046	0.9030475556947805	2.361432262491275	1.5842515946262061	1.9355384629076589	1.5311230386221786	2.529995640619492	2.2159573655773275
IL17DTT115	2.474839148532035	2.702433902355121	1.7493554692315618	0.4318543860341682	1.462145402376835	1.5869385538168255	1.5306987324971104	2.0384769149149538	2.478783659733232	2.337671125779443	2.531293141608738	1.9827606824275115	0.3815850801174596	1.8221507666929728	1.758076385824461	1.391905892568603	0.0	1.0899286460862987	0.6196220179640229	0.8286941018290713	1.3779822732899016	2.5051388502066114	1.4474054635460543	1.7102191760932195	2.56280036016684	1.3807207980398983	0.8060115415117902	1.0879876104819486	0.5780091655500301	1.926985123711405	1.9553176253628872	2.0919336661522085	1.5626503302763637	1.3439819708119312	3.5440117970822085	2.228634711133759	2.4214740107078048	1.2727531414222137	2.6572177145344122	2.0558262083378467	2.159615638419111	2.0942289541910046	1.0391303938578156	1.0337690901315872	2.823474280689596	2.2234423434001815	2.0065056918669963	1.3619416379633025	1.94613583708573	2.355983278567234	1.8900464613737835	1.6487092659324347	0.8456017050191238	0.30406852611419627	0.827463752003074	1.8411696803969977	2.493190535300294	2.1788122611737335	2.623872673105518	1.6501535720866958	3.0394131810298886	1.4345156128975987	2.274468007091337	0.2925017295981759	1.8219499078470798	2.1741509679371926	2.983131574040522	1.7956298437035576
IL17DTT105	1.739927832041254	1.7397234581481678	0.7187318852211856	0.7914882291687072	0.4400193367993292	0.7036502090231669	1.0124223327413646	1.0388434618254538	2.920822248217806	1.515290438798781	1.6713898055568936	1.1795462415291362	1.402260159453524	0.7811990334951128	1.232548905503965	0.3552666177587543	1.0899286460862987	0.0	1.2908453043084622	0.2697086462594122	0.9594701879405465	1.743043722884175	0.5626036559147974	1.1502480389573868	1.5549421543940098	1.824077260598067	1.4263932486234607	0.19440136364946498	0.7729474670112559	1.4291523625128508	1.8958711113259141	2.2238681036795955	1.5296428737243457	1.8386729415429666	3.3740052679099994	2.1546861736988183	3.26077017600548	2.2466846069720816	2.7327220190472805	2.5501256410168867	2.510694889067352	3.036775990961534	2.0720411631782976	1.8457203415387253	2.519502419604523	2.9778338290380644	1.7897767466878975	0.8798370888711755	1.7523085633437552	1.7904761319514795	1.660159947258186	1.1808926730770342	1.539885507516556	1.1043539423763538	1.7041392722256605	2.0376290573516394	2.214826650942016	2.8268928552003034	2.041842014568053	1.8858705238755498	2.68300226851803	0.9220010669919015	2.301444110520561	1.2863576488697497	1.8463988545551155	1.6304176248311193	2.6293885767947245	2.0814153625974736
IL17DTT49	2.9136994952167368	3.0232033855073563	1.8396140086431905	0.5526163310859551	1.5409031978287984	1.9369320087925885	2.0093171199890962	2.327587016663254	2.990842491121957	2.737599400496078	2.9167015314318214	1.8816975003973702	0.44627136824004937	2.0618549976187444	2.241282855583962	1.6164558328691727	0.6196220179640229	1.2908453043084622	0.0	1.076478426980874	1.846690047515284	2.9339052870245146	1.7906250198947153	2.174640360766111	2.8349637264157876	0.8850363445261669	0.5464285620868007	1.2283272784393444	0.5808544298649634	2.4135414636791896	2.5040982290131186	2.6604331086054818	2.0962477448217323	1.8609654113722551	4.104334842594273	2.7705460025967574	2.7781048947740477	1.4943701425416018	3.2201159159977784	2.570658650759676	2.7008847531362634	2.381631270343366	0.9110357267541588	1.5069027167826592	3.3630954790584306	2.6377847717631897	2.5439274332435042	1.8270443367257068	2.4720226487350825	2.828400444204963	2.4184359434824376	2.15148705639077	1.3402369090465116	0.8176679499531637	1.2740119598855293	2.4030567178904287	3.0302388553429163	2.6162726607066156	3.1056201510545827	2.1913445177327677	3.577289242186433	1.9031615075426824	2.825843440764827	0.8126277334076921	2.3639379704747916	2.6525803565963404	3.530440382264779	2.3524873851093324
IL17DTT51	1.8664483625644117	1.9582970026840114	0.9785554658103166	0.5698534912580416	0.6876751288319091	0.8739552635051671	1.0366278100595208	1.2621309699226406	2.7443588278616016	1.6702290457552875	1.8435194281772103	1.373671924170523	1.1493786584889638	1.0291385389400605	1.2696109564459304	0.6031441835925619	0.8286941018290713	0.2697086462594122	1.076478426980874	0.0	0.9322150158708875	1.879343994026891	0.7204551818055276	1.1921428713585318	1.7938570713658422	1.6960445622793332	1.2503589288901718	0.3474056745669089	0.5928292122544198	1.4614531554573587	1.8145028584006802	2.106884675166043	1.4248915906417359	1.632118282603558	3.3488268289346848	2.08250489550867	3.0155851891529335	1.9794258368901474	2.6372995036344715	2.359547078466469	2.348673247427722	2.7768401437442085	1.82460477691147	1.5957464415810496	2.51982903966941	2.744735926750118	1.7482481693990526	0.8730326550832336	1.700169935507364	1.8536234190784668	1.6166096859638168	1.2007037738434436	1.2944867228433719	0.8362223420165771	1.4444329291183275	1.9001064811841062	2.2018328180085627	2.6084612479141462	2.118135687863405	1.7319828169382496	2.7016369182525426	0.933820100116105	2.208117279480708	1.0189140890291648	1.7403064000850037	1.683544510554071	2.649448078320085	1.9252918457212254
IL17DTT139	1.1594943794790515	1.6320251014219616	1.4583001492695533	1.3795199519465025	1.3012052709647783	0.7633842141319302	0.2880959574112257	1.096386521918876	2.1330910394739613	1.086681200228727	1.2984562388118337	2.0714470904076134	1.747795130733302	1.1243626963368718	0.42958049398837284	1.004412731425062	1.3779822732899016	0.9594701879405465	1.846690047515284	0.9322150158708875	0.0	1.2007834751764348	0.6790202732373706	0.3614524071951053	1.6284649715483903	2.5779496419414443	2.0511856222241223	1.1382621537603324	1.4624826907155326	0.5687060763608062	0.9536128487990888	1.324915888701179	0.6399902179325619	1.247505523254294	2.4242539189372034	1.2024463473433524	2.7826727013719177	2.119733811643048	1.7947289707001075	1.8252721105466911	1.6964425599950341	2.7105702869127306	2.3860300921421933	1.5313889411063337	1.5892005643106482	2.4306592326378307	0.8318139761301727	0.13560789456984015	0.7944716512624885	0.9849970398703637	0.7008615132777696	0.40676937082947123	1.2435632427642838	1.2011737133615965	1.5108969619152366	1.1854271119458992	1.2712336530539945	2.210494359873281	1.262928547193798	1.0866617290161957	1.7766505336225553	0.2004875941065054	1.3645042941288748	1.3795118215295812	0.938556356722862	0.8074540377505738	1.7332712780788428	1.2745540716927797
IL17DTT189	0.07542736143426701	0.7899696092150836	1.751712253343166	2.4127245141799696	1.819100182356374	1.0920304324322234	0.9929308480617175	0.9195108639261802	2.8421710107590212	0.25969441079143896	0.2953601385519102	2.41342674733353	2.8844646926023674	1.2325971696186708	0.8119845693018767	1.525211245694919	2.5051388502066114	1.743043722884175	2.9339052870245146	1.879343994026891	1.2007834751764348	0.0	1.1972169083778288	0.8436450046685903	1.0223084711019326	3.535641051022683	3.052975522005391	1.8862418118360098	2.4457574874030077	0.763099949490379	1.501623654572911	1.897291833672446	1.5214271943028097	2.300432679405104	2.175982181246325	1.5825718691284794	3.7827029900687523	3.299337654542738	2.100644231598162	2.6632195624845205	2.4126683957644497	3.8003016905330975	3.5343045556917034	2.67160175081102	1.3347037946582874	3.397180162057252	1.2128388134613775	1.1662480414418308	1.2835330320453928	0.5805225872621451	1.196982205981959	0.9242011271096069	2.416505043867827	2.377116634551383	2.6832500168335685	1.9279181717309422	1.2218430018635025	3.139635630242805	0.5622515065618235	1.9649118314938794	1.347451753630979	1.0849531652188988	1.800184472901729	2.547511808265465	1.643298385877572	0.6175586652902723	1.2894029023561597	2.0803209189772245
IL17DTT87	1.194517176790309	1.2605755277813582	0.8126666640783826	1.25781163988193	0.7335711256558036	0.16652611809524986	0.5871475545820262	0.6007301724944268	2.788943162629605	0.9730603483379459	1.136511270469272	1.4504791790924116	1.8094280552513846	0.4845306030364937	0.7710910642557791	0.38647350249897444	1.4474054635460543	0.5626036559147974	1.7906250198947153	0.7204551818055276	0.6790202732373706	1.1972169083778288	0.0	0.7032323459574306	1.1402289601262825	2.341622731411338	1.8887870853104674	0.6962894446949874	1.2674637764969146	0.9768700304149738	1.597891341379786	1.968482643340847	1.3116310281780834	1.833280410880693	2.945150711105577	1.83661363249717	3.3392056931648533	2.50229909350715	2.42478892588056	2.461501457686444	2.350045211826777	3.1946346173274285	2.4788011822837004	1.9782961513269637	2.0722364898779886	3.012332540840457	1.4262839584256803	0.5604962292269569	1.4221158921653592	1.305131961904405	1.3127119167913694	0.7351132935733037	1.6813593450462208	1.400591157602178	1.8961175122388536	1.8372853811536236	1.7933399144976558	2.825748257149068	1.5290532797144825	1.7435200333268415	2.2087555304172115	0.545659386294962	2.010515561794222	1.5789599777590104	1.606208628556811	1.15188767042303	2.1447141562491394	1.9211485884185586
IL17DTT140	0.7998124585596414	1.3453318636703977	1.4896815125775804	1.6813227131371022	1.406772556816589	0.7109981748684137	0.21903184721210417	0.9274609423753419	2.2678616107156286	0.7525904084722731	0.9656800745851031	2.1458808116396653	2.086209990441973	1.0568658447928831	0.1133901081803177	1.0834050280818486	1.7102191760932195	1.1502480389573868	2.174640360766111	1.1921428713585318	0.3614524071951053	0.8436450046685903	0.7032323459574306	0.0	1.395619449804594	2.863986412114838	2.343852289895827	1.3226992835825095	1.746844333967849	0.2808088986746467	0.9666422125343613	1.3761590064376767	0.793939708104595	1.5175020412931388	2.2505248878811503	1.1710823128133894	3.040871925048827	2.460849822095074	1.7692960162074156	2.005758905327444	1.8232543156696863	3.007142799346173	2.7265332899053956	1.8485126299314238	1.3794466584765421	2.672636837134533	0.7494857334655894	0.3504497325093749	0.7600487928741295	0.6740890666929129	0.6482975513173771	0.22907870469033817	1.5791322034851685	1.551976543911715	1.8470426156381583	1.3034461447483596	1.0931867570495655	2.436236762047844	0.9353446105883246	1.266084849741558	1.5333416539663751	0.28466202819339326	1.3659118492053355	1.723646050709183	1.0254961266222868	0.49644322527492113	1.4819272233152152	1.4254044957888659
IL17DTT128	1.0855034578859721	0.32487415822265553	1.1448055903196126	2.3134194509105024	1.3762982593225768	1.0003033234691643	1.42530743540466	0.5760250655343432	3.6505292075290194	0.8270122765317921	0.7367052700204247	1.678205860694628	2.910940055032203	0.7760923415549708	1.4182001551202632	1.2185297459735704	2.56280036016684	1.5549421543940098	2.8349637264157876	1.7938570713658422	1.6284649715483903	1.0223084711019326	1.1402289601262825	1.395619449804594	0.0	3.2182127859236576	2.8632498335862824	1.6126480802203866	2.2789386045569535	1.517537416988203	2.3207543607361316	2.7262291956891076	2.188655454645496	2.866651745230089	3.1949977645723147	2.474216619949313	4.39163131413951	3.6381960612333626	3.0361090773785793	3.3927679663481984	3.203877898610706	4.295974967954213	3.5725002443324407	3.0870084556339212	2.349051232039672	4.038148219146347	2.0570617451641136	1.532139397449014	2.1007191534069007	1.5371365749391153	1.9937473326300181	1.463829319382936	2.7979071849770345	2.53920512039902	3.0244660880317147	2.6849266159555305	2.1988927076952365	3.820442115345148	1.5830088552786945	2.6589457392368434	2.367388101325534	1.4681564393826876	2.686243764224564	2.713569055649373	2.4108748988106994	1.5033943466960524	2.2997629241562714	2.8104606262454386
IL17DTT217	3.5275043992811974	3.4614097673042763	2.1232197242923703	1.2024375168730947	1.9006015744243976	2.4580970929350814	2.682202101613294	2.804771691686505	3.8144534093655476	3.3137572191085045	3.465860949108172	1.8757336536861349	1.1689016438866273	2.486602287589822	2.926692155396315	2.066176432479176	1.3807207980398983	1.824077260598067	0.8850363445261669	1.6960445622793332	2.5779496419414443	3.535641051022683	2.341622731411338	2.863986412114838	3.2182127859236576	0.0	0.6331859995581758	1.681138904129188	1.1184657131873967	3.125021748342322	3.308431872820833	3.4707973164312964	2.9066572714334393	2.699032863111107	4.895079225986314	3.584647396485739	3.4872187017851832	2.2029206570608357	4.036262723531456	3.389498903970255	3.526351454539192	3.0338877129151105	1.240068925727015	2.2964893692137944	4.128703710327308	3.395772862263762	3.3212970899158045	2.527039603655744	3.265944134124997	3.535573503939206	3.197026891696251	2.8254918357080254	2.1756768453930966	1.6486039460113677	2.069372834323961	3.2215404092167526	3.8015792083494553	3.4204356191500502	3.795270181577822	3.026937183637164	4.326805809307141	2.5874113318548413	3.646674219697627	1.604356254438268	3.185229454269346	3.3590630827194667	4.263441106458262	3.1747708467164313
IL17DTT127	3.0366570646386677	3.0703735276488495	1.8641173243263356	0.7064411013633282	1.6177272063781316	2.0069585196265374	2.1502800302654403	2.4147563128945895	3.244326285500141	2.8501527040144676	3.017420581414877	1.811935939719747	0.6566976417718225	2.1224209823430007	2.3949212570621294	1.6816287934495282	0.8060115415117902	1.4263932486234607	0.5464285620868007	1.2503589288901718	2.0511856222241223	3.052975522005391	1.8887870853104674	2.343852289895827	2.8632498335862824	0.6331859995581758	0.0	1.311477000464159	0.6672625100887586	2.5922458368995467	2.7296986853315865	2.8747984190664093	2.3396920366936294	2.133587046823727	4.304250603785201	3.008699304717325	3.010957964061966	1.7759171949618089	3.440905854902739	2.818525864025817	2.9417664190049644	2.596525855005154	0.9473256076941647	1.7442867899687657	3.5578183953965508	2.8814972357924153	2.75214822637812	2.001461757709628	2.703837747028677	3.015546758428669	2.634140817205415	2.279600532319262	1.6232739126188667	1.1006756111280982	1.528236715336777	2.63072565492793	3.232417872411923	2.893515855472564	3.271223451439561	2.4500293627292873	3.7585081408172516	2.060447899132257	3.0622587441287856	1.0387319897059262	2.6102137382347728	2.8336997445215752	3.6893110115299317	2.5855441574283335
IL17DTT50	1.886669246633725	1.8225401563635926	0.6646416169212054	0.7377896111601656	0.37901971596824713	0.8156030512517214	1.1746842820460364	1.1359675521835422	3.0665317014445246	1.651933682411672	1.7976020406868694	1.0340974597727537	1.372793026333181	0.8416060692859358	1.399460844574574	0.40238401896245485	1.0879876104819486	0.19440136364946498	1.2283272784393444	0.3474056745669089	1.1382621537603324	1.8862418118360098	0.6962894446949874	1.3226992835825095	1.6126480802203866	1.681138904129188	1.311477000464159	0.0	0.6832089555181085	1.6030194651068312	2.067617802931008	2.3840853451891952	1.6995109360854777	1.9681404820636628	3.5480995107136484	2.3307536489616094	3.353639801251447	2.297397372195333	2.9003862202115425	2.6868631355412527	2.6602949318290943	3.104778634602949	2.026247777046508	1.9281963072737902	2.694357983505917	3.0842533784528112	1.9648492106942468	1.052297802592367	1.9310817913850555	1.9640378967629248	1.836890634598214	1.3379230116939986	1.6351068473362176	1.1542038991085888	1.7728161545494197	2.193731543751233	2.390974201139513	2.9500084201938286	2.2079999009641447	2.041449475794948	2.854952237985029	1.0899143862873961	2.4725883159538866	1.3168022052074304	2.016215002387453	1.8037388754018433	2.7959157749169163	2.2314104733352904
IL17DTT103	2.4323027970619004	2.4756015358860117	1.3041127762006763	0.1573412229620726	1.0204429768150325	1.4009482931783859	1.5694658221229134	1.7934539303400894	2.9730742427198944	2.235773613739137	2.4039540907513492	1.4289303676316991	0.7426020812859833	1.5139465008184634	1.8120184923317277	1.0654225220140474	0.5780091655500301	0.7729474670112559	0.5808544298649634	0.5928292122544198	1.4624826907155326	2.4457574874030077	1.2674637764969146	1.746844333967849	2.2789386045569535	1.1184657131873967	0.6672625100887586	0.6832089555181085	0.0	2.007954806303977	2.247881548057973	2.4683722682558376	1.8464814302892565	1.824087526415041	3.8218102617087375	2.525010101560601	2.992847766504385	1.811746928939452	3.025724025088165	2.5588283158088103	2.619512216891532	2.6617874723639727	1.3598648452026756	1.5945397290324832	3.0281195085979884	2.786585445706064	2.2298346193326126	1.4097700882218356	2.178482368540683	2.4176021867521125	2.10265445919963	1.717885867473371	1.361610568432387	0.7817959462620382	1.3918495356754184	2.2349960527116775	2.703264196665582	2.7188926696622495	2.679903515492412	2.050982046916667	3.221119542951157	1.471544767142536	2.614829538653259	0.8641019667765124	2.1450035250622443	2.2412768162130723	3.1616283070330087	2.2219443385262125
TKODTT152	0.7019028233808924	1.4083884064238523	1.7508062834511804	1.9338112169453514	1.6810929921997835	0.9669378386911981	0.4640935201581939	1.1146034002576024	2.150939293460562	0.7625221995746095	0.9619200845827095	2.4141228115823714	2.2991187426228135	1.2939875626852975	0.22721802940338004	1.3592251062250502	1.926985123711405	1.4291523625128508	2.4135414636791896	1.4614531554573587	0.5687060763608062	0.763099949490379	0.9768700304149738	0.2808088986746467	1.517537416988203	3.125021748342322	2.5922458368995467	1.6030194651068312	2.007954806303977	0.0	0.8078406641105345	1.2280108515030557	0.759127266149839	1.5400949513045774	1.9763246749983177	0.9669308323541469	3.0299113579745276	2.568704459930484	1.5578634347023	1.9331025369884425	1.711342835075065	3.045737046683215	2.9214793789158833	1.9366901533367984	1.1007919823642038	2.647540606936125	0.5458474915772917	0.5982997772681897	0.5839396129353022	0.4332053104731659	0.47854129773869525	0.3681029753207693	1.6909721979493881	1.746853450960211	1.9666171577146045	1.2056168992975416	0.8228095041137878	2.392089843232339	0.6989801895022166	1.212504957396409	1.2541213881362463	0.5415286563548762	1.1765217790006863	1.9092471792759649	0.9128615643327547	0.2486761647289989	1.2079780243376803	1.3478625509013369
TKODTT21	1.4296730572556433	2.207030188231529	2.400452781822712	2.1280862798400033	2.2545970714794548	1.6373389108243852	1.027410446013188	1.8913545045034876	1.3486665791408479	1.557386860096827	1.7442754646661278	3.0212051362932235	2.276369948944642	2.0121899976751947	0.9220388933037784	1.948302832321945	1.9553176253628872	1.8958711113259141	2.5040982290131186	1.8145028584006802	0.9536128487990888	1.501623654572911	1.597891341379786	0.9666422125343613	2.3207543607361316	3.308431872820833	2.7296986853315865	2.067617802931008	2.247881548057973	0.8078406641105345	0.0	0.43612553015452454	0.415178716055066	1.0121165424506746	1.6009659150368707	0.284064250886593	2.338992708308625	2.169904340002841	0.8420179272836802	1.1753285670700286	0.9169126685431861	2.450497565583017	2.7902607379874804	1.5321463656707845	0.9407258992920443	1.9413325383228304	0.2897119079984729	1.0520771067318135	0.2521533501242546	0.987298183108511	0.3324856721794592	0.9345400246118192	1.3881576912350548	1.7101075720026597	1.6499515500413842	0.4550299814089449	0.6306841287116625	1.6637322720143806	1.171704105126619	0.556080712407365	1.1872995816876202	1.0530385668246591	0.41329380764841783	1.8183872793377949	0.20368153073259096	0.8979030597085514	1.170785764500473	0.6174745960680816
