	806rcbc423-S424	GnotoExpt-DTT552-S163	GnotoExpt-DTT480-S628	806rcbc481-S386	GnotoExpt-FP552-S67	806rcbc381-S515	806rcbc179-S276	GnotoExpt-DTT570-S182	GnotoExpt-FP456-S677	GnotoExpt-DTT564-S176	GnotoExpt-DTT534-S145	806rcbc450-S451	806rcbc447-S448	GnotoExpt-DTT456-S604	806rcbc432-S337	GnotoExpt-FP558-S74	806rcbc530-S435	GnotoExpt-FP564-S80	806rcbc454-S455	806rcbc375-S509	806rcbc401-S306	GnotobioticExp-DTT-180-S190	GnotoExpt-FP474-S695	GnotoExpt-FP570-S86	GnotoExpt-DTT600-S335	GnotobioticExp-DTT-186-S196	GnotoExpt-DTT390-S536	806rcbc426-S331	806rcbc493-S398	806rcbc567-S472	GnotobioticExp-FP-186-S49	GnotoExpt-FP618-S314	806rcbc469-S374	806rcbc173-S270	GnotoExpt-DTT612-S347	GnotoExpt-FP462-S683	GnotobioticExp-FP-198-S62	GnotoExpt-FP540-S55	GnotobioticExp-DTT-204-S214	GnotoExpt-FP600-S296	GnotoExpt-DTT486-S634	806rcbc438-S343	GnotoExpt-DTT462-S610	GnotoExpt-FP534-S49	GnotobioticExp-DTT-192-S202	806rcbc524-S429	GnotoExpt-FP612-S308	GnotoExpt-FP486-S708	GnotoExpt-DTT474-S622	GnotoExpt-FP468-S689	806rcbc407-S312	GnotoExpt-FP546-S61	806rcbc561-S466	GnotobioticExp-DTT-198-S208	806rcbc499-S404	806rcbc555-S460	GnotoExpt-DTT606-S341	GnotobioticExp-FP-204-S68	GnotoExpt-FP480-S701	GnotobioticExp-FP-210-S74	806rcbc429-S430	GnotoExpt-DTT618-S353	806rcbc432-S433	GnotoExpt-DTT468-S616	GnotobioticExp-FP-192-S55	GnotoExpt-DTT546-S157	GnotoExpt-DTT540-S151	GnotobioticExp-FP-180-S43	GnotobioticExp-DTT-210-S220	GnotoExpt-DTT558-S170	GnotoExpt-FP606-S302	806rcbc395-S300	GnotobioticExp-FP-372.fastq	GnotobioticExp-DTT-367.fastq	GnotobioticExp-FP-384.fastq	GnotobioticExp-DTT-319.fastq	GnotobioticExp-DTT-325.fastq	GnotobioticExp-DTT-307.fastq	GnotobioticExp-FP-306.fastq	GnotobioticExp-FP-366.fastq	GnotobioticExp-DTT-373.fastq	GnotobioticExp-FP-312.fastq	GnotobioticExp-DTT-379.fastq	GnotobioticExp-FP-318.fastq	GnotobioticExp-FP-378.fastq	GnotobioticExp-DTT-313.fastq	GnotobioticExp-FP-396.fastq	GnotobioticExp-FP-324.fastq	GnotobioticExp-FP-390.fastq
806rcbc423-S424	0.0	2.6060622712608117	2.730304478916673	1.3477644647117197	2.7671289591032826	0.8607721520745694	0.47138087867569234	1.9916355489781254	1.5376885647283018	1.7451757230043583	1.0524938376617867	0.7892574031811516	0.9461506001552471	2.5629655763223878	0.6962281933330413	1.704013667947974	1.5263057686810066	2.8566904637514776	0.5734619813103813	1.0359290886313115	2.809649652274288	1.970646220736587	0.3214142230588664	1.6644217675881383	1.5002403736399692	1.1364627706019435	1.003694356792757	1.9373538299370119	2.638884805885578	0.6370126069312979	0.6236960955260322	0.5655819819428182	1.4876319556840087	2.0970054388197648	1.3748587344959962	2.2995909882602965	1.8503822238083287	2.8201059719962034	1.5386864657287262	0.7292884880208674	2.3096232471134854	0.8736717426882276	2.2591127348314988	2.0396169702758162	0.3864848737534111	1.8370710474954361	0.5226000992480647	0.17296365435839367	1.9781125679252178	1.392252132983674	1.572283256378219	2.6385856241984564	0.7260180876299432	1.3045583822220175	2.5069529461876856	1.1088951313679418	1.7759143543235842	1.3591337816219593	0.4713764136164371	1.894781785484482	1.5438045333409798	1.257930920935709	1.4988521421695544	2.614529226634233	0.9789848116194134	2.55818291061866	2.2150914824004846	0.46285213632933603	1.3321624350553956	0.8185036403613334	0.3447803004066761	2.373152300012914	1.0497758684671932	2.1976711757022804	2.8883396243456807	2.9943421893525826	2.6221080464131274	1.877464044762643	1.9572098705205063	1.6823800077854802	2.2231304954632853	2.610777630643323	2.133273495458189	1.224522909794205	1.238878646189831	2.5147361290831456	1.8159580658524244	3.4188064673955836	1.8900317686293993
GnotoExpt-DTT552-S163	2.6060622712608117	0.0	4.043952928156219	3.8317733216014194	0.19282135653560725	2.640745737370438	3.002664028099432	1.9958584235265584	1.5699275460808764	1.2087139780573697	1.5842783539238745	3.0716991615979974	3.119004248006341	4.078891679609809	2.8884245603068948	2.016116302641303	2.164856011421139	1.9706014229187436	3.0629880720457225	3.220594694972574	3.125696204372377	1.2110928312602565	2.795485721296106	1.7478556250916677	2.840775285325918	1.7767791471515102	2.7902123027765002	4.5336726468457105	1.751773811155354	2.3953258709587875	2.336358312041163	2.2112485792479033	3.8088342071549306	3.002931844412777	2.9960156222089034	2.738794691078408	2.9937507437542266	3.3003103540645533	2.871012647914703	2.155321054027316	3.6806529244327844	2.6627452107395553	3.9978798100601622	2.428635683970511	2.7833581673551255	2.514419559719153	2.308659695160763	2.578658216134112	3.4383523079417815	2.562510742243164	3.9435999140367843	0.8189791675755987	2.7973149289544113	2.309475014944894	1.7412749809602452	3.6971641328659954	3.3170198048673285	3.7553811985096837	2.3413410381036504	4.286851591792186	2.5306953222224506	2.9901648779684686	3.6578509532693366	4.168308871478237	3.331562634539171	0.8773078191719007	2.813310595000779	2.5357237190295967	3.7942547696822255	1.7906605361876329	2.755140781700836	3.1843833035196045	2.866158430920373	1.2605329322283194	4.503340410116793	3.859898194872114	3.289223017934362	2.7614188559099615	3.333693329425775	1.2384808691641775	1.393181621098664	4.062532776239944	1.8185661884407591	2.6322097123882418	3.448198917073964	2.1553727216623058	3.9743518411285663	4.7909588839195765	4.220790023067096
GnotoExpt-DTT480-S628	2.730304478916673	4.043952928156219	0.0	3.4005145265102366	4.22907593979	3.5319480729975234	2.4295706436189435	2.079574676936898	2.5224406078984205	3.7938618668734443	2.9505880010239403	2.125717744291024	1.8463474699275864	0.7147853359622637	2.3972900424191277	2.080398930904405	1.9402900455231336	2.7770844570477657	2.4163085098502823	3.1377546583459406	1.654843600239152	2.837581341912342	2.4452889917176344	2.3672575545528733	1.415077443508533	2.470601110451901	2.27709945955638	3.0072431029648103	2.697082036312225	2.7028170961379754	3.1517936151119246	2.662416398875053	3.7411739277369263	1.3285332376295518	1.373824867777282	1.5744627968951994	1.156651783170352	1.2543161808533208	1.4979207657458542	3.3245524590955005	0.4445021645533584	3.5728933100362603	0.7173308198504421	1.683277002226834	2.8916644666584594	1.5295554841817156	2.7718363086305233	2.5761919604306835	0.7739100606602748	1.605988142948442	3.723495460281262	4.144382108118663	2.158330793238682	1.8541775251262658	2.686094257761229	2.5587838376304215	0.9761118725986064	1.955985099508862	2.434499803056449	2.007589971959129	1.6415419445705353	1.5227577310761402	1.5896825808389732	0.8223699443501034	3.2408753913997574	4.216310379069213	1.3266504417727694	2.651673063055897	2.1641883605556487	2.930514164501201	3.02988405884268	1.1633992017792403	2.0132220875480678	2.8621542598292247	0.6806949644325807	0.6396047344908757	0.9660029292043761	1.399699696851534	0.8181698967991055	2.894737761718147	2.7712922489404703	0.684756764348905	2.37488802104019	1.8196725435768113	1.6931310283054908	2.266076492979177	1.4336766922562696	0.7643306948722871	1.7960575618076993
806rcbc481-S386	1.3477644647117197	3.8317733216014194	3.4005145265102366	0.0	3.971240304002504	1.2856261828532038	1.2024775461514412	3.2618055121639618	2.8753174487647413	2.780058175364639	2.322541107505174	1.5703855272744944	1.6979912330201594	3.0689420972637707	1.6187271308765518	2.995238601120542	2.788473495521208	4.182938425539458	1.2780460220674894	0.9200856476334303	3.9325048362761352	3.296211539472725	1.3605778927598304	2.9947356317627425	2.5386298066543667	2.4606267907751285	1.747420890929167	1.1721325613737341	3.9641660906061618	1.8432204447034255	1.521289600855526	1.7769377708601453	0.3916070650549881	3.1531609042005715	2.2926703290323185	3.4610612543783925	2.8593025970329844	3.8753718271472026	2.5783250438271463	1.749687440605563	3.031312940556823	1.3999037648169375	2.742859221708709	3.246514716893152	1.100620388771183	2.9872050583703476	1.6381702976362076	1.466117830991412	2.7378438497738538	2.497046962255876	0.8125467945522016	3.736562114140336	1.7568494926235212	2.5257743172316403	3.8404413093866654	0.9054750644529971	2.588467240554478	1.5234305751874966	1.7822666774196412	1.8180416533623622	2.6244504625546172	2.1850983811977565	1.9407578641849617	3.069843111207475	0.5881492125697847	3.61656366119019	3.3292221901800887	1.476173019969463	1.3989484744807954	2.0984971072097798	1.1286877190758904	3.400652395057233	2.042185169803293	3.5350224935728423	3.3620924318175165	3.843499098586227	3.6193210786427255	2.9871985536817296	2.7994972727243277	3.0237770008332214	3.563497757742266	3.270361190881189	3.4528758062699776	2.3543471686087303	1.7410101893617624	3.8043111984716367	2.0850489124127694	3.9253538205188234	1.8990357345878743
GnotoExpt-FP552-S67	2.7671289591032826	0.19282135653560725	4.22907593979	3.971240304002504	0.0	2.760135873888081	3.170858664813084	2.176896970815481	1.7611387161154324	1.294892983316826	1.7489749004358317	3.251713909178313	3.3010506161307998	4.257580041279695	3.065547240783406	2.206830983608004	2.3561571893274538	2.119075958860123	3.234931136710502	3.3541410704074295	3.303423973580328	1.3945154200717578	2.965242126614448	1.939839590186038	3.032201431201473	1.9610885527368158	2.9493999090351846	4.698204520241495	1.9068016042340399	2.567599415116348	2.4728941469598937	2.3725342602677397	3.934371317059903	3.193483751099894	3.1840245502596987	2.923646252338849	3.1845176377303095	3.478630875213277	3.0635796305210565	2.2944674459096683	3.865914359676575	2.790312654691457	4.1837968304945585	2.614205471893253	2.932729560922943	2.6996166815197524	2.462785675534933	2.7461353117993204	3.6241507630640197	2.7482949603155302	4.081514732763625	0.7996564128905926	2.979340500596697	2.4990835545504297	1.9064816546949603	3.8636970631704393	3.50660244710427	3.934803479292308	2.515724127695478	4.468833866795984	2.7105688029344988	3.1793292910155055	3.8443012329147828	4.345801831575341	3.467360206476657	0.8549070349805867	2.9980841141940977	2.6923001374243154	3.971791729142766	1.9533382293456794	2.904796376565354	3.3721021207196156	3.0532252189097546	1.4375777135440486	4.693263702490121	4.038630257007655	3.468435775870522	2.9521715174060903	3.522451905838574	1.4310793441347247	1.5698262260917029	4.253808593446044	2.0005448397856878	2.8235031494692255	3.630917348057374	2.325840212737512	4.159841122304238	4.974104422710716	4.403480463269826
806rcbc381-S515	0.8607721520745694	2.640745737370438	3.5319480729975234	1.2856261828532038	2.760135873888081	0.0	1.200610027821197	2.6063060944068246	2.057135487316238	1.5339455703350493	1.3115118842008187	1.6179591107208386	1.7651613970810245	3.278285049813425	1.4978558908270125	2.371845220115079	2.235019591825445	3.421092139691339	1.3363369537127097	0.901811640782406	3.5976006626869226	2.3669171487652125	1.1499005640596418	2.261361476058241	2.3315023342469225	1.6719885115414055	1.4564979025074418	2.290265897519396	3.1661348309259756	1.3059493270126552	0.4948858110972173	1.0191133304736204	1.1791459857286724	2.9237822417311152	2.194538206015221	3.0722485037624447	2.6749351590155017	3.6126454812877777	2.3823892498577197	0.7192839748637209	3.100093552944203	0.6202714408326125	3.0299123989492185	2.765512192945273	0.6677709935311613	2.5625879369450097	0.865428163209647	1.0254502651661868	2.766035391520172	2.13615464416123	1.5389732218758876	2.526637728399813	1.5822702848718557	2.0439542635221217	3.0571047719690316	1.6086749511879233	2.60321065499985	2.0560141844003934	1.2185539940030992	2.5570388497546466	2.2195969838387093	2.105220311161146	2.294436726261333	3.3131400426121482	0.8301357975828779	2.3839189708317994	2.986518698789444	0.9138116119840184	1.9972971630432772	1.1221882609273914	0.6489673991559848	3.197048005776664	1.8965904500298565	2.628056679553909	3.7046329897574632	3.7869245444959416	3.3985384461648387	2.6814584004689817	2.7754099502880174	2.0852733381441473	2.696832602042068	3.458640570510192	2.73091390855194	2.0561375497758174	2.0165736126248035	3.155663276693222	2.564807676284312	4.205111796572818	2.5721228316262463
806rcbc179-S276	0.47138087867569234	3.002664028099432	2.4295706436189435	1.2024775461514412	3.170858664813084	1.200610027821197	0.0	2.0909202073194986	1.7699478906521342	2.174690589442121	1.4298698050207146	0.49477916628192825	0.5991124748836626	2.2271963746921677	0.6201068342862368	1.8125424578984197	1.5968318605030187	3.0161498062918244	0.271721099137446	1.018380151062587	2.7502660665811502	2.2338308878150532	0.22026750259387207	1.8469438535321359	1.3602341476861226	1.3772148931992676	0.9203230002320438	1.5667526620760208	2.810739709599506	0.8962307623712349	1.009773226877946	0.8625408568637795	1.4542635208993369	1.9856426269823688	1.152986538762413	2.2643480038873482	1.6963651986072248	2.7075182493383156	1.4098693941747746	1.1942490448411198	2.0243158263131167	1.233419396991594	1.8887288273828355	2.0462880284533966	0.5652248959601915	1.803212567313533	0.8317506926318678	0.43963554133992566	1.7023127342671807	1.3243760670727114	1.5134746757225996	3.0216294303554854	0.6136750244471819	1.3321458860964743	2.686361714339745	0.7035777297192937	1.509457432010854	0.8987418929694607	0.6870576313519315	1.440750808016545	1.4928086783707626	1.0359322632186236	1.0949237091576423	2.269101809224943	0.953917937558364	2.95765285882796	2.1411216858765787	0.6469643390592084	0.8890166228008064	1.2232712069207368	0.6442974796165625	2.2412722042254836	0.9353744965509452	2.4446085284790753	2.524279535299498	2.774427619263653	2.4770581942759806	1.7966910577507975	1.7119340317756007	1.9867969685771978	2.4498482344704042	2.3054654928998732	2.2855533388017535	1.1705663434269487	0.8227845513199941	2.613888395220746	1.3786433020106201	3.074385515848687	1.4274498271017548
GnotoExpt-DTT570-S182	1.9916355489781254	1.9958584235265584	2.079574676936898	3.2618055121639618	2.176896970815481	2.6063060944068246	2.0909202073194986	0.0	0.6878302746436145	2.0767539899561487	1.4171957376121576	1.9400896217796428	1.8140339026442909	2.2228595590421953	1.9538694270806503	0.4303486400115267	0.566983153329493	1.0905690597405138	2.1257354028958657	2.7011673772877454	1.3712697370749314	0.7892235882313605	1.9298161952622566	0.5693384740781152	1.1510675598342948	0.948140830798661	1.7842601273168988	3.515201350570411	0.8140869289236229	1.781587227642132	2.130743524193742	1.6191908650219013	3.441709688453651	1.18911679136346	1.3633917703539808	0.8953517003941034	1.1426096610114718	1.3795616747937391	1.2371420538453237	2.15265116917076	1.761977681183602	2.6425373389808895	2.1780260948415453	0.49429311862931924	2.242855252610756	0.5895399555606371	1.7953716593933557	1.8490758823451503	1.5890888610851357	0.9155874907713301	3.5062888288671425	2.2044576646213967	1.7056635690550062	0.7852781926486372	0.8310944137578526	2.7031319951789174	1.5280997589793952	2.4384547875114353	1.5208735351469267	2.88095303230356	0.8711888863311761	1.4532970003117622	2.174188182952694	2.3307217488584926	2.8438853062839367	2.304953546756586	0.84672660178827	1.8744406499238402	2.5688234626171247	1.5515098900273703	2.3193500563568294	1.2908836059367261	1.6435407861870088	0.7910208775715334	2.5947969193298235	1.8658108971915333	1.2973721875974638	0.9212225666670231	1.465099195122368	0.9899661698929855	0.7233161703747727	2.1745785879687793	0.48003307973757037	1.2185475332848326	2.0403801626837907	0.6856974369896494	2.3959788746650226	2.812482510316821	2.745028321172268
GnotoExpt-FP456-S677	1.5376885647283018	1.5699275460808764	2.5224406078984205	2.8753174487647413	1.7611387161154324	2.057135487316238	1.7699478906521342	0.6878302746436145	0.0	1.4938271129073872	0.8059969070213334	1.6970372643763587	1.67675391316024	2.593835417041062	1.606521068120969	0.5177604998543803	0.6040403592841669	1.3764378085728834	1.8013722511589634	2.33751960767293	1.851426970877791	0.5078909426168802	1.5705367085069828	0.29195623945300003	1.271923178144084	0.4303550065366991	1.61258963476791	3.2847506338646997	1.1188652329201623	1.2805968886129557	1.610099870413495	1.1706020664910988	3.0025420021751468	1.504063251542698	1.4481689868401484	1.3502476338598732	1.4372136339840131	1.9526962439488527	1.3169929672271659	1.530880350336821	2.149553942886942	2.0488581373551003	2.452334405314772	0.9991793049499723	1.8110170530702425	1.0229275514859824	1.344985846089637	1.422828293794244	1.898289716244497	1.0340129023495312	3.052066273321797	1.8311828270316903	1.420960192782419	0.749395830381343	1.0163395460277447	2.44502735409535	1.7510918415804935	2.332567278736384	1.1016579003791394	2.8318595827479958	1.0777768101327247	1.4509717660836428	2.1557402139644823	2.691822565527359	2.43908726830574	1.8771568010798534	1.3666673063737325	1.484239574098317	2.4100277427697177	0.9444196350997925	1.826255155363399	1.7158784917627132	1.432866237934552	0.6760461204948164	2.9417464934856477	2.433000443478822	1.8815864449831463	1.2311601913904597	1.7758650409552172	0.38656731574495157	0.6885826977018583	2.5097498446925512	0.6910906452433276	1.1102611370315951	1.979808343691098	1.1327096304073647	2.4576551480779885	3.283134287488836	2.742683070170557
GnotoExpt-DTT564-S176	1.7451757230043583	1.2087139780573697	3.7938618668734443	2.780058175364639	1.294892983316826	1.5339455703350493	2.174690589442121	2.0767539899561487	1.4938271129073872	0.0	0.8998390775951162	2.411189275238044	2.4722080799844797	3.654816324905544	2.253537060578511	2.0034058019276335	2.0188426760915954	2.599516592213728	2.2968485609546287	2.128662542542067	3.3447772091660464	1.446047636829755	2.0021643895174503	1.7735092144546527	2.529827868777691	1.3736317476483095	1.9640086791381794	3.64709076945236	2.3010391773819694	1.7955171880617578	1.2868010415263136	1.3679297541564919	2.706283193389268	2.9391306996140196	2.547986761883137	2.839338645380298	2.7852408280558745	3.418493025317275	2.5967162637797947	1.2699775187668885	3.368770941532083	1.7258943743344184	3.542160971007678	2.463391257236339	1.7978340319427282	2.379478182750056	1.3857980053293848	1.7816494443501016	3.066534602176986	2.1930922393920285	2.990041344183862	1.018365650916697	2.200829504464408	2.002879272683146	2.2646679949773594	2.830663532856623	2.947525069230116	3.032931112127597	1.6415705770346785	3.590092011788865	2.1712210738649995	2.5297189310925394	3.071861862286096	3.7191555290452665	2.2509687930213844	0.8708463502684393	2.8097046573934783	1.6188202037599644	3.0522396240640424	1.0401518362777729	1.820508884739427	3.170474977325373	2.4002661546393034	1.6918650702784506	4.181557942996243	3.793517197127248	3.274739812004045	2.6505271596797826	3.0271073086979055	1.3126166226456621	1.8244418009339545	3.824661373238409	2.100644659015438	2.2877716747781096	2.797623912324386	2.535905222552729	3.366203014338674	4.536517693340377	3.537027447116926
GnotoExpt-DTT534-S145	1.0524938376617867	1.5842783539238745	2.9505880010239403	2.322541107505174	1.7489749004358317	1.3115118842008187	1.4298698050207146	1.4171957376121576	0.8059969070213334	0.8998390775951162	0.0	1.5740737552439144	1.6189500100740546	2.8595366414697803	1.4432497694881112	1.2428876795425128	1.1975147199086151	2.150638978876032	1.5254490937058585	1.7322215529330913	2.5873451911131586	1.0555938854296152	1.232598452302082	1.0649030538482382	1.6414271440760333	0.5265700345856658	1.310040176782975	2.9785383341605254	1.873231085263865	1.0304949888111752	0.8825538061576967	0.6342089306950782	2.3716664890386436	2.0877295021751485	1.667406187727136	2.059883453436463	1.9167192861499973	2.6457478325849717	1.704717363560119	0.8670482625628205	2.526888380438899	1.406099483191321	2.691542456833201	1.7012309128575065	1.235074873292025	1.5888910970862546	0.7476806822222154	1.0213205052747836	2.2183986305372603	1.346727930848489	2.5372076476474854	1.63552877590186	1.3414221273375995	1.1377504362896462	1.787348920382519	2.127857643387959	2.0678692801891825	2.222181388192549	0.7958105269113397	2.772591833225863	1.3867789644154236	1.6355810955154066	2.205476875892005	2.932942007124372	1.8310773621587102	1.587233069173064	2.0174125420041156	0.9650713508000263	2.258499140724129	0.25742433549178484	1.2603988466731137	2.3355780687561474	1.5225417853305778	1.3194014764147959	3.302464625347579	2.9963001474276996	2.495225539778336	1.803096589331238	2.1602359320852513	0.8142705122439375	1.3970767260844799	2.9369742194406285	1.4959242418314573	1.3925286177588736	1.9519016036230583	1.9381976848376705	2.5145893796350203	3.7006465832382975	2.712307845978048
806rcbc450-S451	0.7892574031811516	3.0716991615979974	2.125717744291024	1.5703855272744944	3.251713909178313	1.6179591107208386	0.49477916628192825	1.9400896217796428	1.6970372643763587	2.411189275238044	1.5740737552439144	0.0	0.35102641387803973	2.0540536501015243	0.36183839627346387	1.6168224994986895	1.3970800976770592	2.797877891871308	0.32582091435718213	1.5093091287375673	2.3766423593398405	2.1967764815504265	0.49412139137030253	1.6948062381502005	1.0287059691041969	1.3791337583600116	1.1984723926423975	1.611779442516382	2.6463151861948444	0.838038448059505	1.3949259799846128	1.1211513864806404	1.8579731339415764	1.5975727122865886	0.883558742753895	1.9324917942872735	1.3559867477738492	2.3650537083805383	1.0233555106808288	1.4260178020538872	1.751454631610972	1.5088455061740154	1.6385304337870519	1.7927035733616061	1.0289112823767668	1.5969907664489453	1.1621285356654019	0.6706044631472345	1.449394378446179	1.1702651220842886	1.7212975991176067	3.198344020816823	0.2971062973448439	1.1567946466535708	2.493812029265847	0.8430538687256687	1.185090519436504	0.7408687147825714	0.7862424833278462	1.2385099471257486	1.4063281066462325	0.6909678230595296	0.7494906001022779	2.1143618837335936	1.4271728747583288	3.1572569882150945	1.845222195477073	1.023458951344189	0.7379797066400992	1.3831576856540095	0.9987957398369022	1.8618063347679734	0.5041789044841795	2.3603201767086506	2.174947382920132	2.4694194235785525	2.1850814708874045	1.4649327426760521	1.3996571023567697	1.9402523814800134	2.333885950378933	1.9019298417450652	2.0942957003115223	0.8272617806854926	0.5897653538011802	2.3738919767268665	1.1304607867731893	2.78067274635775	1.2359053541019493
806rcbc447-S448	0.9461506001552471	3.119004248006341	1.8463474699275864	1.6979912330201594	3.3010506161307998	1.7651613970810245	0.5991124748836626	1.8140339026442909	1.67675391316024	2.4722080799844797	1.6189500100740546	0.35102641387803973	0.0	1.7209945822568236	0.688980434213507	1.548015317431362	1.310578499348677	2.7459629024565917	0.5793963665010474	1.514246931309311	2.2613675298374116	2.16035858946209	0.6307387909417908	1.6710125057089085	0.8616896507318228	1.3603101621748892	1.0067655195285645	1.7051870874046717	2.5717826412711737	1.0814619200433087	1.4821810564326705	1.132033497012681	2.0007545940439737	1.4772419306285551	0.6164433592378792	1.8099212547110204	1.1648635798851124	2.180603031599279	0.9228366618667045	1.624673575474833	1.4539603422804748	1.7603612044550017	1.3401134600421563	1.6516684513501663	1.12330687736682	1.4026004805721322	1.1847805346376552	0.8149770399153597	1.1424665428724468	0.9556177117848583	1.9747020777877282	3.194381048825428	0.49363366272237985	1.0403274788322505	2.4534749139897563	0.9329749090873825	0.9229104464940275	0.6571230348354753	0.8449005051692089	1.181455515633428	1.166893107308964	0.4930806877068868	0.6066400814496508	1.7793105607224993	1.5105439723924206	3.1708198307082616	1.6636079028812272	1.0223969377815716	0.7682800866819051	1.4665885341428762	1.203369734692457	1.7074193882194366	0.6452853451261181	2.325696852447037	1.9467355260691037	2.2053674386156947	1.947187037247627	1.3220100697125197	1.135239728679644	1.9714092955722227	2.2977418245182384	1.7103155486200763	2.0394529902946323	0.8055620234721915	0.3421241077755211	2.288115344074575	0.9180757524943008	2.5027147040144393	1.1036686468796864
GnotoExpt-DTT456-S604	2.5629655763223878	4.078891679609809	0.7147853359622637	3.0689420972637707	4.257580041279695	3.278285049813425	2.2271963746921677	2.2228595590421953	2.593835417041062	3.654816324905544	2.8595366414697803	2.0540536501015243	1.7209945822568236	0.0	2.3794807307205583	2.250851102566633	2.072284145308214	3.109156106245362	2.2833863741217546	2.739346070576547	2.2062807634134076	2.9105826686800502	2.284074158432364	2.5140476948999453	1.5619416413902636	2.446940008357359	1.9173910099016251	2.7646212164184067	2.9419430756860754	2.7032980352663087	2.915487389263835	2.472812761198285	3.3999648119403814	1.748987033863828	1.3602731319494006	1.9842259592316605	1.425412031782499	1.7921403423640216	1.713286329910633	3.2111795562085277	0.6251801387236959	3.4287165289964023	0.5637684617010784	1.941810921117432	2.631746640415221	1.6621824949002861	2.5479840635716	2.433728912979254	0.7746201939250693	1.5847241539098378	3.5266931533547177	4.044154023886855	2.1366015843136528	1.906236865063201	2.9620504742221105	2.3130735322228944	1.0916180389757217	1.7647220184147852	2.3261483112047876	1.859204680224603	1.5550259594627618	1.5523662412251025	1.5380580941870885	0.12829725971005726	2.8917982699254483	4.100415481548421	1.665365596130664	2.3976015381620814	2.0028804843821852	2.83424863258795	2.845114297009813	1.6661837691094268	2.100890482756999	2.999323827979596	1.066719665191655	1.1797026717234906	1.383649508448004	1.6970649361628158	1.0105175209386736	2.9796683468032477	2.9421094882928296	1.2441243800153	2.6077489578651885	1.948368024409443	1.5331497025427832	2.5900729704145236	1.274806215483917	1.0641121077419398	1.601523187787987
806rcbc432-S337	0.6962281933330413	2.8884245603068948	2.3972900424191277	1.6187271308765518	3.065547240783406	1.4978558908270125	0.6201068342862368	1.9538694270806503	1.606521068120969	2.253537060578511	1.4432497694881112	0.36183839627346387	0.688980434213507	2.3794807307205583	0.0	1.5872111179974897	1.3979582485450825	2.7236636400178673	0.40034434076600217	1.5952485065754407	2.424755479682302	2.1056999098229587	0.5233974122383613	1.6109773532297085	1.1708662598555715	1.3079274321352925	1.3841523542074121	1.7649008564979993	2.590553040761859	0.5367876231246707	1.307668120543047	1.089226998634016	1.8571725831009063	1.6816978183715583	1.1212292547945446	1.9807532931159628	1.5095307087025165	2.4836602321547696	1.1209017372612065	1.1895062969461188	2.027639180205552	1.2723602595468753	1.9634964764635439	1.8427472653700996	1.0192344622859941	1.7038955292819766	1.135195625533976	0.5919956748243581	1.727418334315316	1.31407295848846	1.6335479246574054	3.0752532821393554	0.2933473792761998	1.2034941461317687	2.4088536280550272	1.0300608093589252	1.4378071188171229	1.0633146838057441	0.7282783593763391	1.5190719219932276	1.5607108036726813	0.9080844626041836	1.0643085242868688	2.4470418589876006	1.4685690364754236	3.0221396517007157	1.9514352153410333	1.0557070111190947	1.0034853952586014	1.2298355600954751	0.8651979716773556	1.9735172752313495	0.48148579085864146	2.263771187471028	2.4529038142066244	2.6892305481450602	2.3556247372346717	1.5532334259023168	1.6392203608229872	1.7889686924186283	2.240769574514026	2.127805757893081	2.0329223771695433	0.8493580062798747	0.9483804969791098	2.346191836445097	1.4688787798025862	3.0726507188465053	1.5543729858865207
GnotoExpt-FP558-S74	1.704013667947974	2.016116302641303	2.080398930904405	2.995238601120542	2.206830983608004	2.371845220115079	1.8125424578984197	0.4303486400115267	0.5177604998543803	2.0034058019276335	1.2428876795425128	1.6168224994986895	1.548015317431362	2.250851102566633	1.5872111179974897	0.0	0.24231734143651926	1.21622547818179	1.807557186039785	2.525000677966092	1.353116178100058	0.8583330724996179	1.6382667363898473	0.2914714184766586	0.9108767416507361	0.7434133845344574	1.692520631939852	3.2202056910251358	1.0317830325888373	1.407117722647114	1.9242350011411207	1.4208288393676716	3.1813476301089945	1.007047834830172	1.1701778792733515	0.8366861944312872	0.9903134847696506	1.4482947610307815	0.9432793554238506	1.8642195483657575	1.7441793783015438	2.3293182926963687	2.0979499219521336	0.5061381831185066	2.0015756191395466	0.621297010656668	1.601357766067951	1.5542193093152072	1.5327276489183839	0.7966716087522443	3.167102798567572	2.3024623794518946	1.3605524514496596	0.5333392112722702	0.9110239771260332	2.4202248494238776	1.37971882055733	2.179364442774939	1.2401024745113578	2.622651016728442	0.8875655059303519	1.192130832055958	1.914738305583265	2.3607291668799335	2.616024870207742	2.3680326553572826	0.8692393518509155	1.676186314478685	2.2810650122042486	1.3214959964295763	2.0229118470127396	1.2027604096582554	1.271386222102028	0.8878265040624331	2.504570384421237	1.9610057379090515	1.4077950613977233	0.7453971120751838	1.3694564276582002	0.8391781460779275	0.8090811740324705	2.0486722710295715	0.4927548378436565	0.8618968917503568	1.8000730713131814	0.8133867431899434	2.1944157258377213	2.8369411680839507	2.5182747237589282
806rcbc530-S435	1.5263057686810066	2.164856011421139	1.9402900455231336	2.788473495521208	2.3561571893274538	2.235019591825445	1.5968318605030187	0.566983153329493	0.6040403592841669	2.0188426760915954	1.1975147199086151	1.3970800976770592	1.310578499348677	2.072284145308214	1.3979582485450825	0.24231734143651926	0.0	1.4506577787024602	1.596065189264262	2.3321924101259883	1.413655235552873	1.018400532458506	1.433004934249677	0.4563581843022365	0.7005386164987522	0.6749450881694115	1.4918974248918766	2.9923656720610756	1.262616088723975	1.2732879081579493	1.7887336787459855	1.268949702027373	2.9890823092754095	0.9321219986352123	0.9365900011899572	0.8732509063882764	0.833708410827635	1.458730859077349	0.7582234758589645	1.767482159371795	1.5792454929884259	2.206449245870414	1.89715245066302	0.5435672269342705	1.8182647084093375	0.5216453050170661	1.446479888262739	1.3694889595153765	1.3420103018520682	0.5756344095807661	2.9827107924396534	2.399753188305061	1.153558318980726	0.29603792897711295	1.1525415318713133	2.1925964582830315	1.1770471719180595	1.9424092744920527	1.0620773652839042	2.3917064106045554	0.7134903048259497	0.9597353798841328	1.6857612604985872	2.1788737339279978	2.421267977334482	2.450928739982584	0.8402519734493661	1.495636529568911	2.049651031022815	1.2422507729482435	1.8547602963229892	1.1518286110503144	1.0784924564282636	1.0943773055599735	2.3430303922715483	1.8893684353160716	1.3633860938341928	0.6385903348342563	1.189797577782717	0.9611341061348933	1.0321684551404233	1.9063651215940487	0.7337172598866191	0.6612882270901375	1.5606730194235143	1.0201343562360288	1.9635555290745579	2.703313050853453	2.28420881368665
GnotoExpt-FP564-S80	2.8566904637514776	1.9706014229187436	2.7770844570477657	4.182938425539458	2.119075958860123	3.421092139691339	3.0161498062918244	1.0905690597405138	1.3764378085728834	2.599516592213728	2.150638978876032	2.797877891871308	2.7459629024565917	3.109156106245362	2.7236636400178673	1.21622547818179	1.4506577787024602	0.0	2.9935486948334233	3.68688604645183	1.3913366502537126	1.1946415087795068	2.830764654306125	1.194117574234194	1.9996697231489837	1.793559564529778	2.8456670056726394	4.398897433215752	0.40585530006278875	2.4691188046682813	2.985268986323843	2.535871140359874	4.342699296340687	1.7136300446308148	2.306476037942978	1.2720629649522128	1.91554427878341	1.6558280489931354	1.9850352481985294	2.8341203746004275	2.5781210992092447	3.337131953799732	3.0474291931993887	1.2224909104992179	3.159669220485791	1.5538112814073617	2.713654606011643	2.7208388414289404	2.4857404582392	1.94410602050727	4.289364928107319	2.459801721222103	2.532370724704766	1.7425367744358236	0.3647516517141728	3.621823888322707	2.387804119624536	3.35338078514904	2.4077695400014796	3.7461407456664557	1.9484232892761326	2.341708848927264	3.035086542210117	3.2286347275109137	3.78707043589199	2.5992864637946336	1.4811965217966163	2.831708706068254	3.45277675882577	2.3016219867321364	3.1486327365186777	1.7467911547561965	2.3859953055726058	0.9198777405703186	3.2591263815155944	2.392148226252864	1.856149082173803	1.6254063560075074	2.2981234199099068	1.3872875274411873	0.7880071011914632	2.7678111572942017	0.7372642319366274	1.9971528839990087	2.973530026100995	0.5269137614852744	3.292491085433105	3.440547131820545	3.640746017386113
806rcbc454-S455	0.5734619813103813	3.0629880720457225	2.4163085098502823	1.2780460220674894	3.234931136710502	1.3363369537127097	0.271721099137446	2.1257354028958657	1.8013722511589634	2.2968485609546287	1.5254490937058585	0.32582091435718213	0.5793963665010474	2.2833863741217546	0.40034434076600217	1.807557186039785	1.596065189264262	2.9935486948334233	0.0	1.2527780522357777	2.673486987322098	2.2867369144594405	0.32291098917929584	1.844901596507371	1.3175622213812717	1.4411936613350382	1.1617915317664935	1.4975918768166356	2.821515869067082	0.7976398432552312	1.179919413370271	1.026408696730143	1.5450441983355456	1.9031313848394866	1.1544462875432773	2.2117786247585998	1.6550834029609032	2.66600653390699	1.3246753196748808	1.2330555777533008	2.0313014654950616	1.2400374044214597	1.8915122034459104	2.0375204589542766	0.7654014924992596	1.830969463055169	1.0202432971100908	0.517874896410998	1.7202489996346115	1.3782452723212055	1.445741131322445	3.149583988284713	0.48364308910863624	1.3513677165677407	2.6713928092961	0.6825174717823376	1.4825775879501581	0.8403546048107043	0.7616876285906292	1.3472026632874001	1.5859121554686084	0.9877970382626539	0.9964837600461041	2.3326947092377743	1.1283766631340215	3.0868276963278976	2.122616911044505	0.8705595060896388	0.7832248702782106	1.3065954865237381	0.7106099596694659	2.1716612451217276	0.7690868996428177	2.4759659743631874	2.462364742440017	2.7668224506293004	2.4736330375727666	1.7496025662686048	1.6950178793764377	2.0074071696700404	2.467831681786324	2.216493197635982	2.27710249384111	1.0868358508779998	0.7960453217698801	2.5938773924951515	1.3357948980134673	3.0598431726141397	1.3705953453602095
806rcbc375-S509	1.0359290886313115	3.220594694972574	3.1377546583459406	0.9200856476334303	3.3541410704074295	0.901811640782406	1.018380151062587	2.7011673772877454	2.33751960767293	2.128662542542067	1.7322215529330913	1.5093091287375673	1.514246931309311	2.739346070576547	1.5952485065754407	2.525000677966092	2.3321924101259883	3.68688604645183	1.2527780522357777	0.0	3.6123724954749936	2.6854304346686515	1.113999915549388	2.5123883812035714	2.229362012443712	1.9078504614834737	1.0441096138985047	1.8562074327203248	3.4049463370330977	1.671345595315262	0.9300883445263064	1.1723436102571585	0.9684798381427522	2.8822482449567657	1.9691968382620328	3.0923494871960076	2.540865772297351	3.5090366073590924	2.3336013142025136	1.4393985744101436	2.7202780518322904	1.359875216433592	2.5465896537547397	2.7895471261516667	0.6550803151266846	2.4927397048960946	1.008192381866898	1.151169240484085	2.4062268039779	2.0119442285350213	1.5992171441724408	2.997252961070465	1.6026211143656333	2.068440320616985	3.3390619356547266	1.2091248833598354	2.325463148077147	1.6295816674790242	1.3575853671978837	2.0955386989127787	2.0550160540712326	1.9391093243581496	1.9580588145554132	2.744211763781116	0.38175873637124547	2.893129662215656	2.9150766392776717	0.8602574895760624	1.6278361929627467	1.5721609696769252	0.9633651840948791	3.1098931033725457	1.9367504473666963	2.952609468175519	3.282093735819036	3.4862353388256446	3.2044949855576577	2.6415587779103697	2.498495271057323	2.5006877238215313	3.0060556847296107	3.162106955814053	2.9570413978917007	2.093063248128029	1.6448861761927884	3.3231383613665977	2.0915023010538487	3.723692258104864	2.0626906178147912
806rcbc401-S306	2.809649652274288	3.125696204372377	1.654843600239152	3.9325048362761352	3.303423973580328	3.5976006626869226	2.7502660665811502	1.3712697370749314	1.851426970877791	3.3447772091660464	2.5873451911131586	2.3766423593398405	2.2613675298374116	2.2062807634134076	2.424755479682302	1.353116178100058	1.413655235552873	1.3913366502537126	2.673486987322098	3.6123724954749936	0.0	2.0292510598139204	2.634724565335868	1.5767519657595939	1.4130945542743503	2.077159891748937	2.7171380633343882	3.778943070616345	1.5223980074528536	2.4536976896398484	3.176916651736683	2.657192030792105	4.19982751451032	0.792195024859789	1.7274513706652794	0.5466984211796121	1.139720888578245	0.5059409340432816	1.3559996904954374	3.0953264458282743	1.614778262220493	3.4791749374009844	2.075919528310913	0.9568280620064141	3.119605960173882	1.2462285181614106	2.8278295301175054	2.6390223844997913	1.6566612605258528	1.6461396466602949	4.041820956257752	3.5055619886652543	2.211175669215108	1.5965330051391133	1.4340823815997605	3.154811464419543	1.5616532906730054	2.6935542382100164	2.38833796486298	2.917190850951944	1.736227294379817	1.7696094602761232	2.2690821128041256	2.3342525741495934	3.6744560414386944	3.610450405135671	0.7862140995580117	2.834553745265691	2.8194459205512064	2.632573412800802	3.124454610557828	0.6238070634429811	1.9544752156420329	1.8935211311972806	2.0279863272478442	1.2928877100214107	0.9265046728568538	0.9725143829013752	1.4229449233879556	2.0907244138434673	1.7462338399485897	1.529845812901113	1.3219009494044365	1.6082475750834984	2.344862085237625	1.013104039219006	2.4369106183803915	2.234411930188539	2.800805763883876
GnotobioticExp-DTT-180-S190	1.970646220736587	1.2110928312602565	2.837581341912342	3.296211539472725	1.3945154200717578	2.3669171487652125	2.2338308878150532	0.7892235882313605	0.5078909426168802	1.446047636829755	1.0555938854296152	2.1967764815504265	2.16035858946209	2.9105826686800502	2.1056999098229587	0.8583330724996179	1.018400532458506	1.1946415087795068	2.2867369144594405	2.6854304346686515	2.0292510598139204	0.0	2.0361743694195735	0.648707634193385	1.713054783648343	0.8567935901939316	1.9555982547784667	3.7714365825019085	0.8691381982562151	1.7449568216003002	1.92250556920671	1.5378669804368459	3.3917577652680206	1.853622697018223	1.891181516018559	1.5865226406950583	1.8190970051498745	2.134619970838404	1.7696042768384617	1.8591069772861637	2.4863447086398267	2.4037210780891707	2.8407615641241195	1.2344960615685736	2.205886779551239	1.3093793050550244	1.6972202526717377	1.8745281393202127	2.264715132455157	1.429681927852439	3.493644823620777	1.4883440888273192	1.924374739636958	1.1980821121154333	0.8622889631305874	2.921329020141277	2.1643797255360018	2.817454696822949	1.5570562778958452	3.320521222690551	1.3933375667603063	1.9250104491967954	2.640154857721855	3.0080710180342707	2.8210579547680377	1.58210806374847	1.6145099895393396	1.863829874247181	2.9038401229425443	1.267031142565769	2.239879702081653	2.0142008606710977	1.9393016650002233	0.29148650856702174	3.3186698703992588	2.6546401323978133	2.0864693336115736	1.5908729982100365	2.153834270287053	0.4559425346778216	0.41180489591076014	2.888536081351628	0.7240836637747786	1.6014227552406182	2.45623295462152	1.1153481217120291	2.9195063693168986	3.581703511907579	3.2184035980015615
