	Vil1.05B.FP57	Itg.02.FP409.S9	Vil1.01B.FP07	Lyz2.04B.FP243.S92	Lyz2.04B.FP245.S42	Vil1.06B.FP67	Vil1.09B.FP108	Itg.22.FP515.S18	Lyz2.05B.FP255.S52	Vil1.04B.FP43	Vil1.09B.FP106	Vil1.10B.FP120	Vil1.08B.FP96	Lyz2.08B.FP291.S89	Vil1.01B.FP09	Vil1.06B.FP69	Vil1.02B.FP19	Itg.26.FP539.S43	Itg.18.FP491.S94	Itg.16.FP481.S84	Vil1.03B.FP33	Itg.08.FP445.S46	Itg.24.FP529.S32	Vil1.07B.FP79	Itg.24.FP527.S30	Lyz2.07B.FP279.S77	Lyz2.06B.FP269.S67	Lyz2.03B.FP231.S79	Lyz2.07B.FP281.S79	Itg.08.FP443.S44	Vil1.04B.FP45	Itg.12.FP469.S71	Itg.06.FP433.S34	Lyz2.05B.FP257.S54	Vil1.08B.FP94	Vil1.02B.FP21	Itg.16.FP479.S81	Vil1.05B.FP55	Vil1.13B.FP156	Itg.12.FP467.S69	Itg.20.FP505.S8	Vil1.14B.FP166	Itg.22.FP517.S20	Lyz2.03B.FP233.S81	Lyz2.02B.FP221.S69	Vil1.07B.FP81	Itg.06.FP431.S32	Lyz2.06B.FP267.S64	Itg.02.FP407.S7	Itg.04.FP419.S19	Lyz2.01B.FP207.S55	Vil1.13B.FP154	Vil1.14B.FP168	Vil1.03B.FP31	Itg.18.FP493.S96	Itg.10.FP457.S59	Lyz2.01B.FP209.S57	Itg.10.FP455.S57	Itg.04.FP421.S21	Itg.26.FP541.S45	Lyz2.08B.FP293.S91	Itg.20.FP503.S6	Lyz2.02B.FP219.S67	Vil1.10B.FP118	SLCFP021	SLCFP069	SLCFP111	SLCFP067	SLCFP051	LYZFP317	SLCFP093	SLCFP091	LYZFP327	SLCFP073	SLCFP019a	SLCFP075	SLCFP049	LYZFP339	LYZFP315	LYZFP305	SLCFP127	SLCFP129	LYZFP351	LYZFP303	SLCFP003	SLCFP001	LYZFP353	SLCFP109	LYZFP329	LYZFP341	SLCFP163	SLCFP145	SLCFP165	SLCFP147
Vil1.05B.FP57	0.0	0.45812632021607413	1.8521816094040355	1.7658474474035601	0.7905163273278454	0.8824166937632382	3.9541541917349616	2.411297902161774	1.6350413990735195	1.5853262822529854	3.6670440813521563	3.109689018599652	1.5898045068141675	1.3281173970455626	0.7003813509050223	0.25512996032126134	1.8180464238363505	2.369467662426227	1.3987215162643998	1.0219506090638402	0.6632472058614304	0.8406173468760484	0.5755801256006123	2.3826489145845353	0.8710839638814952	1.80867820464472	0.2567969382729899	1.7754256023735253	0.8321326818424365	2.318321146403961	0.8210222222957406	0.708957898203992	0.4789884520013897	0.8790773735213421	2.4598426986916806	0.9309013741154446	2.4567696884597363	1.0236382085124511	3.428040676724632	1.2081157075389326	0.5102607900129661	3.6679037153600285	0.3001930519633482	1.4023161854846236	0.7080792272181384	0.9120859253839464	1.1217007553205918	0.5544100052445445	1.8644223717376147	0.5296777663736337	0.3833181634130396	3.0736898161166475	3.3875898439446095	2.3350118462202105	0.825575879204209	0.41831017796882236	0.5632752680270913	1.696686880782805	0.4323779927929958	0.946907439939372	0.13003438829492003	1.275419598275866	0.4787618306315651	2.9632691140672485	2.254931457938683	2.2626708824044837	1.4599023972249512	3.083694233143991	1.2524031756021032	3.066026753313312	2.2059866182468997	2.3434325968794814	3.718433461240373	2.479931478525185	2.4928720499598405	1.3900437219461184	2.060493785630306	2.6365393134669253	2.200395770926841	2.534127946637754	3.189231001910831	2.0112235110699404	1.7790344466483365	2.2457067636289945	1.809593540158027	2.9427441506688	1.4385258173133382	2.771017920078768	2.255370807908325	1.59204458535207	3.478396426536714	3.4403667214181075	2.87978230554838	1.8000437154309221
Itg.02.FP409.S9	0.45812632021607413	0.0	1.412826351352372	1.3378676774406753	0.6973316637968224	0.5315339095505265	3.516315536061279	1.9672594328036022	1.2096985459806677	1.1380683113264494	3.24100874184816	2.6543602640336177	1.4114395866886427	0.879545906329415	0.6143673949371476	0.7043556692439659	1.374611522501239	1.9318702745234604	0.9718830496053978	0.6005435346960685	0.31053694302373097	0.4164696113285572	0.2142664627107783	1.9308373577577314	0.4816704851902964	1.3692167396126755	0.21793147398436719	1.354122435439227	0.3748325167184666	1.866024771071592	0.39285493877760824	0.41486609749160136	0.18648931072060354	0.7310217060623295	2.207072437889204	0.6874221518756926	2.0013086598025494	0.589282607516636	2.9849507627537872	0.7622812056119679	0.6207006462732196	3.234683176841083	0.33877090025825424	1.1950768749053065	0.48351696426289176	0.5593105716542828	0.6757360919176285	0.4962358034345659	1.4261035715792199	0.44772504484596914	0.3348443692108654	2.6396717298892227	2.9453300578693145	1.8821054333272713	0.7569902408512218	0.37158973721723865	0.9964185043551979	1.2573481829337776	0.12033410607336767	0.5085561436772855	0.40562168230898954	0.8995451000117615	0.717675678995107	2.5865399153889634	1.8533964030167056	1.835112727362352	1.1144031761717268	2.6590363228027227	0.8874099360563934	2.7211272479716992	1.8252821646441144	1.9969070778184967	3.4541284202708917	2.1830714799034094	2.0990248285726567	1.067581591368278	1.710073043802965	2.530435280886679	2.1277389545035574	2.2051828469150885	2.8303677683137534	1.6529925706526978	1.8398983778408189	2.112516950127414	1.4717573319036414	2.582659423333436	1.7025356239816332	2.4087289591503294	2.2809278319330235	1.7284264314642919	3.1864161446776023	3.123203892574782	2.5837372053819263	1.591289525776648
Vil1.01B.FP07	1.8521816094040355	1.412826351352372	0.0	0.20458359837432746	1.50390868781452	1.2778855210659448	2.1886543710967516	0.967005535937899	0.3622015625633062	0.6198225583104889	1.9500934108019088	1.3112271878333426	1.464532609194221	0.7496943728338197	1.472066128542849	2.0790839681542344	0.11155954579134111	1.038447526605017	0.4773479776372036	0.8336306043989389	1.2065548846018497	1.0534292021032532	1.3713471017775136	0.8023117555143825	1.2063887855787714	0.8287226564083267	1.6235849352103842	0.30120623963550597	1.0685905500769601	0.6993558586548678	1.0313844903703757	1.2184218933872324	1.3803492311058796	1.4045745365085323	1.7042438341312427	1.189417016034453	0.6868857918610992	0.970736596868981	1.7981616340677156	0.7722032705711731	1.882752392680677	1.9802807434312852	1.6823683985486555	1.2704261320516759	1.3040285427982914	1.0169045136670312	0.8086588878083095	1.7070375657946972	0.8417479496486934	1.6804558774203155	1.6272596862629296	1.5693948800845037	1.6866368214137688	0.5574688198168389	1.5191577156781972	1.5356173049667396	2.321069049807479	0.16412316733595972	1.4653327133393481	0.9415677174869896	1.8094975864602754	1.0926541809750365	2.0535368179195075	1.5033002428047268	1.3698325519318484	1.1888515913614446	1.360634225321205	1.8277484196611922	1.2454172406422863	2.290540193307608	1.4924195657195203	1.7615853986036079	3.254930458130629	2.09523221796017	1.5698129189405552	1.4253607323259783	1.556807470956664	2.9624357304809563	2.7099593031334486	1.9727892358626882	2.3500490292422698	1.5151019424350118	2.768103031823419	2.5357750609706047	1.4815171018841466	2.132069936932464	2.9547313090053446	1.9866803144142187	3.104672787254457	2.7970897199608014	2.9223076269600683	2.764473524889019	2.4001648307364274	1.9783596335532536
Lyz2.04B.FP243.S92	1.7658474474035601	1.3378676774406753	0.20458359837432746	0.0	1.3477608815536615	1.2820359310364007	2.2366568075919924	1.1603249607175872	0.18753665156574179	0.726032719823494	1.9685687586125076	1.4531002854105048	1.2625556096915296	0.7918916167632662	1.3327553853306222	1.992567921216622	0.29165982040025473	1.228260359038314	0.3674702260505784	0.7558966522189531	1.10985179787874	1.0119674022491558	1.3266437461163678	0.9929685558754509	1.2007280256292552	0.9601608842937877	1.5398255241845387	0.10612198848910538	1.0163652700909545	0.8918332790714332	0.9556972555311862	1.101172736183851	1.291326116278421	1.2429427426179096	1.521938791919894	1.0367056218122426	0.8366388322281342	0.9695590007796345	1.8553601352923927	0.7887609985823889	1.8501578482539351	2.010219632494494	1.6240700572788493	1.0778930998769833	1.1710863742231055	0.8915488767835348	0.8019668025170713	1.6810306071048886	0.9838517759135006	1.6499851238654926	1.576772045025356	1.6031059761161053	1.7367696572868978	0.7292959410059238	1.3634417427651089	1.4277087806923363	2.2109449220965587	0.23639629721474759	1.4033292063163418	0.9046482462357386	1.735704827766747	1.1597155835716655	2.010002995132247	1.4220793101021447	1.5300602584972156	1.3444540793835413	1.4369676204548931	2.004044981111294	1.2970489192326538	2.472585572622987	1.6421558109671022	1.9159535439894726	3.431641826034611	2.2473182140062176	1.7418305747000977	1.4944105384997024	1.6979549687722795	3.0786497602763143	2.804547492831299	2.134833867307708	2.5289955599083593	1.6471243621072533	2.815231498509097	2.6468909775760605	1.603025342354429	2.3085599676783097	2.943346698320327	2.15869113345145	3.170406206235317	2.8213263908382022	3.099687907325154	2.9459315531419406	2.5663360877003725	2.0790846433185557
Lyz2.04B.FP245.S42	0.7905163273278454	0.6973316637968224	1.50390868781452	1.3477608815536615	0.0	1.1817099088065999	3.442598668808261	2.3045497517528832	1.194762549493505	1.5107062209208924	3.1148068417359296	2.784271693969377	0.8020346422091327	1.2936723316899634	0.23724146167925095	0.9516211426137315	1.5178463765081438	2.3088625575437467	1.0350824120195954	0.8091902704512861	0.5500559843868291	0.8834664890718015	0.8924159905431656	2.2056839493823093	1.106842790715673	1.7827144194809788	0.6965519864525042	1.3152005764778854	0.8498405294916825	2.120951826067317	0.7216632868350897	0.42767862551266883	0.5793300348804289	0.11995893046467895	1.6854759413616247	0.3422957968166306	2.144146130694615	1.0941196232871264	3.0028241129807616	1.171651287297174	1.2141959115588759	3.1534684992085635	0.9059615019788887	0.6527484450519685	0.2864809110496009	0.5330910187049483	1.0751126286975061	1.161653378136376	1.8398125940716807	1.119247021825869	0.9368254881734106	2.653450016508962	2.9223025312963684	2.0408105118184023	0.16206218482113352	0.4624806252967948	1.0009884222084162	1.3850034470575336	0.7963034798749463	0.9231573108780428	0.8623951281347603	1.4690801619060176	1.2520849806595584	2.305602701592061	2.3506311682977423	2.2593910612192727	1.7268734262954135	3.066294792036479	1.4970350712413336	3.2886366315629285	2.361770386926544	2.578647781088164	4.090446438291007	2.810592531123295	2.60399658661965	1.7043833442448653	2.2956234742469097	3.2245399444399836	2.820169985351854	2.802029753237537	3.3780806268244175	2.228381293159473	2.5019481387237548	2.8021061724123393	2.079641188398053	3.133235359608908	2.228901158990661	2.959436301350147	2.957960919686962	2.3522801729038556	3.804683141476284	3.7182632885407876	3.205406562750104	2.2735066271569178
Vil1.06B.FP67	0.8824166937632382	0.5315339095505265	1.2778855210659448	1.2820359310364007	1.1817099088065999	0.0	3.389171158840439	1.588051121445587	1.2042998551599484	0.8108263617463903	3.1617618820643667	2.395311880169224	1.78247427423144	0.5808477332343277	1.0779028343034152	1.0864009348796728	1.2027792463013824	1.5271809175659286	0.9659880785113478	0.6609191638522125	0.6608320998697086	0.3895589970618133	0.33063646067978497	1.600154018025919	0.10069016561558854	0.9888740962796778	0.6947452509034867	1.3348925076694165	0.4039304212609527	1.5532817309608538	0.5455474503094272	0.7988074388324143	0.6413270160052857	1.1832231621368616	2.475415848988758	1.0570787044791077	1.7692590806334327	0.31256698457080423	2.829888565954948	0.5069493543982145	0.6826877147553662	3.1321276287805073	0.6136020295689715	1.5389932653734353	0.9196726625363064	0.8309760319494277	0.48041308219896256	0.4778671564984845	1.0368261826570115	0.4614123488880261	0.5431188361707439	2.515509882385116	2.809341524931696	1.6422613316712888	1.2271309040130447	0.8573119780114835	1.4368465428605874	1.1198999696673508	0.47729000065226135	0.43329208853482537	0.7738897992624597	0.40727589235102124	0.8568788277030113	2.6484638647982717	1.38843313380872	1.426359565317215	0.6332901232702286	2.232778136788913	0.4116625724767709	2.2033651256458597	1.3450731375758067	1.4883647559421294	2.9277202145611816	1.661373330218767	1.620064519029028	0.5782269052173677	1.2007720625489768	2.0788248040947375	1.7097305286166684	1.685570344423791	2.3285522911328496	1.1615066641303502	1.5670304411963858	1.6479599427844507	0.9551077468000823	2.0791351059960506	1.683691195668933	1.9078814901529448	1.9643899969805116	1.5471650315281151	2.6606876380151876	2.5998376423389327	2.0590501920484767	1.0975558743160179
Vil1.09B.FP108	3.9541541917349616	3.516315536061279	2.1886543710967516	2.2366568075919924	3.442598668808261	3.389171158840439	0.0	2.158301657183958	2.3361039348488593	2.616779040248707	0.39663426417049785	1.2384648748785665	3.000425369057968	2.8108864260439193	3.4955988048376683	4.194463334462405	2.2496992623235297	2.2879051566182467	2.5888312752516227	2.9773337416691255	3.3205802120226933	3.210665267633836	3.502292733266045	2.0001619898332983	3.3181559860107672	2.560982910397558	3.711568246639701	2.2156143008380265	3.1736256903274547	1.998399841369828	3.1628951153142673	3.300118405146939	3.497945028862753	3.3310678512247724	2.4318627946561513	3.1835027044740327	1.671266689037787	3.0971085258797073	0.8466947979119206	2.896982912903593	4.031319275499826	0.42238452563337986	3.8226976981282865	2.9971555746124814	3.341393813165134	3.089494501685066	2.950291959662063	3.8365229374684544	2.5398853835483477	3.80043568775937	3.7761821867765017	1.1998258401316235	0.6591086371565733	1.816984865848575	3.4766568902604527	3.6303426794951146	4.393600389835763	2.3497933922941074	3.58863993276564	3.09482340744502	3.9215415740772532	3.1579770727692855	4.186656624543078	1.3734580684833733	2.7284219730096875	2.4562110504746957	3.2306428987535707	2.3413571904740365	3.2180793393484817	3.3026508646136827	2.9068140304601706	3.162891384204898	4.290240452648444	3.527550295146484	2.7693803010308677	3.333215279524994	3.1346243790140877	4.667499925150168	4.558360571314337	3.3153430849149768	3.1983063488853554	3.0834127268658738	4.773884260847438	4.318611843524586	3.2225154335303565	3.12776965180342	5.061602560111642	3.07656583280721	4.9853557941708075	4.860998356877375	3.9341900035236366	3.6948990902521546	3.651600703386605	3.813756542305707
Itg.22.FP515.S18	2.411297902161774	1.9672594328036022	0.967005535937899	1.1603249607175872	2.3045497517528832	1.588051121445587	2.158301657183958	0.0	1.2660603766559666	0.8313601350004087	2.080368203234699	0.9637554902902766	2.404234126363843	1.088559515089952	2.256650978872863	2.6369327936624836	0.8939793029907871	0.14401771422443962	1.3158018347525395	1.5315786437026513	1.881891097613153	1.5988811397470426	1.8418923969344376	0.21991726597267713	1.5635936752276123	0.6488056654941928	2.179331743997802	1.242528276702477	1.6005616195795216	0.3071207395793927	1.6691010773120962	1.950524234538173	2.00732821511897	2.2281755132550556	2.5734764395871923	2.022240156696254	0.6325318360649428	1.388755485514789	1.6568905813328372	1.2135073661360498	2.2599178466838548	2.0072966910969936	2.171887141999928	2.210041170624294	2.063603421559124	1.7912533928692411	1.3097516322522371	2.0625594774916456	0.5896646374366804	2.0476246330859253	2.101007144766758	1.5345547485763051	1.6488468269184697	0.5895512387324149	2.3419748121561264	2.214619972944423	2.952605296207381	1.0100624867418186	1.97935880411848	1.4960909170912786	2.3254588821068087	1.2319323306354535	2.44214382518936	2.0764171061020607	0.6708343888527194	0.5136679032129478	1.2591305691928631	0.9008594361384721	1.3162171687288269	1.418196963487653	0.8546495906375459	1.0873887245157277	2.431674617187185	1.4399167443069267	0.7499718657819736	1.3570630080362847	1.0267465192848433	2.525016212517162	2.4140223060224058	1.250281581073991	1.4441754093483994	1.0188313571528207	2.6997479134357825	2.166536129533593	1.1229613252841333	1.2567757649561833	3.1411452436333085	1.1436822931939599	2.88953903943473	2.8386065671919494	2.0797649174253183	1.8890714943040647	1.6406587335345282	1.6923861422690298
Lyz2.05B.FP255.S52	1.6350413990735195	1.2096985459806677	0.3622015625633062	0.18753665156574179	1.194762549493505	1.2042998551599484	2.3361039348488593	1.2660603766559666	0.0	0.737317731007309	2.0540483364471442	1.591582113292998	1.1382869852374364	0.7450370845111822	1.200364359684768	1.8669700255488058	0.42093252948946974	1.321068985582515	0.26895215864445116	0.6544382752718105	0.9866298959518254	0.9213368349622366	1.2193184640231924	1.1092269479427443	1.115472464368091	0.9776441994149573	1.4048941987781733	0.15714419342405464	0.8999052847241154	1.0139707933152118	0.8414594820529379	0.9703101696913714	1.1675990687436988	1.0913218921751588	1.4561315001815311	0.9008529277832955	0.963174838867349	0.8951387574375642	1.9169920194809182	0.7335120829894413	1.7531272097582091	2.0836988666713734	1.5126069753991782	0.9611620103427081	1.0299773696494343	0.7598590131543775	0.7324807913727167	1.5826845514408405	1.0124293584252553	1.5461578813853347	1.471949807582307	1.6312293477313877	1.8145848638690338	0.8696518057724685	1.2246369564721724	1.299863453096753	2.0767751901239526	0.3323647418581205	1.2853346958688383	0.8166244469443852	1.609749142165611	1.1370382494869071	1.9011926755291342	1.4548951186091892	1.5700789911911555	1.3846670033095427	1.3948839445051235	2.0820482553482274	1.2399291590763588	2.5397844887593584	1.6673604825930561	1.9459394917235888	3.4907769221961513	2.275491681562317	1.7965704089176413	1.4477417071173748	1.7156451257177654	3.0770210831531593	2.786964136163616	2.1747203192867453	2.5908017113355895	1.6527426898263309	2.759441828198702	2.644501150204865	1.604005675234271	2.3666667319637544	2.8484984578761035	2.2104009253138606	3.1195378805821816	2.7507784494251326	3.158485793822822	3.010804067334001	2.610964286709163	2.0640132271051552
Vil1.04B.FP43	1.5853262822529854	1.1380683113264494	0.6198225583104889	0.726032719823494	1.5107062209208924	0.8108263617463903	2.616779040248707	0.8313601350004087	0.737317731007309	0.0	2.421762072852679	1.58455178516957	1.7690494348743553	0.2646101513257768	1.4523640094019488	1.8147042428585918	0.5185392275609105	0.8104081884174886	0.6391372729957074	0.7302781937865216	1.0580140309784472	0.7728668260064028	1.0232979438939034	0.8016591984718201	0.7653233887054706	0.331851518264307	1.3521601630073434	0.809603943834984	0.7711335846125102	0.7472577604208047	0.8439186696600992	1.1371901618848224	1.1771292908698359	1.4479619329898439	2.1882248762934178	1.249860998570997	0.9666607184850575	0.5665551385238268	2.086260260620615	0.3837421843988961	1.4849329594695806	2.3879529413663168	1.3580857719470307	1.5439815687188994	1.255830532638114	1.0005009514987426	0.4809889754779902	1.2861572313738678	0.3671732301217332	1.2644554467631701	1.2914996262379719	1.822481761541921	2.052620538399035	0.8412471664064504	1.552098099326189	1.3873830592320107	2.123122926811202	0.5150307782199235	1.1551498003996528	0.6686727066088012	1.5055664239993296	0.5445085505635244	1.6620800418126436	2.05732207496887	0.9082178374300544	0.8200484842870183	0.7467497371592887	1.6028821450272155	0.6592775957114135	1.8586424100348675	0.9784655477910922	1.2305909154646895	2.7730910587133706	1.5431921425813007	1.1439994863165008	0.8153328828285079	0.9884051437562894	2.3694859862144666	2.116695962115001	1.4543485291971918	1.9394752891036457	0.94196052728417	2.19847388944804	1.946055770225976	0.8771900586196258	1.7002422798779764	2.4688571335823464	1.5365579102118316	2.502038418691382	2.2579139053342376	2.449827859858841	2.3196288611123608	1.8870776500351583	1.3715375901828646
Vil1.09B.FP106	3.6670440813521563	3.24100874184816	1.9500934108019088	1.9685687586125076	3.1148068417359296	3.1617618820643667	0.39663426417049785	2.080368203234699	2.0540483364471442	2.421762072852679	0.0	1.2371839458471718	2.6346524273285654	2.5930077700226106	3.1785873187722857	3.904533418554413	2.0239518361138544	2.2123285323161728	2.3154671753108573	2.7059859271556994	3.034277392672488	2.954635357910108	3.2450986224104024	1.8973269051796058	3.084156341684094	2.402983699814955	3.429029549137026	1.933775435879281	2.9135887396277025	1.877226568815763	2.8902055395742563	3.00235978512013	3.2135668946625677	3.00237606202335	2.0379812430253215	2.8666298654412965	1.5220864498156648	2.8621148534937775	0.822611389616041	2.6667446930919088	3.7815256199039062	0.3300954583430368	3.5552758788370773	2.6492604997962426	3.0329420859296183	2.792683070644188	2.7100781293936103	3.5920723061065574	2.390429252555138	3.5532829276033535	3.5139092660303137	1.0554521204306686	0.5661601059411571	1.6582918972288812	3.1480450706184264	3.3318817210576537	4.083630987460896	2.109601483323028	3.3205315045276182	2.8412387432833297	3.6436417207795158	2.964433966062198	3.929578780442398	0.9807227777926028	2.6524045533174387	2.36802935769214	3.062047750531281	2.3890615616788904	3.0247561644350194	3.330081982041867	2.8266082755749453	3.102833853031716	4.342918346530635	3.4783529197550815	2.7295128337532	3.159985331901417	3.0396607588890396	4.5874189760724935	4.441466602564615	3.2774167826426686	3.242677715911949	2.9798279752674524	4.604199741188122	4.2177555290257125	3.098020313635023	3.1438880683096038	4.834667554037948	3.071627083879032	4.84638162566783	4.667457577088898	3.9806476799259154	3.7493317345678956	3.6441132047342806	3.685531211857226
Vil1.10B.FP120	3.109689018599652	2.6543602640336177	1.3112271878333426	1.4531002854105048	2.784271693969377	2.395311880169224	1.2384648748785665	0.9637554902902766	1.591582113292998	1.58455178516957	1.2371839458471718	0.0	2.5980401573487035	1.8269505149259637	2.7764369750402316	3.3450598104481797	1.322015138998219	1.0963945102767327	1.7749203331712504	2.119697940068866	2.493815941838167	2.290997440164177	2.581031780116481	0.8367110793590224	2.345529835859925	1.489414760199267	2.8680962311130425	1.4883231989480967	2.283510016487104	0.8580965177733848	2.300857658956772	2.5164356451451595	2.6565265339658595	2.6826650375095618	2.4211594116213844	2.485734620808494	0.6557074278685292	2.132014913608934	0.9849815137689043	1.9288337062673138	3.0652677223273535	1.191623739304951	2.9142080679643834	2.4782450905663658	2.5997383430954235	2.316588018623082	2.0041894044939808	2.869322802828963	1.450452504933291	2.845560402146151	2.8519629120087004	1.0967534247432231	0.883898472708587	0.7804177106961044	2.813062594667738	2.8301691537187295	3.610333499918008	1.4525788807076738	2.6969242120635606	2.175863717713581	3.0493964166700587	2.0878338487228425	3.2426587739377712	1.5856112215070772	1.5811205224659102	1.3521201753160303	2.1627763757780776	1.2991144410146318	2.1812622010600626	2.1442085659724293	1.7682506857279743	1.9984269637825385	3.1456179779416225	2.3466861557421512	1.605808464701846	2.2639130767491205	1.9765252773876318	3.469120585512029	3.3759908573092328	2.1349770384333837	2.095759274387375	1.9537401636877423	3.6510503126378273	3.12337921261985	2.0789701247548242	1.9899428045980845	4.03551701823045	1.9291864754414112	3.849909635310147	3.771124743468047	2.7938418714449855	2.5667919298890185	2.4734988707100416	2.6552212711790943
Vil1.08B.FP96	1.5898045068141675	1.4114395866886427	1.464532609194221	1.2625556096915296	0.8020346422091327	1.78247427423144	3.000425369057968	2.404234126363843	1.1382869852374364	1.7690494348743553	2.6346524273285654	2.5980401573487035	0.0	1.6437240929804995	0.9260366770688124	1.7424575787738557	1.5332730531191765	2.4550947095469815	1.142747027067286	1.1891028041920513	1.167975794943326	1.418554405834882	1.569250072719785	2.2438852889021885	1.690861950448182	2.039461524406595	1.4715736437140687	1.1829841000810017	1.3921589481618257	2.146862565660805	1.2423646392026935	1.0344468106608518	1.2881194662243463	0.7135407633482912	0.9209357233555314	0.7586794258775044	2.039077703773957	1.57787869272841	2.7054061441282617	1.5514401529867134	1.977690593130249	2.728442241553429	1.6678448005732303	0.30043684596964126	0.9435155959887557	0.9601857558391835	1.4779487682073205	1.8991676898470282	2.0873412622544496	1.8567648587471295	1.6804651754932192	2.39468261398722	2.572091135929664	1.9678634068853187	0.7882252621577367	1.2205180393687394	1.7376604144559673	1.4221702575942423	1.5175213609257492	1.3990038790180856	1.6542829521070777	1.9457558523187168	2.0408668382411728	1.714948888282887	2.6450078343630268	2.4769090897187613	2.228853381591675	3.201484469817901	2.0149816133268224	3.62576151441805	2.708515525018763	2.9717208153074006	4.52747937691359	3.26457694978839	2.888425897934678	2.2401282246966763	2.709831959667499	3.858253964441116	3.485712572921865	3.20522242077083	3.6860882354269813	2.6380770682061123	3.246423588973687	3.421931089886003	2.539313044862898	3.4538926166362267	3.0271643802127715	3.2885795231142207	3.6881474335813924	3.123230507973408	4.21215925638086	4.086886404879719	3.6350648890372743	2.8610975976187243
Lyz2.08B.FP291.S89	1.3281173970455626	0.879545906329415	0.7496943728338197	0.7918916167632662	1.2936723316899634	0.5808477332343277	2.8108864260439193	1.088559515089952	0.7450370845111822	0.2646101513257768	2.5930077700226106	1.8269505149259637	1.6437240929804995	0.0	1.2365673187956903	1.5616321990263116	0.6671427219730978	1.0578981329609232	0.5785739015490355	0.5423830934672995	0.8262881122120584	0.5391127293783649	0.769657648225097	1.0600064172567594	0.5209165120744315	0.5124588305786052	1.0917240838183229	0.8574443585299663	0.5136800922237529	1.004479772353899	0.613390041742777	0.9162091327545668	0.9319057971243294	1.2431112946912954	2.154616026259552	1.0620862089606715	1.192493881315686	0.3211951145171209	2.2637843197413337	0.16380003229941048	1.249653931655389	2.560725137461788	1.108401205162207	1.4153287353773198	1.0353920823767992	0.8051282830692871	0.25862684639955763	1.0470571127453563	0.5652565338687283	1.0197091711822737	1.0458957247097536	1.9679904671929405	2.234513735377241	1.0725776344327362	1.344227562772804	1.14786377987008	1.870505102091094	0.6111281460355714	0.8989643059828568	0.43922583187061087	1.2483382558279499	0.43225221489449556	1.4185451393221002	2.1478960113900354	1.0692571755795817	1.0054231740655002	0.6635811603628629	1.816781707162581	0.5055148368629495	2.015450540288174	1.101011048975233	1.3371331762758432	2.887639820736118	1.6216554820238456	1.317146964526334	0.7082502473615143	1.0688662607507529	2.3438812012794332	2.0510562567315245	1.5656631761957975	2.101232526748817	1.0103158913245782	2.054280630868876	1.9138437477184893	0.904378907592852	1.8571262528384955	2.2569206851024424	1.6867551903560587	2.386227302867574	2.083700264755874	2.57513106734272	2.4627801827701568	1.9923433395421764	1.324528348524934
Vil1.01B.FP09	0.7003813509050223	0.6143673949371476	1.472066128542849	1.3327553853306222	0.23724146167925095	1.0779028343034152	3.4955988048376683	2.256650978872863	1.200364359684768	1.4523640094019488	3.1785873187722857	2.7764369750402316	0.9260366770688124	1.2365673187956903	0.0	0.8485953372578801	1.4761723679089382	2.2569787349746604	1.0041043811944117	0.7272188523551733	0.43424695995850926	0.7698874556531811	0.7849027733359635	2.16809237295921	1.012760669752878	1.7420967148922546	0.6261588539271146	1.315992672367441	0.7871655774935181	2.0823691348667257	0.6310436183495798	0.3210391673643949	0.45327848528664194	0.26777632256345535	1.8169486955371001	0.31253262054852116	2.1352442650418793	1.0061819347852268	3.0719128359066783	1.096217529243341	1.0791788970881997	3.225556296104159	0.7771151245212703	0.7157235351972434	0.21929560094968845	0.4721816915895278	0.9950264036081167	1.0436376046893545	1.7956966863649275	1.0120236776206304	0.7992523568030708	2.73780302132153	2.9830633973208527	2.016756743695709	0.16919337034329823	0.30950883527185336	0.9347010438535673	1.3412821576400895	0.6910871517336947	0.826509370346027	0.7663785352657969	1.358882468854916	1.1383053198903832	2.3929023696107232	2.2995054727706052	2.231478570433474	1.6631902556591285	3.040223557706226	1.4284985576918887	3.2071157236080476	2.3079401733983107	2.5075519135475592	3.9861098346211716	2.7217151733162566	2.5469230970353958	1.6323678575210214	2.2213176879598358	3.097757769244061	2.688756111484168	2.7196852241171228	3.3162352058178053	2.1683023088181663	2.3765032762020577	2.671477246298983	1.9971572043573773	3.067939265138349	2.120605761148686	2.8959111034000786	2.8514299433974593	2.22796301466513	3.71128956510125	3.6320643638347043	3.113357875553156	2.1625288735201167
Vil1.06B.FP69	0.25512996032126134	0.7043556692439659	2.0790839681542344	1.992567921216622	0.9516211426137315	1.0864009348796728	4.194463334462405	2.6369327936624836	1.8669700255488058	1.8147042428585918	3.904533418554413	3.3450598104481797	1.7424575787738557	1.5616321990263116	0.8485953372578801	0.0	2.044883431013203	2.5925104717767944	1.6266355994406267	1.2458927727166007	0.8833341233474542	1.0614632713046426	0.7977606867694232	2.6131707200607472	1.0886193991667723	2.040356466820105	0.5114069124536156	2.0028245250230476	1.074474528827716	2.548489161002659	1.0509251809181883	0.918120349436898	0.7021125865873259	1.0498401166417057	2.636641159095589	1.1175685745089348	2.6940545305292156	1.2494273440968016	3.6795927407297775	1.4367989677578068	0.568343765661919	3.9126066937597512	0.474599454093161	1.5616390008170735	0.906992344232469	1.127735549857855	1.3504096193453734	0.6945496156750476	2.094152061290179	0.6896954108516539	0.5523480660467702	3.326918852697087	3.6346501085745304	2.5675427795647807	0.961163310718039	0.5972935856988937	0.3724754489767761	1.9224572246966607	0.6638141036855782	1.1728755017197927	0.33196774338847823	1.4717569056589328	0.47482452797159774	3.18410341123742	2.468485546718423	2.492136472688079	1.6608275628560094	3.3090032476898066	1.461975601916372	3.242545354826612	2.412113117227376	2.5298143581027848	3.849352585916389	2.639068359179147	2.7000316362520285	1.581896199211837	2.249870053273526	2.694400956722646	2.2458991596189204	2.70786475264284	3.37809476896447	2.209325328057148	1.7680025579150778	2.319443739942458	1.9945497453855836	3.13204940424512	1.3244260388408087	2.9628454115447194	2.262976000579582	1.5442834267108383	3.6267202253425577	3.6021140715979856	3.0339759128296104	1.9236952759793617
Vil1.02B.FP19	1.8180464238363505	1.374611522501239	0.11155954579134111	0.29165982040025473	1.5178463765081438	1.2027792463013824	2.2496992623235297	0.8939793029907871	0.42093252948946974	0.5185392275609105	2.0239518361138544	1.322015138998219	1.5332730531191765	0.6671427219730978	1.4761723679089382	2.044883431013203	0.0	0.9557553625447545	0.4828982484650587	0.8063908980338882	1.1837978219830914	1.0024904651746478	1.3179110253622002	0.7457738973772698	1.1360607385381276	0.732144072894232	1.5887492235235874	0.3929041942457892	1.0220250950746612	0.6451658838863229	0.9983560352004497	1.208357117290735	1.3511890275797405	1.4237459989386398	1.807222195117754	1.2051791039313917	0.6905242404846392	0.9011039084118826	1.8386828802940791	0.6982430080310661	1.8213646452989911	2.0435999812395327	1.6343507880671528	1.3280527085054723	1.3030127523010275	1.0145196710944178	0.7444363333555755	1.642726731002906	0.7437560384162047	1.6181638927100686	1.57579314280325	1.6098041464224104	1.739226797325496	0.548852466253466	1.5348543883807038	1.5173714171510981	2.3005077410498727	0.13526557764400632	1.419996953126179	0.8897330993570437	1.7684837426752393	0.995860842253372	1.9962559586939108	1.6070313206490998	1.2727638822648697	1.1050133036751157	1.2635434532331484	1.7617360415418701	1.1546329875667096	2.191762756188962	1.392322502177373	1.657009616531866	3.150142419352364	1.9870630382310281	1.474335061420138	1.3287959040372288	1.4500782546894722	2.8524472992641683	2.6033462911305376	1.8669856805181895	2.2574029939568825	1.411765569966913	2.6732924501061053	2.426521306622249	1.3740093014967	2.0362218442589612	2.880909678639484	1.889361710028609	3.0044788656302246	2.709849975374765	2.8194414128579592	2.664847365838108	2.2938164425868206	1.8713174168478788
Itg.26.FP539.S43	2.369467662426227	1.9318702745234604	1.038447526605017	1.228260359038314	2.3088625575437467	1.5271809175659286	2.2879051566182467	0.14401771422443962	1.321068985582515	0.8104081884174886	2.2123285323161728	1.0963945102767327	2.4550947095469815	1.0578981329609232	2.2569787349746604	2.5925104717767944	0.9557553625447545	0.0	1.347407198071914	1.5306818937606177	1.8678180932698842	1.5718736988231834	1.796537634903912	0.3510193854331036	1.509890827556922	0.591521852267598	2.1404423626097766	1.3128314935887344	1.5713870414860835	0.4276629107438073	1.6539683009970985	1.945138811435882	1.9826681123465213	2.2384977360020204	2.6629340835491595	2.036126877482105	0.7620451216508541	1.3507169254362106	1.760517665244931	1.1885000650781534	2.194551703256399	2.1295714956971934	2.1231754411546993	2.2546918233818745	2.0616872632621184	1.7969418420594192	1.2879054369718121	1.9967477978412613	0.5280021424425418	1.9834337147155348	2.0514047491872485	1.6245816059969542	1.7682239275055098	0.7137798764470951	2.3497870787742294	2.1954692361854407	2.917319318315455	1.0613998887025622	1.9374492919942028	1.4738910341026086	2.278113516586318	1.1644185434734866	2.3753291087394186	2.1976855115508345	0.5309564026590791	0.4102101606031199	1.1568936284614528	0.8555493795328378	1.2333443858668818	1.299974652423031	0.7141963310881194	0.9434582136268848	2.311077179360472	1.29759543696355	0.6135657333031774	1.2550339906997354	0.8873474124694481	2.3878941863446523	2.283045962747807	1.1094442028412286	1.3329887922416235	0.882945587326655	2.5813784315909807	2.033815268139504	0.9959192399397726	1.135164648583078	3.0437980896730217	1.0142637736937588	2.7578865297969806	2.7290796758724074	1.9587333744338362	1.7736339840863962	1.5057685772721017	1.5641900060948106
Itg.18.FP491.S94	1.3987215162643998	0.9718830496053978	0.4773479776372036	0.3674702260505784	1.0350824120195954	0.9659880785113478	2.5888312752516227	1.3158018347525395	0.26895215864445116	0.6391372729957074	2.3154671753108573	1.7749203331712504	1.142747027067286	0.5785739015490355	1.0041043811944117	1.6266355994406267	0.4828982484650587	1.347407198071914	0.0	0.3926993782859885	0.7449910379028815	0.6611484660283022	0.969773682910288	1.1930242702729938	0.8782798171134029	0.9337816479701062	1.1734080518934729	0.392023856246543	0.6647351470950911	1.1009281078417141	0.5895097931247327	0.7461676913525462	0.9248081368500739	0.9419163366640444	1.6189952592362433	0.7281240640651584	1.132147507536016	0.660319200148669	2.1561576805181693	0.5197116478331087	1.496051913437655	2.342746391021725	1.2600543082275086	0.9164364558933761	0.8281916438271683	0.5424413048039239	0.49703863087889455	1.3318605157866406	0.9745803369623608	1.2989774948304034	1.2157858214523418	1.8658802262064178	2.0637212529070306	1.0134812205489183	1.0573571689132475	1.0690221305429466	1.853247018077433	0.3513740538504574	1.038945975383356	0.559906283773539	1.3685082315704515	0.9308925829326781	1.6498573981727114	1.7142653881346337	1.5350765401151487	1.3956124616434638	1.238604801694148	2.1435769520764074	1.0583960218868074	2.4928101803349776	1.609426417845429	1.8664853324126567	3.4047680669829194	2.1689944087272024	1.7702436312693623	1.275166397708524	1.6148422384587517	2.8922106677998882	2.5809374891901062	2.0910845427644147	2.568567373921363	1.560041291798353	2.5246204710724065	2.453934400227705	1.4704582873174363	2.3333150978233355	2.5979110644758427	2.171258406008047	2.9058137925956147	2.505481290573557	3.0863080414203448	2.956122977446527	2.521137859311203	1.880390703002051
Itg.16.FP481.S84	1.0219506090638402	0.6005435346960685	0.8336306043989389	0.7558966522189531	0.8091902704512861	0.6609191638522125	2.9773337416691255	1.5315786437026513	0.6544382752718105	0.7302781937865216	2.7059859271556994	2.119697940068866	1.1891028041920513	0.5423830934672995	0.7272188523551733	1.2458927727166007	0.8063908980338882	1.5306818937606177	0.3926993782859885	0.0	0.3781463645036827	0.2948583644267918	0.596538508905087	1.4532977351982619	0.5733614163411159	1.0357848069455629	0.8050584200763852	0.7830055968724225	0.3410909500060192	1.3718434606941556	0.2078071725484424	0.4236707075549816	0.5474204204235603	0.7481537123453466	1.8491615770693923	0.5381825902205201	1.471386083289322	0.41016682461056	2.5146648375699345	0.4016715557744277	1.1120743488834046	2.725234889031811	0.870746985928927	0.9311369378514911	0.5437573705304395	0.2841315888757264	0.310567392032604	0.9609029560347971	1.0847170824520993	0.9301234567613282	0.8263696466672834	2.206689321396365	2.439668530387265	1.3425685236717617	0.829512563991597	0.7136923862924737	1.4944381193231946	0.6794904447413833	0.6579856477640321	0.22978581816515048	0.9868342432448118	0.7594702149273979	1.2644387071301273	2.081362277843436	1.6072783347326154	1.5305015544072138	1.104236179561714	2.3271873252722477	0.8842177714638608	2.5327906532311038	1.6393945521989604	1.8595751310385993	3.374287182897357	2.114085909119835	1.8504519677391595	1.1069664863922992	1.582644590989075	2.6906990085472358	2.3401242776012094	2.07711662552884	2.6343646820647795	1.5336123589597543	2.2091445792146853	2.250072205918457	1.3882942387011663	2.3884289892158983	2.2237172169400714	2.219563526638115	2.6237912346302616	2.16093303565085	3.077855505844427	2.9760453480286886	2.4906167960870778	1.691037224048799
Vil1.03B.FP33	0.6632472058614304	0.31053694302373097	1.2065548846018497	1.10985179787874	0.5500559843868291	0.6608320998697086	3.3205802120226933	1.881891097613153	0.9866298959518254	1.0580140309784472	3.034277392672488	2.493815941838167	1.167975794943326	0.8262881122120584	0.43424695995850926	0.8833341233474542	1.1837978219830914	1.8678180932698842	0.7449910379028815	0.3781463645036827	0.0	0.3408806191092029	0.41408038074117415	1.8171420338721311	0.5880311599638478	1.3376483406792996	0.46898935833544536	1.1201139366096942	0.36508229510241114	1.7399485187947283	0.21436598500777823	0.1400819351908892	0.1873198353443107	0.5398811249691149	1.9606830731426665	0.4156386965636638	1.842761416699256	0.5741001597534661	2.8445710540038136	0.6844142168532491	0.8622514403756492	3.053406034343138	0.572891076704731	0.9236727294110619	0.2688722890925294	0.27074832738250465	0.5831606297411744	0.7540297295287871	1.391315389756824	0.7189931344737571	0.5552802874708814	2.514798986312608	2.777274123583524	1.7180625671439718	0.5749412639198749	0.33931993287138756	1.1175376391161747	1.0557122414774718	0.38703188457577786	0.4046632537595955	0.6513268777029408	0.9299011382764951	0.9794744824752334	2.348862559909261	1.8764903964452202	1.8269927629503344	1.2345772530447963	2.641974546223669	0.999446666888364	2.7755798576454143	1.8787413999184042	2.0736350866188094	3.5577399476287366	2.2895046301424706	2.122696621094772	1.2069475233802556	1.7871847267969343	2.7191674061760978	2.329060151727399	2.2857180328945725	2.8857107241530606	1.7358146940325425	2.087910503034948	2.2872540816539515	1.5634072894496038	2.6369402447684234	1.9722864714225068	2.464762598304028	2.5365494622040266	1.9872353224193289	3.279152575173413	3.1990519130151958	2.6810197276612566	1.7552369623165387
